1.591878125504626989e+09
1.591878125706449032e+09
1.591878125903934002e+09
1.591878126104023933e+09
1.591878126305942059e+09
1.591878126506177902e+09
1.591878126706823111e+09
1.591878126906045914e+09
1.591878127106379986e+09
1.591878127467535019e+09
1.591878127540708065e+09
1.591878127704725981e+09
1.591878127904299021e+09
1.591878128104258060e+09
1.591878128304744005e+09
1.591878128503774881e+09
1.591878128706123114e+09
1.591878128906089067e+09
1.591878129104342937e+09
1.591878129302855968e+09
1.591878129503690004e+09
1.591878129703227997e+09
1.591878129902786016e+09
1.591878130103157043e+09
1.591878130304864883e+09
1.591878130504987955e+09
1.591878130704986095e+09
1.591878130903187037e+09
1.591878131103548050e+09
1.591878131305366993e+09
1.591878131505510092e+09
1.591878131705132961e+09
1.591878131903201103e+09
1.591878132103212118e+09
1.591878132301929951e+09
1.591878132503823996e+09
1.591878132703974009e+09
1.591878132902314901e+09
1.591878133103461981e+09
1.591878133303442955e+09
1.591878133502201080e+09
1.591878133701952934e+09
1.591878133903924942e+09
1.591878134102917910e+09
1.591878134302371979e+09
1.591878134502218962e+09
1.591878134705777884e+09
1.591878134903458118e+09
1.591878135104059935e+09
1.591878135305315018e+09
1.591878135502453089e+09
1.591878135702375889e+09
1.591878135900803089e+09
1.591878136102240086e+09
1.591878136302460909e+09
1.591878136502619982e+09
1.591878136702770948e+09
1.591878136902236938e+09
1.591878137099416018e+09
1.591878137461746931e+09
1.591878137542582989e+09
1.591878137698601961e+09
1.591878137900636911e+09
1.591878138101289988e+09
1.591878138300750017e+09
1.591878138503397942e+09
1.591878138701248884e+09
1.591878138903258085e+09
1.591878139102245092e+09
1.591878139302162886e+09
1.591878139500998974e+09
1.591878139699310064e+09
1.591878139898926020e+09
1.591878140099402905e+09
1.591878140301258087e+09
1.591878140499491930e+09
1.591878140701181889e+09
1.591878140899837971e+09
1.591878141099302053e+09
1.591878141301561117e+09
1.591878141499274015e+09
1.591878141701797962e+09
1.591878141899538994e+09
1.591878142101638079e+09
1.591878142430119991e+09
1.591878142512617111e+09
1.591878142701931953e+09
1.591878142899389029e+09
1.591878143097969055e+09
1.591878143298554897e+09
1.591878143500513077e+09
1.591878143699558973e+09
1.591878143898438931e+09
1.591878144098211050e+09
1.591878144300353050e+09
1.591878144498018980e+09
1.591878144698003054e+09
1.591878144897864103e+09
1.591878145098613024e+09
1.591878145298343897e+09
1.591878145500260115e+09
1.591878145700639009e+09
1.591878145898829937e+09
1.591878146098709106e+09
1.591878146298816919e+09
1.591878146498806953e+09
1.591878146696407080e+09
1.591878146899274111e+09
1.591878147098612070e+09
1.591878147299537897e+09
1.591878147498775959e+09
1.591878147699662924e+09
1.591878147898986101e+09
1.591878148096771955e+09
1.591878148297151089e+09
1.591878148496967077e+09
1.591878148696515083e+09
1.591878148896722078e+09
1.591878149098372936e+09
1.591878149297665119e+09
1.591878149498132944e+09
1.591878149698205948e+09
1.591878149896725893e+09
1.591878150098942041e+09
1.591878150295181036e+09
1.591878150497118950e+09
1.591878150697130919e+09
1.591878150895600080e+09
1.591878151095355034e+09
1.591878151295849085e+09
1.591878151497222900e+09
1.591878151695581913e+09
1.591878151897283077e+09
1.591878152096000910e+09
1.591878152296895027e+09
1.591878152494260073e+09
1.591878152697637081e+09
1.591878152895627975e+09
1.591878153093259096e+09
1.591878153296442986e+09
1.591878153495615005e+09
1.591878153695637941e+09
1.591878153895818949e+09
1.591878154093638897e+09
1.591878154296655893e+09
1.591878154493854046e+09
1.591878154696096897e+09
1.591878154893763065e+09
1.591878155093554020e+09
1.591878166473190069e+09
1.591878166681391001e+09
1.591878166881534100e+09
1.591878167082603931e+09
1.591878167281829119e+09
1.591878167479208946e+09
1.591878167682935953e+09
1.591878167881561041e+09
1.591878168081780910e+09
1.591878168281666994e+09
1.591878168479855061e+09
1.591878168682024956e+09
1.591878168882002115e+09
1.591878169079714060e+09
1.591878169282164097e+09
1.591878169480084896e+09
1.591878169682404041e+09
1.591878169879971981e+09
1.591878170082484961e+09
1.591878170280003071e+09
1.591878170478915930e+09
1.591878170680250883e+09
1.591878170878545046e+09
1.591878171080430984e+09
1.591878171278491974e+09
1.591878171478379965e+09
1.591878171678860903e+09
1.591878171879102945e+09
1.591878172081537008e+09
1.591878172280879021e+09
1.591878172481772900e+09
1.591878172682205915e+09
1.591878172879875898e+09
1.591878173079834938e+09
1.591878173281836033e+09
1.591878173481429100e+09
1.591878173680825949e+09
1.591878173880995989e+09
1.591878174079617977e+09
1.591878174280842066e+09
1.591878174480313063e+09
1.591878174678558111e+09
1.591878174880556107e+09
1.591878175080168009e+09
1.591878175278145075e+09
1.591878175480058908e+09
1.591878175680088043e+09
1.591878175879575014e+09
1.591878176078463078e+09
1.591878176278302908e+09
1.591878176478607893e+09
1.591878176679128885e+09
1.591878176878175974e+09
1.591878177079689026e+09
1.591878177280160904e+09
1.591878177478130102e+09
1.591878177675947905e+09
1.591878178016765118e+09
1.591878178129409075e+09
1.591878178276592970e+09
1.591878178476386070e+09
1.591878178678273916e+09
1.591878178877764940e+09
1.591878179078720093e+09
1.591878179278846025e+09
1.591878179479006052e+09
1.591878179678930998e+09
1.591878179878084898e+09
1.591878180076596022e+09
1.591878180276282072e+09
1.591878180477061987e+09
1.591878180679260969e+09
1.591878180878353119e+09
1.591878181077433109e+09
1.591878181276839018e+09
1.591878181476501942e+09
1.591878181676457882e+09
1.591878181877532959e+09
1.591878182075294971e+09
1.591878182275093079e+09
1.591878182475539923e+09
1.591878182675157070e+09
1.591878183017743111e+09
1.591878183125897884e+09
1.591878183272448063e+09
1.591878183477345943e+09
1.591878183675968885e+09
1.591878183877475977e+09
1.591878184078464985e+09
1.591878184277606964e+09
1.591878184475326061e+09
1.591878184676177979e+09
1.591878184873089075e+09
1.591878185074244022e+09
1.591878185276015997e+09
1.591878185474199057e+09
1.591878185675621033e+09
1.591878185875333071e+09
1.591878186073937893e+09
1.591878186273682117e+09
1.591878186474689960e+09
1.591878186675865889e+09
1.591878186876135111e+09
1.591878187073782921e+09
1.591878187275428057e+09
1.591878187474891901e+09
1.591878187674722910e+09
1.591878188033736944e+09
1.591878188137691021e+09
1.591878188287468910e+09
1.591878188471931934e+09
1.591878188672430038e+09
1.591878188874476910e+09
1.591878189071069002e+09
1.591878189273868084e+09
1.591878189472512007e+09
1.591878189670665979e+09
1.591878189872117043e+09
1.591878190074697018e+09
1.591878190272383928e+09
1.591878190474347115e+09
1.591878190672131062e+09
1.591878190874428988e+09
1.591878191074335098e+09
1.591878191275692940e+09
1.591878191473037958e+09
1.591878191672470093e+09
1.591878191873189926e+09
1.591878192070228100e+09
1.591878192273626089e+09
1.591878192471535921e+09
1.591878192671808958e+09
1.591878192871623039e+09
1.591878193070753098e+09
1.591878193271183014e+09
1.591878193470613956e+09
1.591878193670954943e+09
1.591878193870804071e+09
1.591878194071021080e+09
1.591878194273150921e+09
1.591878194469657898e+09
1.591878194671394110e+09
1.591878194871815920e+09
1.591878195071424007e+09
1.591878195272011995e+09
1.591878195467602968e+09
1.591878195670278072e+09
1.591878195871576071e+09
1.591878196069693089e+09
1.591878207240365028e+09
1.591878207457947016e+09
1.591878207656013012e+09
1.591878207859355927e+09
1.591878208059339046e+09
1.591878208258728981e+09
1.591878208459820986e+09
1.591878208658303022e+09
1.591878208857528925e+09
1.591878209057413101e+09
1.591878209256467104e+09
1.591878209456163883e+09
1.591878209655982971e+09
1.591878209855403900e+09
1.591878210058223963e+09
1.591878210257780075e+09
1.591878210459394932e+09
1.591878210656008005e+09
1.591878210855207920e+09
1.591878211055536032e+09
1.591878211255691051e+09
1.591878211456696987e+09
1.591878211657655001e+09
1.591878211856149912e+09
1.591878212056457996e+09
1.591878212255358934e+09
1.591878212455779076e+09
1.591878212655955076e+09
1.591878212854290009e+09
1.591878213174911022e+09
1.591878213303442955e+09
1.591878213456471920e+09
1.591878213654453039e+09
1.591878213858047009e+09
1.591878214055321932e+09
1.591878214254720926e+09
1.591878214454308987e+09
1.591878214657635927e+09
1.591878214856995106e+09
1.591878215054235935e+09
1.591878215254868031e+09
1.591878215453896046e+09
1.591878215654563904e+09
1.591878215853965998e+09
1.591878216054878950e+09
1.591878216253734112e+09
1.591878216455406904e+09
1.591878216656179905e+09
1.591878216855459929e+09
1.591878217052903891e+09
1.591878217253181934e+09
1.591878217453424931e+09
1.591878217653126001e+09
1.591878217856151104e+09
1.591878218158370018e+09
1.591878218320528984e+09
1.591878218469508886e+09
1.591878218654855967e+09
1.591878218853409052e+09
1.591878219053345919e+09
1.591878219254218102e+09
1.591878219453486919e+09
1.591878219653606892e+09
1.591878219853507996e+09
1.591878220052340031e+09
1.591878220251404047e+09
1.591878220453644991e+09
1.591878220651185036e+09
1.591878220853712082e+09
1.591878221051526070e+09
1.591878221254072905e+09
1.591878221451761961e+09
1.591878221653923035e+09
1.591878221851746082e+09
1.591878222053488970e+09
1.591878222253509045e+09
1.591878222451929092e+09
1.591878222652975082e+09
1.591878222852009058e+09
1.591878223055489063e+09
1.591878223251014948e+09
1.591878223450898886e+09
1.591878223649863005e+09
1.591878223851547003e+09
1.591878224054090023e+09
1.591878224251048088e+09
1.591878224453212976e+09
1.591878224649770021e+09
1.591878224849283934e+09
1.591878225053273916e+09
1.591878225252724886e+09
1.591878225453536987e+09
1.591878225652177095e+09
1.591878225851011992e+09
1.591878226052896976e+09
1.591878226251329899e+09
1.591878226450958014e+09
1.591878226649854898e+09
1.591878226851012945e+09
1.591878227049531937e+09
1.591878227249900103e+09
1.591878227449424982e+09
1.591878227649410963e+09
1.591878227851262093e+09
1.591878228051858902e+09
1.591878228251280069e+09
1.591878228451304913e+09
1.591878228653465986e+09
1.591878228849066019e+09
1.591878229051753044e+09
1.591878229248941898e+09
1.591878229449029922e+09
1.591878229647769928e+09
1.591878229850562096e+09
1.591878230047924995e+09
1.591878230247524977e+09
1.591878230449800014e+09
1.591878230648286104e+09
1.591878230847601891e+09
1.591878231049490929e+09
1.591878231249593019e+09
1.591878231448332071e+09
1.591878231649106026e+09
1.591878231847467899e+09
1.591878232051084995e+09
1.591878232248311996e+09
1.591878232445888996e+09
1.591878232647902012e+09
1.591878232850054026e+09
1.591878233048562050e+09
1.591878233242870092e+09
1.591878233447583914e+09
1.591878233646028042e+09
1.591878233845834017e+09
1.591878234049323082e+09
1.591878234248404026e+09
1.591878234448399067e+09
1.591878234646567106e+09
1.591878234846326113e+09
1.591878235046176910e+09
1.591878235248606920e+09
1.591878235446037054e+09
1.591878235646411896e+09
1.591878235846077919e+09
1.591878236049058914e+09
1.591878236245291948e+09
1.591878236445383072e+09
1.591878236646657944e+09
1.591878236844546080e+09
1.591878237045551062e+09
1.591878248408261061e+09
1.591878248716577053e+09
1.591878248860512972e+09
1.591878249034183025e+09
1.591878249232366085e+09
1.591878249432363033e+09
1.591878249640471935e+09
1.591878249834283113e+09
1.591878250032254934e+09
1.591878250236126900e+09
1.591878250432991982e+09
1.591878250633280039e+09
1.591878250832541943e+09
1.591878251030786991e+09
1.591878251232790947e+09
1.591878251433362961e+09
1.591878251631947994e+09
1.591878251830828905e+09
1.591878252030745029e+09
1.591878252232817888e+09
1.591878252434875011e+09
1.591878252636990070e+09
1.591878252831306934e+09
1.591878253034691095e+09
1.591878253234224081e+09
1.591878253431489944e+09
1.591878253627650023e+09
1.591878253832910061e+09
1.591878254032542944e+09
1.591878254231550932e+09
1.591878254433197021e+09
1.591878254632960081e+09
1.591878254831589937e+09
1.591878255032552958e+09
1.591878255231792927e+09
1.591878255430701971e+09
1.591878255633065939e+09
1.591878255831073999e+09
1.591878256034257889e+09
1.591878256232943058e+09
1.591878256432122946e+09
1.591878256632215023e+09
1.591878256831381083e+09
1.591878257030381918e+09
1.591878257232382059e+09
1.591878257432054043e+09
1.591878257632040977e+09
1.591878257831343889e+09
1.591878258029736042e+09
1.591878258229391098e+09
1.591878258431286097e+09
1.591878258629350901e+09
1.591878258839989901e+09
1.591878259031239033e+09
1.591878259234158039e+09
1.591878259429815054e+09
1.591878259632086992e+09
1.591878259830169916e+09
1.591878260032968998e+09
1.591878260231889009e+09
1.591878260431996107e+09
1.591878260631522894e+09
1.591878260831526995e+09
1.591878261030308008e+09
1.591878261229617119e+09
1.591878261431478977e+09
1.591878261628920078e+09
1.591878261831612110e+09
1.591878262029186964e+09
1.591878262226645947e+09
1.591878262427093029e+09
1.591878262630219936e+09
1.591878262827398062e+09
1.591878263027151108e+09
1.591878263227310896e+09
1.591878263426675081e+09
1.591878263629290104e+09
1.591878263827475071e+09
1.591878264027312994e+09
1.591878264227202892e+09
1.591878264428786039e+09
1.591878264627799034e+09
1.591878264828387976e+09
1.591878265028192043e+09
1.591878265228437901e+09
1.591878265428534985e+09
1.591878265626950026e+09
1.591878265826476097e+09
1.591878266027384043e+09
1.591878266226933956e+09
1.591878266427231073e+09
1.591878266629981995e+09
1.591878266826545954e+09
1.591878267026305914e+09
1.591878267227596045e+09
1.591878267429246902e+09
1.591878267628074884e+09
1.591878267827650070e+09
1.591878268027002096e+09
1.591878268227602005e+09
1.591878268427552938e+09
1.591878268626779079e+09
1.591878268826185942e+09
1.591878269025388956e+09
1.591878269225042105e+09
1.591878269424752951e+09
1.591878269629086971e+09
1.591878269825059891e+09
1.591878270025489092e+09
1.591878270226939917e+09
1.591878270427001953e+09
1.591878270626532078e+09
1.591878270826157093e+09
1.591878271026463032e+09
1.591878271225395918e+09
1.591878271425343990e+09
1.591878271624481916e+09
1.591878271824019909e+09
1.591878272028633118e+09
1.591878272226955891e+09
1.591878272425647020e+09
1.591878272623737097e+09
1.591878272825099945e+09
1.591878273024646997e+09
1.591878273226789951e+09
1.591878273426783085e+09
1.591878273754724979e+09
1.591878273911750078e+09
1.591878274061822891e+09
1.591878274223784924e+09
1.591878274425815105e+09
1.591878274625101089e+09
1.591878274824584007e+09
1.591878275024640083e+09
1.591878275225486040e+09
1.591878275423854113e+09
1.591878275625374079e+09
1.591878275823446989e+09
1.591878276022521019e+09
1.591878276223524094e+09
1.591878276424324989e+09
1.591878276625088930e+09
1.591878276825094938e+09
1.591878277024761915e+09
1.591878277225708008e+09
1.591878277421425104e+09
1.591878277624458075e+09
1.591878277824273109e+09
1.591878278025003910e+09
1.591878289375413895e+09
1.591878289608306885e+09
1.591878289809381962e+09
1.591878290008150101e+09
1.591878290209696054e+09
1.591878290409004927e+09
1.591878290609463930e+09
1.591878290807595968e+09
1.591878291007111073e+09
1.591878291212740898e+09
1.591878291409532070e+09
1.591878291608809948e+09
1.591878291807868004e+09
1.591878292008841991e+09
1.591878292209037066e+09
1.591878292408593893e+09
1.591878292606139898e+09
1.591878292810158968e+09
1.591878293007298946e+09
1.591878293208967924e+09
1.591878293407064915e+09
1.591878293606091976e+09
1.591878293807445049e+09
1.591878294008090973e+09
1.591878294201720953e+09
1.591878294407869101e+09
1.591878294606642008e+09
1.591878294806816101e+09
1.591878295006264925e+09
1.591878295208076000e+09
1.591878295407058954e+09
1.591878295606324911e+09
1.591878295808228970e+09
1.591878296006344080e+09
1.591878296206482887e+09
1.591878296403812885e+09
1.591878296603625059e+09
1.591878296804928064e+09
1.591878297002424002e+09
1.591878297207550049e+09
1.591878297404401064e+09
1.591878297605798960e+09
1.591878297806178093e+09
1.591878298006656885e+09
1.591878298204847097e+09
1.591878298406951904e+09
1.591878298604490042e+09
1.591878298806272984e+09
1.591878299005414009e+09
1.591878299346903086e+09
1.591878299505054951e+09
1.591878299703155041e+09
1.591878299873913050e+09
1.591878300035725117e+09
1.591878300215307951e+09
1.591878300405045986e+09
1.591878300605257034e+09
1.591878300803333044e+09
1.591878301004053116e+09
1.591878301205622911e+09
1.591878301405829906e+09
1.591878301605030060e+09
1.591878301806334019e+09
1.591878302001262903e+09
1.591878302203254938e+09
1.591878302403970003e+09
1.591878302603483915e+09
1.591878302804872036e+09
1.591878303004024029e+09
1.591878303203811884e+09
1.591878303401539087e+09
1.591878303602255106e+09
1.591878303804625988e+09
1.591878304001782894e+09
1.591878304343272924e+09
1.591878304510405064e+09
1.591878304718300104e+09
1.591878304885322094e+09
1.591878305051034927e+09
1.591878305228765965e+09
1.591878305399794102e+09
1.591878305604470968e+09
1.591878305805160046e+09
1.591878306004024029e+09
1.591878306202282906e+09
1.591878306402002096e+09
1.591878306602226973e+09
1.591878306800466061e+09
1.591878306998359919e+09
1.591878307200068951e+09
1.591878307400643110e+09
1.591878307599735022e+09
1.591878307803337097e+09
1.591878308004477978e+09
1.591878308200824022e+09
1.591878308405073881e+09
1.591878308603821993e+09
1.591878308801239014e+09
1.591878309001946926e+09
1.591878309202246904e+09
1.591878309401709080e+09
1.591878309601365089e+09
1.591878309803819895e+09
1.591878310001799107e+09
1.591878310201246023e+09
1.591878310402040958e+09
1.591878310601413012e+09
1.591878310800338030e+09
1.591878310998847008e+09
1.591878311202491999e+09
1.591878311401910067e+09
1.591878311601778984e+09
1.591878311802419901e+09
1.591878312001718044e+09
1.591878312199846029e+09
1.591878312401787996e+09
1.591878312602108002e+09
1.591878312802493095e+09
1.591878313000286102e+09
1.591878313200078011e+09
1.591878313399872065e+09
1.591878313599320889e+09
1.591878313802601099e+09
1.591878313997981071e+09
1.591878314346700907e+09
1.591878314530334949e+09
1.591878314743427038e+09
1.591878314916467905e+09
1.591878315095082045e+09
1.591878315276205063e+09
1.591878315457070112e+09
1.591878315632277012e+09
1.591878315811244011e+09
1.591878316000113010e+09
1.591878316197546005e+09
1.591878316400096893e+09
1.591878316595038891e+09
1.591878316799309969e+09
1.591878316998975039e+09
1.591878317198889017e+09
1.591878317398798943e+09
1.591878317598822117e+09
1.591878317797951937e+09
1.591878317998281002e+09
1.591878318198493004e+09
1.591878318395879984e+09
1.591878318600507975e+09
1.591878318798319101e+09
1.591878318996970892e+09
1.591878330546698093e+09
1.591878330784569025e+09
1.591878330987114906e+09
1.591878331182352066e+09
1.591878331388212919e+09
1.591878331583066940e+09
1.591878331786063910e+09
1.591878331983634949e+09
1.591878332187516928e+09
1.591878332385201931e+09
1.591878332585428953e+09
1.591878332781604052e+09
1.591878332987502098e+09
1.591878333184325933e+09
1.591878333384218931e+09
1.591878333586872101e+09
1.591878333781995058e+09
1.591878333985934973e+09
1.591878334183326006e+09
1.591878334379858971e+09
1.591878334581163883e+09
1.591878334783037901e+09
1.591878334984422922e+09
1.591878335183012009e+09
1.591878335383569002e+09
1.591878335584662914e+09
1.591878335783296108e+09
1.591878335981795073e+09
1.591878336182476044e+09
1.591878336383316040e+09
1.591878336584163904e+09
1.591878336782299995e+09
1.591878336983223915e+09
1.591878337182329893e+09
1.591878337381556034e+09
1.591878337582504988e+09
1.591878337782929897e+09
1.591878337982651949e+09
1.591878338180953979e+09
1.591878338382373095e+09
1.591878338580512047e+09
1.591878338780482054e+09
1.591878338983702898e+09
1.591878339180876017e+09
1.591878339383940935e+09
1.591878339581175089e+09
1.591878339788444996e+09
1.591878339984497070e+09
1.591878340181726933e+09
1.591878340381422997e+09
1.591878340581700087e+09
1.591878340782149076e+09
1.591878340981808901e+09
1.591878341181580067e+09
1.591878341380315065e+09
1.591878341579832077e+09
1.591878341781191111e+09
1.591878341980154991e+09
1.591878342179918051e+09
1.591878342380810022e+09
1.591878342581427097e+09
1.591878342779757977e+09
1.591878342977565050e+09
1.591878343178580999e+09
1.591878343381714106e+09
1.591878343579936028e+09
1.591878343791100025e+09
1.591878343991873980e+09
1.591878344189492941e+09
1.591878344382194042e+09
1.591878344578402996e+09
1.591878344781233072e+09
1.591878344979701996e+09
1.591878345178143978e+09
1.591878345375924110e+09
1.591878345577655077e+09
1.591878345776484966e+09
1.591878345979073048e+09
1.591878346178774118e+09
1.591878346379612923e+09
1.591878346578705072e+09
1.591878346776314020e+09
1.591878346977190971e+09
1.591878347179342985e+09
1.591878347387607098e+09
1.591878347575675964e+09
1.591878347779397011e+09
1.591878347984448910e+09
1.591878348186553001e+09
1.591878348383656025e+09
1.591878348589112997e+09
1.591878348791794062e+09
1.591878348989182949e+09
1.591878349189368010e+09
1.591878349392880917e+09
1.591878349602427959e+09
1.591878349797627926e+09
1.591878350004884958e+09
1.591878350200845957e+09
1.591878350400330067e+09
1.591878350599299908e+09
1.591878350801481009e+09
1.591878351003160954e+09
1.591878351198220015e+09
1.591878351400985003e+09
1.591878351594362020e+09
1.591878351798373938e+09
1.591878351996231079e+09
1.591878352202923059e+09
1.591878352404103994e+09
1.591878352611604929e+09
1.591878352817949057e+09
1.591878353015383005e+09
1.591878353216368914e+09
1.591878353412640095e+09
1.591878353624378920e+09
1.591878353832391024e+09
1.591878354033504009e+09
1.591878354240823984e+09
1.591878354444262028e+09
1.591878354649190903e+09
1.591878354849005938e+09
1.591878355044842958e+09
1.591878355241816044e+09
1.591878355442946911e+09
1.591878355638851881e+09
1.591878355842787981e+09
1.591878356038285017e+09
1.591878356242537022e+09
1.591878356443284035e+09
1.591878356650041103e+09
1.591878356862261057e+09
1.591878357069705009e+09
1.591878357275216103e+09
1.591878357478857040e+09
1.591878357679399967e+09
1.591878357887816906e+09
1.591878358087838888e+09
1.591878358290369987e+09
1.591878358492116928e+09
1.591878358721103907e+09
1.591878358937609911e+09
1.591878359143122911e+09
1.591878359351322889e+09
1.591878359551621914e+09
1.591878359780019045e+09
1.591878359981470108e+09
1.591878360184917927e+09
1.591878371512454033e+09
1.591878371757639885e+09
1.591878371968040943e+09
1.591878372179380894e+09
1.591878372379316092e+09
1.591878372583338976e+09
1.591878372796051025e+09
1.591878373002074003e+09
1.591878373203677893e+09
1.591878373411467075e+09
1.591878373615880966e+09
1.591878373816740990e+09
1.591878374025454998e+09
1.591878374225214958e+09
1.591878374430644989e+09
1.591878374631467104e+09
1.591878374846544027e+09
1.591878375052122116e+09
1.591878375262550116e+09
1.591878375471259117e+09
1.591878375679685116e+09
1.591878375891222000e+09
1.591878376103509903e+09
1.591878376315742016e+09
1.591878376519886017e+09
1.591878376767316103e+09
1.591878376982882023e+09
1.591878377193376064e+09
1.591878377402755022e+09
1.591878377614619017e+09
1.591878377826847076e+09
1.591878378033390045e+09
1.591878378246155024e+09
1.591878378459465027e+09
1.591878378665028095e+09
1.591878378901079893e+09
1.591878379107428074e+09
1.591878379311703920e+09
1.591878379543122053e+09
1.591878379792637110e+09
1.591878380008567095e+09
1.591878380221292973e+09
1.591878380431765079e+09
1.591878380639873028e+09
1.591878380862652063e+09
1.591878381072319984e+09
1.591878381279042959e+09
1.591878381491640091e+09
1.591878381727437973e+09
1.591878381943871021e+09
1.591878382154547930e+09
1.591878382365945101e+09
1.591878382573283911e+09
1.591878382783560038e+09
1.591878382998125076e+09
1.591878383209599972e+09
1.591878383420686007e+09
1.591878383636966944e+09
1.591878383849769115e+09
1.591878384058470964e+09
1.591878384275022030e+09
1.591878384493407011e+09
1.591878384880996943e+09
1.591878385099927902e+09
1.591878385316703081e+09
1.591878385538891077e+09
1.591878385777581930e+09
1.591878385994364023e+09
1.591878386213526011e+09
1.591878386424108982e+09
1.591878386635543108e+09
1.591878386856744051e+09
1.591878387070894957e+09
1.591878387284950018e+09
1.591878387504924059e+09
1.591878387754690886e+09
1.591878387975009918e+09
1.591878388191061020e+09
1.591878388410162926e+09
1.591878388621678114e+09
1.591878388846771002e+09
1.591878389056428909e+09
1.591878389274350882e+09
1.591878389485553026e+09
1.591878389885129929e+09
1.591878390096350908e+09
1.591878390420335054e+09
1.591878390633204937e+09
1.591878390850460052e+09
1.591878391064465046e+09
1.591878391280405045e+09
1.591878391493303061e+09
1.591878391746104002e+09
1.591878391961956024e+09
1.591878392178970098e+09
1.591878392395836115e+09
1.591878392615955114e+09
1.591878392836899042e+09
1.591878393064775944e+09
1.591878393282283068e+09
1.591878393500833988e+09
1.591878393756910086e+09
1.591878393975533962e+09
1.591878394204103947e+09
1.591878394434463978e+09
1.591878394701694965e+09
1.591878394931703091e+09
1.591878395147613049e+09
1.591878395369647980e+09
1.591878395592467070e+09
1.591878395827963114e+09
1.591878396044956923e+09
1.591878396266324043e+09
1.591878396485838890e+09
1.591878396700727940e+09
1.591878396924511909e+09
1.591878397142079115e+09
1.591878397366580963e+09
1.591878397584403992e+09
1.591878397814006090e+09
1.591878398034892082e+09
1.591878398257415056e+09
1.591878398474777937e+09
1.591878398691636086e+09
1.591878398927159071e+09
1.591878399158586979e+09
1.591878399382376909e+09
1.591878399613143921e+09
1.591878399837487936e+09
1.591878400057884932e+09
1.591878400277653933e+09
1.591878400503896952e+09
1.591878400759011030e+09
1.591878400982542992e+09
1.591878401217327118e+09
1.591878412478116035e+09
1.591878412735203981e+09
1.591878412962474108e+09
1.591878413186230898e+09
1.591878413415807962e+09
1.591878413646178961e+09
1.591878413878606081e+09
1.591878414103723049e+09
1.591878414325028896e+09
1.591878414549180031e+09
1.591878414803314924e+09
1.591878415181922913e+09
1.591878415405860901e+09
1.591878415635227919e+09
1.591878415867316008e+09
1.591878416096957922e+09
1.591878416318921089e+09
1.591878416548047066e+09
1.591878416803277969e+09
1.591878417027695894e+09
1.591878417255902052e+09
1.591878417483504057e+09
1.591878417707987070e+09
1.591878417944551945e+09
1.591878418179122925e+09
1.591878418412321091e+09
1.591878418646569967e+09
1.591878418872200966e+09
1.591878419100861073e+09
1.591878419329863071e+09
1.591878419578357935e+09
1.591878419822139978e+09
1.591878420053663015e+09
1.591878420282377958e+09
1.591878420518527985e+09
1.591878420779073000e+09
1.591878421014139891e+09
1.591878421241278887e+09
1.591878421470213890e+09
1.591878421709908962e+09
1.591878421947438955e+09
1.591878422175101995e+09
1.591878422404349089e+09
1.591878422644062042e+09
1.591878422883773088e+09
1.591878423119633913e+09
1.591878423355925083e+09
1.591878423585093975e+09
1.591878423820005894e+09
1.591878424047631025e+09
1.591878424284102917e+09
1.591878424512588024e+09
1.591878424772763014e+09
1.591878425108989000e+09
1.591878425337743044e+09
1.591878425569248915e+09
1.591878425812756062e+09
1.591878426045834064e+09
1.591878426273118973e+09
1.591878426502175093e+09
1.591878426777271986e+09
1.591878427013179064e+09
1.591878427245882034e+09
1.591878427473859072e+09
1.591878427709805012e+09
1.591878427942893028e+09
1.591878428175669909e+09
1.591878428422832012e+09
1.591878428660152912e+09
1.591878428899653912e+09
1.591878429145458937e+09
1.591878429385566950e+09
1.591878429617502928e+09
1.591878429856794119e+09
1.591878430233804941e+09
1.591878430463181973e+09
1.591878430699454069e+09
1.591878430936745882e+09
1.591878431172049999e+09
1.591878431409523964e+09
1.591878431649960041e+09
1.591878431896292925e+09
1.591878432130151033e+09
1.591878432373627901e+09
1.591878432605710030e+09
1.591878432845499992e+09
1.591878433085947037e+09
1.591878433324902058e+09
1.591878433558093071e+09
1.591878433807439089e+09
1.591878434053817034e+09
1.591878434294234037e+09
1.591878434535646915e+09
1.591878434814826012e+09
1.591878435179200888e+09
1.591878435419863939e+09
1.591878435666152954e+09
1.591878435912892103e+09
1.591878436164777994e+09
1.591878436407726049e+09
1.591878436648296118e+09
1.591878436897414923e+09
1.591878437136229992e+09
1.591878437374011993e+09
1.591878437618892908e+09
1.591878437864099979e+09
1.591878438108181000e+09
1.591878438345297098e+09
1.591878438587507010e+09
1.591878438832688093e+09
1.591878439073105097e+09
1.591878439308837891e+09
1.591878439549035072e+09
1.591878439810501099e+09
1.591878440191699982e+09
1.591878440433772087e+09
1.591878440679544926e+09
1.591878440919886112e+09
1.591878441158015966e+09
1.591878441395592928e+09
1.591878441635423899e+09
1.591878441878663063e+09
1.591878442129270077e+09
