1.591879817506120920e+09
1.591879817707541943e+09
1.591879817909841061e+09
1.591879818109554052e+09
1.591879818310316086e+09
1.591879818510059118e+09
1.591879818707983971e+09
1.591879819049782038e+09
1.591879819151392937e+09
1.591879819307207108e+09
1.591879819509068966e+09
1.591879819708268881e+09
1.591879819907567978e+09
1.591879820110189915e+09
1.591879820306050062e+09
1.591879820507999897e+09
1.591879820706736088e+09
1.591879820906145096e+09
1.591879821106616974e+09
1.591879821306767941e+09
1.591879821508954048e+09
1.591879821708676100e+09
1.591879821907008886e+09
1.591879822106815100e+09
1.591879822308079004e+09
1.591879822506078005e+09
1.591879822706039906e+09
1.591879822906579971e+09
1.591879823106703997e+09
1.591879823306250095e+09
1.591879823504369020e+09
1.591879823706679106e+09
1.591879824066329956e+09
1.591879824165883064e+09
1.591879824309190035e+09
1.591879824506526947e+09
1.591879824705044031e+09
1.591879824905355930e+09
1.591879825106087923e+09
1.591879825304881096e+09
1.591879825504669905e+09
1.591879825704884052e+09
1.591879825907681942e+09
1.591879826104737043e+09
1.591879826307176113e+09
1.591879826506943941e+09
1.591879826703535080e+09
1.591879826905826092e+09
1.591879827103759050e+09
1.591879827304944038e+09
1.591879827505534887e+09
1.591879827702864885e+09
1.591879827903842926e+09
1.591879828102894068e+09
1.591879828303353071e+09
1.591879828503144026e+09
1.591879828705140114e+09
1.591879829058857918e+09
1.591879829181242943e+09
1.591879829325210094e+09
1.591879829504754066e+09
1.591879829703419924e+09
1.591879829903495073e+09
1.591879830103418112e+09
1.591879830301286936e+09
1.591879830504265070e+09
1.591879830704011917e+09
1.591879830905971050e+09
1.591879831096925020e+09
1.591879831299865007e+09
1.591879831506092072e+09
1.591879831704314947e+09
1.591879831902913094e+09
1.591879832103266001e+09
1.591879832301318884e+09
1.591879832503878117e+09
1.591879832703305960e+09
1.591879832903624058e+09
1.591879833099936962e+09
1.591879833302059889e+09
1.591879833503921032e+09
1.591879833703223944e+09
1.591879833903121948e+09
1.591879834100003004e+09
1.591879834302122116e+09
1.591879834502173901e+09
1.591879834700005054e+09
1.591879834900010109e+09
1.591879835100512981e+09
1.591879835303949118e+09
1.591879835500607014e+09
1.591879835702637911e+09
1.591879835902911901e+09
1.591879836103405952e+09
1.591879836302272081e+09
1.591879836503366947e+09
1.591879836698651075e+09
1.591879836905672073e+09
1.591879837099855900e+09
1.591879837301044941e+09
1.591879837501594067e+09
1.591879837699120045e+09
1.591879837899070024e+09
1.591879838101203918e+09
1.591879838301517010e+09
1.591879838498788118e+09
1.591879838700786114e+09
1.591879838900372982e+09
1.591879839101100922e+09
1.591879839299109936e+09
1.591879839498928070e+09
1.591879839701719999e+09
1.591879839899435043e+09
1.591879840099109888e+09
1.591879840297172070e+09
1.591879840498532057e+09
1.591879840698596001e+09
1.591879840901743889e+09
1.591879841098844051e+09
1.591879841300157070e+09
1.591879841502135992e+09
1.591879841698688984e+09
1.591879841900557995e+09
1.591879842102773905e+09
1.591879842297167063e+09
1.591879842499583960e+09
1.591879842697853088e+09
1.591879842898351908e+09
1.591879843097980976e+09
1.591879843297703981e+09
1.591879843495366096e+09
1.591879843695552111e+09
1.591879843895992041e+09
1.591879844192169905e+09
1.591879844297868013e+09
1.591879844497663021e+09
1.591879844695899010e+09
1.591879844895939112e+09
1.591879845098269939e+09
1.591879845298460960e+09
1.591879845496112108e+09
1.591879845695914030e+09
1.591879845898416042e+09
1.591879846097316027e+09
1.591879846296214104e+09
1.591879846494539976e+09
1.591879846694561005e+09
1.591879846896200895e+09
1.591879847094278097e+09
1.591879869758230925e+09
1.591879869966962099e+09
1.591879870169482946e+09
1.591879870366756916e+09
1.591879870570005894e+09
1.591879870768877029e+09
1.591879870967582941e+09
1.591879871169630051e+09
1.591879871367347956e+09
1.591879871571734905e+09
1.591879871767494917e+09
1.591879871967530966e+09
1.591879872167624950e+09
1.591879872367667913e+09
1.591879872568589926e+09
1.591879872770212889e+09
1.591879872967592001e+09
1.591879873165824890e+09
1.591879873367505074e+09
1.591879873566497087e+09
1.591879873768096924e+09
1.591879873967684984e+09
1.591879874167884111e+09
1.591879874361186028e+09
1.591879874568639994e+09
1.591879874765702009e+09
1.591879874968378067e+09
1.591879875168399096e+09
1.591879875366406918e+09
1.591879875568531036e+09
1.591879875767282963e+09
1.591879875966423035e+09
1.591879876167152882e+09
1.591879876368704081e+09
1.591879876567368031e+09
1.591879876767352104e+09
1.591879876966512918e+09
1.591879877164864063e+09
1.591879877366822958e+09
1.591879877564984083e+09
1.591879877766302109e+09
1.591879877966242075e+09
1.591879878165168047e+09
1.591879878367769957e+09
1.591879878568392992e+09
1.591879878768897057e+09
1.591879878966006994e+09
1.591879879165772915e+09
1.591879879362811089e+09
1.591879879567872047e+09
1.591879879762409925e+09
1.591879879966722965e+09
1.591879880165786982e+09
1.591879880365390062e+09
1.591879880563776970e+09
1.591879880765450954e+09
1.591879880965470076e+09
1.591879881163846970e+09
1.591879881365607977e+09
1.591879881565685034e+09
1.591879881766469002e+09
1.591879881963404894e+09
1.591879882163160086e+09
1.591879882362766027e+09
1.591879882562671900e+09
1.591879882763118982e+09
1.591879882961206913e+09
1.591879883163916111e+09
1.591879883361169100e+09
1.591879883560627937e+09
1.591879883763395071e+09
1.591879883961404085e+09
1.591879884164159060e+09
1.591879884362296104e+09
1.591879884561655045e+09
1.591879884763288021e+09
1.591879884961846113e+09
1.591879885164298058e+09
1.591879885361784935e+09
1.591879885563996077e+09
1.591879885764100075e+09
1.591879885963840008e+09
1.591879886162184954e+09
1.591879886363692045e+09
1.591879886561767101e+09
1.591879886761769056e+09
1.591879886961743116e+09
1.591879887162431002e+09
1.591879887362921953e+09
1.591879887561645031e+09
1.591879887761694908e+09
1.591879887959749937e+09
1.591879888162451982e+09
1.591879888361890078e+09
1.591879888558238029e+09
1.591879888760909081e+09
1.591879888960139990e+09
1.591879889160578966e+09
1.591879889495881081e+09
1.591879889602406025e+09
1.591879889762404919e+09
1.591879889960866928e+09
1.591879890160717964e+09
1.591879890358859062e+09
1.591879890557446003e+09
1.591879890761193991e+09
1.591879890960499048e+09
1.591879891158996105e+09
1.591879891358222961e+09
1.591879891560152054e+09
1.591879891751781940e+09
1.591879891952691078e+09
1.591879892157357931e+09
1.591879892352380991e+09
1.591879892553678036e+09
1.591879892761414051e+09
1.591879892960556984e+09
1.591879893160959005e+09
1.591879893360749960e+09
1.591879893560139894e+09
1.591879893759026051e+09
1.591879893960628986e+09
1.591879894160192013e+09
1.591879894359772921e+09
1.591879894558512926e+09
1.591879894757679939e+09
1.591879894959484100e+09
1.591879895158901930e+09
1.591879895358334064e+09
1.591879895558501959e+09
1.591879895759150982e+09
1.591879895957794905e+09
1.591879896158210993e+09
1.591879896358474970e+09
1.591879896558115005e+09
1.591879896759131908e+09
1.591879896957863092e+09
1.591879897159708977e+09
1.591879897358067989e+09
1.591879897558340073e+09
1.591879897759021997e+09
1.591879897956528902e+09
1.591879898158292055e+09
1.591879898356878996e+09
1.591879898557528973e+09
1.591879898756094933e+09
1.591879898959266901e+09
1.591879899157927036e+09
1.591879899359102011e+09
1.591879910727339029e+09
1.591879910942809105e+09
1.591879911140651941e+09
1.591879911342902899e+09
1.591879911541528940e+09
1.591879911745078087e+09
1.591879911943928003e+09
1.591879912142687082e+09
1.591879912341361046e+09
1.591879912545869112e+09
1.591879912742119074e+09
1.591879912943123102e+09
1.591879913142390013e+09
1.591879913342310905e+09
1.591879913541790009e+09
1.591879913740195990e+09
1.591879913941617966e+09
1.591879914139564037e+09
1.591879914341797113e+09
1.591879914539612055e+09
1.591879914882330894e+09
1.591879914998228073e+09
1.591879915150172949e+09
1.591879915341845036e+09
1.591879915539944887e+09
1.591879915737261057e+09
1.591879915940592051e+09
1.591879916139858007e+09
1.591879916340071917e+09
1.591879916540216923e+09
1.591879916738796949e+09
1.591879916941035986e+09
1.591879917139477015e+09
1.591879917338778019e+09
1.591879917542965889e+09
1.591879917740048885e+09
1.591879917938319921e+09
1.591879918139137983e+09
1.591879918340461969e+09
1.591879918537667990e+09
1.591879918736728907e+09
1.591879918937619925e+09
1.591879919138592005e+09
1.591879919338193893e+09
1.591879919535839081e+09
1.591879919899833918e+09
1.591879920016247034e+09
1.591879920171278000e+09
1.591879920336920023e+09
1.591879920536252975e+09
1.591879920736671925e+09
1.591879920938235998e+09
1.591879921136327982e+09
1.591879921336061001e+09
1.591879921539100885e+09
1.591879921737854958e+09
1.591879921936739922e+09
1.591879922139636040e+09
1.591879922336946011e+09
1.591879922536736965e+09
1.591879922739567995e+09
1.591879922938230991e+09
1.591879923135121107e+09
1.591879923336927891e+09
1.591879923534975052e+09
1.591879923735917091e+09
1.591879923934745073e+09
1.591879924137002945e+09
1.591879924334774971e+09
1.591879924536984921e+09
1.591879924878026962e+09
1.591879925003946066e+09
1.591879925160703897e+09
1.591879925339843988e+09
1.591879925533669949e+09
1.591879925738934994e+09
1.591879925932764053e+09
1.591879926138633013e+09
1.591879926338808060e+09
1.591879926534060955e+09
1.591879926737973928e+09
1.591879926932388067e+09
1.591879927135452032e+09
1.591879927337109089e+09
1.591879927537141085e+09
1.591879927735101938e+09
1.591879927933790922e+09
1.591879928133980989e+09
1.591879928336451054e+09
1.591879928535937071e+09
1.591879928734087944e+09
1.591879928935466051e+09
1.591879929135298014e+09
1.591879929335350990e+09
1.591879929533309937e+09
1.591879929883610010e+09
1.591879930019040108e+09
1.591879930177550077e+09
1.591879930335551977e+09
1.591879930532330036e+09
1.591879930736639023e+09
1.591879930935206890e+09
1.591879931134867907e+09
1.591879931333250046e+09
1.591879931532713890e+09
1.591879931735332012e+09
1.591879931933171034e+09
1.591879932136106014e+09
1.591879932332885981e+09
1.591879932533538103e+09
1.591879932737761974e+09
1.591879932931931973e+09
1.591879933130544901e+09
1.591879933332426071e+09
1.591879933531094074e+09
1.591879933733478069e+09
1.591879933931751966e+09
1.591879934131069899e+09
1.591879934331049919e+09
1.591879934530244112e+09
1.591879934733861923e+09
1.591879934930330038e+09
1.591879935132714033e+09
1.591879935331239939e+09
1.591879935530134916e+09
1.591879935731435061e+09
1.591879935930496931e+09
1.591879936130444050e+09
1.591879936332540989e+09
1.591879936530628920e+09
1.591879936731750965e+09
1.591879936930100918e+09
1.591879937128323078e+09
1.591879937330646992e+09
1.591879937529083967e+09
1.591879937732361078e+09
1.591879937932116985e+09
1.591879938133512020e+09
1.591879938330007076e+09
1.591879938529644966e+09
1.591879938731136084e+09
1.591879938930291891e+09
1.591879939132404089e+09
1.591879939336688995e+09
1.591879939532937050e+09
1.591879939851748943e+09
1.591879939989259958e+09
1.591879940139897108e+09
1.591879940331283092e+09
1.591879951691241026e+09
1.591879951916708946e+09
1.591879952116220951e+09
1.591879952316205978e+09
1.591879952515083075e+09
1.591879952714858055e+09
1.591879952915816069e+09
1.591879953115626097e+09
1.591879953313767910e+09
1.591879953518213034e+09
1.591879953714029074e+09
1.591879953916006088e+09
1.591879954116132975e+09
1.591879954314415932e+09
1.591879954514398098e+09
1.591879954714885950e+09
1.591879954914815903e+09
1.591879955116771936e+09
1.591879955314817905e+09
1.591879955515686035e+09
1.591879955714858055e+09
1.591879955914592981e+09
1.591879956112497091e+09
1.591879956313045025e+09
1.591879956514533997e+09
1.591879956712382078e+09
1.591879956914948940e+09
1.591879957114842892e+09
1.591879957314693928e+09
1.591879957512003899e+09
1.591879957712316036e+09
1.591879957915106058e+09
1.591879958114784956e+09
1.591879958315080881e+09
1.591879958515245914e+09
1.591879958713053942e+09
1.591879958913516998e+09
1.591879959113754988e+09
1.591879959318589926e+09
1.591879959514619112e+09
1.591879959713097095e+09
1.591879959912672997e+09
1.591879960250065088e+09
1.591879960390799046e+09
1.591879960545603037e+09
1.591879960713589907e+09
1.591879960913113117e+09
1.591879961113516092e+09
1.591879961314693928e+09
1.591879961513753891e+09
1.591879961714013100e+09
1.591879961911668062e+09
1.591879962113790989e+09
1.591879962314822912e+09
1.591879962513273954e+09
1.591879962713278055e+09
1.591879962909435987e+09
1.591879963111938953e+09
1.591879963312699080e+09
1.591879963510768890e+09
1.591879963710603952e+09
1.591879963910402060e+09
1.591879964109677076e+09
1.591879964310257912e+09
1.591879964509180069e+09
1.591879964710200071e+09
1.591879964909327984e+09
1.591879965252398968e+09
1.591879965404356003e+09
1.591879965555062056e+09
1.591879965710338116e+09
1.591879965909641981e+09
1.591879966110090971e+09
1.591879966311758041e+09
1.591879966508615971e+09
1.591879966709701061e+09
1.591879966911607981e+09
1.591879967109751940e+09
1.591879967308943987e+09
1.591879967510725975e+09
1.591879967709439039e+09
1.591879967909387112e+09
1.591879968108870983e+09
1.591879968311763048e+09
1.591879968510956049e+09
1.591879968708888054e+09
1.591879968910087109e+09
1.591879969107598066e+09
1.591879969307009935e+09
1.591879969506649017e+09
1.591879969706279993e+09
1.591879969910054922e+09
1.591879970109937906e+09
1.591879970309151888e+09
1.591879970507038116e+09
1.591879970709372997e+09
1.591879970907357931e+09
1.591879971108510971e+09
1.591879971308546066e+09
1.591879971506782055e+09
1.591879971708965063e+09
1.591879971907840967e+09
1.591879972108923912e+09
1.591879972309128046e+09
1.591879972507292986e+09
1.591879972707484961e+09
1.591879972908623934e+09
1.591879973105401993e+09
1.591879973307148933e+09
1.591879973504785061e+09
1.591879973704365015e+09
1.591879973908248901e+09
1.591879974104825020e+09
1.591879974305058002e+09
1.591879974504786015e+09
1.591879974705302000e+09
1.591879974906270027e+09
1.591879975107997894e+09
1.591879975306909084e+09
1.591879975507616997e+09
1.591879975704695940e+09
1.591879975906843901e+09
1.591879976108316898e+09
1.591879976306297064e+09
1.591879976506725073e+09
1.591879976704983950e+09
1.591879976906378031e+09
1.591879977104721069e+09
1.591879977304858923e+09
1.591879977506681919e+09
1.591879977706623077e+09
1.591879977905369997e+09
1.591879978104619026e+09
1.591879978306216955e+09
1.591879978503329039e+09
1.591879978704968929e+09
1.591879978905664921e+09
1.591879979104717970e+09
1.591879979303803921e+09
1.591879979502151966e+09
1.591879979704473019e+09
1.591879979905232906e+09
1.591879980105571985e+09
1.591879980302304029e+09
1.591879980502219915e+09
1.591879980703830957e+09
1.591879980905369997e+09
1.591879981105382919e+09
1.591879981303358078e+09
1.591879992655714989e+09
1.591879992887788057e+09
1.591879993087246895e+09
1.591879993287072897e+09
1.591879993488496065e+09
1.591879993689387083e+09
1.591879993889039993e+09
1.591879994089747906e+09
1.591879994290488958e+09
1.591879994491739988e+09
1.591879994688297033e+09
1.591879994888313055e+09
1.591879995090395927e+09
1.591879995288028955e+09
1.591879995488143921e+09
1.591879995688250065e+09
1.591879995887984991e+09
1.591879996088277102e+09
1.591879996289151907e+09
1.591879996486366034e+09
1.591879996688985109e+09
1.591879996885967970e+09
1.591879997088191032e+09
1.591879997288367033e+09
1.591879997488696098e+09
1.591879997685904026e+09
1.591879997886241913e+09
1.591879998088134050e+09
1.591879998287832975e+09
1.591879998486709118e+09
1.591879998687570095e+09
1.591879998888252974e+09
1.591879999088967085e+09
1.591879999287708044e+09
1.591879999489029884e+09
1.591879999689019918e+09
1.591879999884354115e+09
1.591880000187191010e+09
1.591880000360739946e+09
1.591880000530447960e+09
1.591880000697875977e+09
1.591880000884932995e+09
1.591880001087490082e+09
1.591880001284995079e+09
1.591880001487936020e+09
1.591880001687203884e+09
1.591880001884880066e+09
1.591880002085349083e+09
1.591880002285207987e+09
1.591880002486463070e+09
1.591880002684631109e+09
1.591880002884834051e+09
1.591880003084868908e+09
1.591880003283433914e+09
1.591880003484255075e+09
1.591880003685655117e+09
1.591880003885413885e+09
1.591880004083091974e+09
1.591880004284957886e+09
1.591880004484756947e+09
1.591880004684221983e+09
1.591880004883920908e+09
1.591880005139821053e+09
1.591880005319350004e+09
1.591880005485495090e+09
1.591880005683084011e+09
1.591880005883739948e+09
1.591880006082170010e+09
1.591880006279556990e+09
1.591880006482484102e+09
1.591880006680547953e+09
1.591880006884818077e+09
1.591880007081820011e+09
1.591880007281578064e+09
1.591880007483549118e+09
1.591880007682348013e+09
1.591880007883501053e+09
1.591880008085830927e+09
1.591880008284343004e+09
1.591880008483727932e+09
1.591880008685094118e+09
1.591880008882050991e+09
1.591880009082526922e+09
1.591880009282641888e+09
1.591880009483603954e+09
1.591880009685123920e+09
1.591880009882628918e+09
1.591880010080755949e+09
1.591880010277699947e+09
1.591880010484231949e+09
1.591880010683423042e+09
1.591880010879842043e+09
1.591880011083220005e+09
1.591880011282913923e+09
1.591880011481941938e+09
1.591880011682722092e+09
1.591880011883117914e+09
1.591880012079253912e+09
1.591880012281265974e+09
1.591880012481012106e+09
1.591880012680977106e+09
1.591880012880382061e+09
1.591880013081142902e+09
1.591880013280771017e+09
1.591880013483769894e+09
1.591880013680094004e+09
1.591880013880108118e+09
1.591880014080616951e+09
1.591880014283910036e+09
1.591880014480089903e+09
1.591880014680218935e+09
1.591880014879868984e+09
1.591880015080097914e+09
1.591880015283999920e+09
1.591880015483078957e+09
1.591880015682035923e+09
1.591880015879405975e+09
1.591880016081263065e+09
1.591880016278883934e+09
1.591880016481245995e+09
1.591880016680154085e+09
1.591880016876023054e+09
1.591880017078772068e+09
1.591880017277462006e+09
1.591880017482767105e+09
1.591880017678842068e+09
1.591880017878560066e+09
1.591880018082458973e+09
1.591880018283341885e+09
1.591880018479515076e+09
1.591880018679853916e+09
1.591880018877552032e+09
1.591880019080180883e+09
1.591880019276942015e+09
1.591880019481765985e+09
1.591880019678728104e+09
1.591880019880543947e+09
1.591880020077621937e+09
1.591880020280117989e+09
1.591880020478053093e+09
1.591880020681368113e+09
1.591880020876338959e+09
1.591880021077917099e+09
1.591880021276336908e+09
1.591880021479146004e+09
1.591880021677603960e+09
1.591880021880763054e+09
1.591880022078579903e+09
1.591880022275902987e+09
1.591880033622670889e+09
1.591880033862632036e+09
1.591880034064991951e+09
1.591880034263569117e+09
1.591880034466120005e+09
1.591880034664582968e+09
1.591880034863255978e+09
1.591880035063611031e+09
1.591880035261198044e+09
1.591880035604923964e+09
1.591880035786722898e+09
1.591880035965148926e+09
1.591880036144785881e+09
1.591880036338686943e+09
1.591880036528707981e+09
1.591880036715543032e+09
1.591880036908406019e+09
1.591880037099585056e+09
1.591880037288095951e+09
1.591880037476782084e+09
1.591880037665719032e+09
1.591880037863267899e+09
1.591880038059397936e+09
1.591880038268702030e+09
1.591880038461019993e+09
1.591880038661124945e+09
1.591880038861690044e+09
1.591880039062671900e+09
1.591880039271394968e+09
1.591880039459129095e+09
1.591880039659713984e+09
1.591880039863447905e+09
1.591880040064670086e+09
1.591880040264020920e+09
1.591880040461005926e+09
1.591880040659326077e+09
1.591880040860088110e+09
1.591880041065520048e+09
1.591880041259887934e+09
1.591880041463455915e+09
1.591880041663011074e+09
1.591880041861665010e+09
1.591880042064258099e+09
1.591880042262003899e+09
1.591880042460495949e+09
1.591880042660975933e+09
1.591880042858817101e+09
1.591880043058336020e+09
1.591880043266469955e+09
1.591880043460335970e+09
1.591880043658263922e+09
1.591880043857738972e+09
1.591880044058984041e+09
1.591880044266753912e+09
1.591880044457859039e+09
1.591880044658606052e+09
1.591880044858393908e+09
1.591880045063498020e+09
1.591880045267364979e+09
1.591880045465125084e+09
1.591880045656979084e+09
1.591880045857570887e+09
1.591880046058923006e+09
1.591880046270811081e+09
1.591880046461797953e+09
1.591880046661242962e+09
1.591880046856404066e+09
1.591880047057537079e+09
1.591880047280574083e+09
1.591880047476706982e+09
1.591880047680126905e+09
1.591880047874305964e+09
1.591880048070561886e+09
1.591880048278194904e+09
1.591880048473330975e+09
1.591880048670370102e+09
1.591880048866558075e+09
1.591880049058650970e+09
1.591880049265521049e+09
1.591880049466820955e+09
1.591880049655868053e+09
1.591880049854120016e+09
1.591880050055929899e+09
1.591880050268743038e+09
1.591880050458791018e+09
1.591880050659889936e+09
1.591880050858752012e+09
1.591880051059674025e+09
1.591880051267254114e+09
1.591880051467780113e+09
1.591880051656790972e+09
1.591880051855824947e+09
1.591880052055200100e+09
1.591880052268300056e+09
1.591880052477009058e+09
1.591880052673629999e+09
1.591880052878170967e+09
1.591880053074466944e+09
1.591880053275806904e+09
1.591880053473156929e+09
1.591880053669605017e+09
1.591880053870296001e+09
1.591880054077702045e+09
1.591880054282754898e+09
1.591880054473906994e+09
1.591880054675749063e+09
1.591880054875538111e+09
1.591880055078736067e+09
1.591880055289638042e+09
1.591880055482206106e+09
1.591880055675965071e+09
1.591880055883568048e+09
1.591880056079592943e+09
1.591880056274493933e+09
1.591880056476099968e+09
1.591880056683985949e+09
1.591880056879534006e+09
1.591880057081393957e+09
1.591880057288093090e+09
1.591880057487708092e+09
1.591880057684001923e+09
1.591880057884167910e+09
1.591880058088561058e+09
1.591880058289442062e+09
1.591880058489588976e+09
1.591880058685966015e+09
1.591880058885854006e+09
1.591880059089128017e+09
1.591880059289654970e+09
1.591880059486105919e+09
1.591880059693527937e+09
1.591880059894292116e+09
1.591880060095566988e+09
1.591880060303699970e+09
1.591880060506333113e+09
1.591880060712510109e+09
1.591880060914262056e+09
1.591880061115972042e+09
1.591880061323153019e+09
1.591880061526344061e+09
1.591880061730669022e+09
1.591880061931962967e+09
1.591880062138531923e+09
1.591880062354682922e+09
1.591880062555669069e+09
1.591880062765062094e+09
1.591880062966778040e+09
1.591880063177103043e+09
1.591880085778244019e+09
1.591880086025257111e+09
1.591880086260581017e+09
1.591880086465501070e+09
1.591880086671911955e+09
1.591880086872639894e+09
1.591880087076347113e+09
1.591880087288127899e+09
1.591880087490174055e+09
1.591880087705632925e+09
1.591880087920849085e+09
1.591880088136312962e+09
1.591880088341970921e+09
1.591880088554419994e+09
1.591880088759114027e+09
1.591880088969065905e+09
1.591880089187150955e+09
1.591880089392060041e+09
1.591880089598798037e+09
1.591880089800220966e+09
1.591880090000468969e+09
1.591880090241282940e+09
1.591880090443372965e+09
1.591880090656600952e+09
1.591880090874089956e+09
1.591880091078517914e+09
1.591880091298885107e+09
1.591880091511490107e+09
1.591880091715524912e+09
1.591880091921135902e+09
1.591880092128612041e+09
1.591880092342149019e+09
1.591880092555839062e+09
1.591880092769740105e+09
1.591880092977154016e+09
1.591880093182460070e+09
1.591880093402000904e+09
1.591880093615890980e+09
1.591880093819405079e+09
1.591880094026736975e+09
1.591880094271569967e+09
1.591880094486733913e+09
1.591880094696192026e+09
1.591880094908552885e+09
1.591880095114114046e+09
1.591880095326210022e+09
1.591880095540183067e+09
1.591880095754113913e+09
1.591880095961306095e+09
1.591880096180757046e+09
1.591880096396651983e+09
1.591880096610198021e+09
1.591880096820404053e+09
1.591880097033001900e+09
1.591880097277787924e+09
1.591880097495820045e+09
1.591880097704355001e+09
1.591880097920262098e+09
1.591880098132787943e+09
1.591880098345144987e+09
1.591880098562134981e+09
1.591880098773653984e+09
1.591880098985567093e+09
1.591880099228930950e+09
1.591880099441711903e+09
1.591880099649535894e+09
1.591880099876096964e+09
1.591880100088133097e+09
1.591880100305608034e+09
1.591880100523530960e+09
1.591880100871742010e+09
1.591880101096641064e+09
1.591880101319864988e+09
1.591880101535661936e+09
1.591880101759092093e+09
1.591880101975821018e+09
1.591880102230494022e+09
1.591880102450195074e+09
1.591880102661628962e+09
1.591880102872431040e+09
1.591880103091000080e+09
1.591880103305622101e+09
1.591880103517126083e+09
1.591880103734308958e+09
1.591880103951093912e+09
1.591880104161406994e+09
1.591880104385725021e+09
1.591880104607988119e+09
1.591880104832392931e+09
1.591880105050611973e+09
1.591880105284069061e+09
1.591880105498409033e+09
1.591880105821628094e+09
1.591880106043929100e+09
1.591880106288549900e+09
1.591880106511926889e+09
1.591880106728511095e+09
1.591880106943240881e+09
1.591880107163067102e+09
1.591880107384494066e+09
1.591880107599566936e+09
1.591880107816190004e+09
1.591880108032682896e+09
1.591880108289091110e+09
1.591880108509749889e+09
1.591880108729618073e+09
1.591880108945348978e+09
1.591880109169580936e+09
1.591880109397134066e+09
1.591880109616401911e+09
1.591880109833535910e+09
1.591880110053221941e+09
1.591880110293997049e+09
1.591880110517676115e+09
1.591880110853487968e+09
1.591880111074285030e+09
1.591880111299196959e+09
1.591880111515863895e+09
1.591880111744435072e+09
1.591880111966136932e+09
1.591880112195319891e+09
1.591880112418751955e+09
1.591880112633990049e+09
1.591880112854526043e+09
1.591880113088222027e+09
1.591880113317265034e+09
1.591880113544601917e+09
1.591880113768203020e+09
1.591880114004000902e+09
1.591880114269424915e+09
1.591880114488863945e+09
1.591880114712127924e+09
1.591880114940701008e+09
1.591880115167905092e+09
1.591880115403636932e+09
1.591880126747072935e+09
1.591880126992533922e+09
1.591880127237549067e+09
1.591880127465872049e+09
1.591880127695220947e+09
1.591880127917890072e+09
1.591880128145992041e+09
1.591880128375767946e+09
1.591880128599136114e+09
1.591880128834520102e+09
1.591880129067234993e+09
1.591880129299710989e+09
1.591880129523478031e+09
1.591880129744106054e+09
1.591880129971200943e+09
1.591880130195446014e+09
1.591880130423758030e+09
1.591880130646791935e+09
1.591880130875740051e+09
1.591880131108124018e+09
1.591880131342001915e+09
1.591880131565406084e+09
1.591880131802181005e+09
1.591880132033417940e+09
1.591880132294158936e+09
1.591880132530543089e+09
1.591880132761202097e+09
1.591880132993091106e+09
1.591880133249910116e+09
1.591880133482379913e+09
1.591880133710364103e+09
1.591880133943213940e+09
1.591880134177056074e+09
1.591880134412060022e+09
1.591880134645951986e+09
1.591880134879616976e+09
1.591880135107417107e+09
1.591880135344949961e+09
1.591880135581666946e+09
1.591880135813111067e+09
1.591880136039885998e+09
1.591880136416665077e+09
1.591880136654453993e+09
1.591880136891113043e+09
1.591880137131786108e+09
1.591880137364716053e+09
1.591880137593341112e+09
1.591880137825505972e+09
1.591880138053453922e+09
1.591880138304281950e+09
1.591880138544591904e+09
1.591880138780141115e+09
1.591880139011971951e+09
1.591880139281822920e+09
1.591880139517004013e+09
1.591880139756613970e+09
1.591880139994087934e+09
1.591880140251096964e+09
1.591880140482685089e+09
1.591880140722387075e+09
1.591880140954225063e+09
1.591880141199384928e+09
1.591880141437696934e+09
1.591880141665678024e+09
1.591880141911010027e+09
1.591880142154859066e+09
1.591880142392680883e+09
1.591880142627850056e+09
1.591880142868050098e+09
1.591880143105206013e+09
1.591880143349414110e+09
1.591880143584096909e+09
1.591880143816469908e+09
1.591880144049119949e+09
1.591880144305731058e+09
1.591880144545149088e+09
1.591880144786211967e+09
1.591880145029151917e+09
1.591880145301228046e+09
1.591880145534511089e+09
1.591880145775429964e+09
1.591880146010526896e+09
1.591880146402002096e+09
1.591880146634285927e+09
1.591880146878716946e+09
1.591880147113202095e+09
1.591880147351248980e+09
1.591880147590960979e+09
1.591880147832114935e+09
1.591880148079466105e+09
1.591880148319669962e+09
1.591880148559036970e+09
1.591880148803530931e+09
1.591880149046497107e+09
1.591880149308140039e+09
1.591880149547200918e+09
1.591880149791738033e+09
1.591880150035638094e+09
1.591880150311038017e+09
1.591880150556682110e+09
1.591880150802387953e+09
1.591880151045021057e+09
1.591880151451004982e+09
1.591880151689621925e+09
1.591880151933422089e+09
1.591880152173554897e+09
1.591880152423685074e+09
1.591880152665532112e+09
1.591880152905196905e+09
1.591880153150536060e+09
1.591880153402185917e+09
1.591880153642528057e+09
1.591880153885699987e+09
1.591880154130198956e+09
1.591880154374166012e+09
1.591880154614017963e+09
1.591880154855870008e+09
1.591880155102490902e+09
1.591880155343748093e+09
1.591880155595616102e+09
1.591880155846697092e+09
1.591880156091188908e+09
1.591880156481724024e+09
1.591880167906147003e+09
1.591880168163290024e+09
1.591880168411123991e+09
1.591880168665395975e+09
1.591880168908463001e+09
1.591880169151596069e+09
1.591880169398147106e+09
1.591880169641901016e+09
1.591880169885787010e+09
1.591880170138535023e+09
1.591880170381758928e+09
1.591880170624677896e+09
1.591880170869358063e+09
1.591880171119920015e+09
1.591880171374767065e+09
1.591880171618089914e+09
1.591880171874731064e+09
1.591880172130156994e+09
1.591880172375010967e+09
1.591880172617818117e+09
1.591880172867629051e+09
1.591880173111309052e+09
1.591880173502151966e+09
1.591880173747025967e+09
1.591880173995948076e+09
1.591880174282448053e+09
1.591880174528166056e+09
1.591880174767131090e+09
1.591880175008758068e+09
1.591880175296617985e+09
1.591880175545192957e+09
1.591880175796962976e+09
1.591880176063450098e+09
1.591880176318957090e+09
1.591880176565948963e+09
1.591880176818595886e+09
1.591880177066844940e+09
1.591880177314071894e+09
1.591880177561376095e+09
1.591880177813316107e+09
1.591880178073118925e+09
1.591880178450931072e+09
1.591880178699363947e+09
1.591880178947191000e+09
1.591880179193337917e+09
1.591880179463016033e+09
1.591880179708596945e+09
1.591880179966662884e+09
1.591880180225811005e+09
1.591880180481486082e+09
1.591880180734443903e+09
1.591880180986763000e+09
1.591880181269695997e+09
1.591880181521790028e+09
1.591880181773420095e+09
1.591880182025830984e+09
1.591880182310883999e+09
1.591880182564022064e+09
1.591880182817539930e+09
1.591880183076728106e+09
1.591880183473824024e+09
1.591880183730709076e+09
1.591880183978267908e+09
1.591880184270019054e+09
1.591880184521637917e+09
1.591880184776921034e+09
1.591880185035514116e+09
1.591880185319140911e+09
1.591880185574383020e+09
1.591880185828129053e+09
1.591880186083358049e+09
1.591880186344111919e+09
1.591880186599565983e+09
1.591880186855106115e+09
1.591880187114852905e+09
1.591880187374897957e+09
1.591880187632179976e+09
1.591880187889610052e+09
1.591880188143538952e+09
1.591880188545727015e+09
1.591880188803859949e+09
1.591880189056498051e+09
1.591880189322478056e+09
1.591880189576832056e+09
1.591880189831023932e+09
1.591880190085473061e+09
1.591880190353308916e+09
1.591880190618021965e+09
1.591880190877692938e+09
1.591880191134633064e+09
1.591880191405827999e+09
1.591880191658016920e+09
1.591880191925734043e+09
1.591880192184459925e+09
1.591880192444009066e+09
1.591880192708451033e+09
1.591880192971653938e+09
1.591880193292877913e+09
1.591880193554814100e+09
1.591880193818666935e+09
1.591880194075805902e+09
1.591880194340820074e+09
1.591880194599195957e+09
1.591880194869518042e+09
1.591880195124643087e+09
1.591880195388758898e+09
1.591880195646621943e+09
1.591880195902514935e+09
1.591880196163062096e+09
1.591880196430460930e+09
1.591880196694700956e+09
1.591880196962435961e+09
1.591880197225650072e+09
1.591880197497114897e+09
1.591880208861711025e+09
1.591880209131388903e+09
1.591880209402265072e+09
1.591880209655787945e+09
1.591880209924325943e+09
1.591880210182099104e+09
1.591880210454551935e+09
1.591880210725744009e+09
1.591880210991322994e+09
1.591880211293421984e+09
1.591880211559802055e+09
1.591880211818620920e+09
1.591880212092963934e+09
1.591880212359922886e+09
1.591880212628221989e+09
1.591880212890819073e+09
1.591880213159663916e+09
1.591880213421399117e+09
1.591880213719600916e+09
1.591880213978765965e+09
1.591880214272613049e+09
1.591880214543492079e+09
1.591880214802877903e+09
1.591880215064973116e+09
1.591880215337080002e+09
1.591880215603462934e+09
1.591880215865222931e+09
1.591880216127175093e+09
1.591880216397962093e+09
1.591880216658720970e+09
1.591880216922056913e+09
1.591880217188605070e+09
1.591880217468055964e+09
1.591880217730812073e+09
1.591880217998266935e+09
1.591880218298032045e+09
1.591880218567655087e+09
1.591880218974560022e+09
1.591880219236318111e+09
1.591880219508003950e+09
1.591880219775069952e+09
1.591880220040477037e+09
1.591880220332820892e+09
1.591880220604751110e+09
1.591880220880218029e+09
1.591880221153917074e+09
1.591880221430735111e+09
1.591880221696142912e+09
1.591880221964961052e+09
1.591880222231312037e+09
1.591880222497448921e+09
1.591880222763685942e+09
1.591880223041052103e+09
1.591880223325572968e+09
1.591880223596201897e+09
1.591880224014168024e+09
1.591880224318366051e+09
1.591880224585839033e+09
1.591880224856679916e+09
1.591880225131145954e+09
1.591880225406436920e+09
1.591880225686005116e+09
1.591880225952341080e+09
1.591880226228389978e+09
1.591880226507680893e+09
1.591880226776827097e+09
1.591880227054523945e+09
1.591880227339375973e+09
1.591880227606858015e+09
1.591880227884912014e+09
1.591880228162075996e+09
1.591880228442608118e+09
1.591880228721194983e+09
1.591880228994043112e+09
1.591880229301522017e+09
1.591880229570410013e+09
1.591880229847557068e+09
1.591880230118114948e+09
1.591880230394364119e+09
1.591880230663197994e+09
1.591880230943629980e+09
1.591880231215878010e+09
1.591880231492404938e+09
1.591880231763462067e+09
1.591880232040123940e+09
1.591880232334099054e+09
1.591880232603820086e+09
1.591880232879091978e+09
1.591880233157409906e+09
1.591880233444252014e+09
1.591880233721385002e+09
1.591880234005033016e+09
1.591880234317199945e+09
1.591880234593015909e+09
1.591880234873861074e+09
1.591880235149369001e+09
1.591880235424168110e+09
1.591880235696132898e+09
1.591880235972474098e+09
1.591880236292066097e+09
1.591880236574889898e+09
1.591880236849426031e+09
1.591880237122075081e+09
1.591880237402805090e+09
1.591880237689629078e+09
1.591880237965527058e+09
1.591880238248152971e+09
1.591880238529849052e+09
1.591880261218719959e+09
1.591880261495099068e+09
1.591880261784271955e+09
1.591880262060560942e+09
1.591880262340738058e+09
1.591880262619748116e+09
1.591880262896708965e+09
1.591880263177539110e+09
1.591880263463591099e+09
1.591880263747342110e+09
1.591880264027926922e+09
1.591880264491377115e+09
1.591880264770561934e+09
1.591880265052009106e+09
1.591880265346661091e+09
1.591880265625106096e+09
1.591880265907135010e+09
1.591880266180429935e+09
1.591880266463001013e+09
1.591880266753247023e+09
1.591880267036886930e+09
1.591880267340051889e+09
1.591880267621095896e+09
1.591880267896980047e+09
1.591880268186553001e+09
1.591880268475439072e+09
1.591880268754004002e+09
1.591880269041611910e+09
1.591880269471174002e+09
1.591880269749562025e+09
1.591880270028436899e+09
1.591880270332025051e+09
1.591880270616219997e+09
1.591880270896173000e+09
1.591880271182866096e+09
1.591880271472848892e+09
1.591880271766694069e+09
1.591880272045516014e+09
1.591880272344830036e+09
1.591880272622575998e+09
1.591880272905343056e+09
1.591880273184508085e+09
1.591880273470009089e+09
1.591880273747814894e+09
1.591880274036490917e+09
1.591880274479027033e+09
1.591880274759892941e+09
1.591880275045121908e+09
1.591880275342973948e+09
1.591880275625438929e+09
1.591880275906840086e+09
1.591880276189379930e+09
1.591880276487606049e+09
1.591880276770076990e+09
1.591880277052716970e+09
1.591880277342757940e+09
1.591880277630867004e+09
1.591880277912761927e+09
1.591880278195089102e+09
1.591880278486799002e+09
1.591880278780744076e+09
1.591880279066545963e+09
1.591880279500480890e+09
1.591880279786839008e+09
1.591880280076244116e+09
1.591880280375021935e+09
1.591880280659519911e+09
1.591880280946993113e+09
1.591880281227323055e+09
1.591880281515760899e+09
1.591880281802094936e+09
1.591880282084063053e+09
1.591880282375902891e+09
1.591880282668596983e+09
1.591880282950897932e+09
1.591880283235584021e+09
1.591880283531025887e+09
1.591880283821201086e+09
1.591880284111588955e+09
1.591880284544945955e+09
1.591880284837436914e+09
1.591880285129545927e+09
1.591880285426201105e+09
1.591880285713398933e+09
1.591880285999766111e+09
1.591880286318291903e+09
1.591880286599492073e+09
1.591880286884089947e+09
1.591880287175168037e+09
1.591880287470410109e+09
1.591880287763030052e+09
1.591880288049535990e+09
1.591880288347177982e+09
1.591880288641264915e+09
1.591880288931725025e+09
1.591880289219470024e+09
1.591880289510242939e+09
1.591880289807851076e+09
1.591880290101120949e+09
1.591880290398926020e+09
1.591880290687876940e+09
1.591880313463035107e+09
1.591880313768640995e+09
1.591880314076575994e+09
1.591880314381402969e+09
1.591880314673877954e+09
1.591880314966567993e+09
1.591880315291949034e+09
1.591880315586105108e+09
1.591880315880613089e+09
1.591880316180213928e+09
1.591880316478887081e+09
1.591880316781528950e+09
1.591880317080903053e+09
1.591880317383989096e+09
1.591880317682046890e+09
1.591880317980772972e+09
1.591880318315707922e+09
1.591880318616723061e+09
1.591880318917867899e+09
1.591880319216639042e+09
1.591880319521213055e+09
1.591880319811839104e+09
1.591880320113132000e+09
1.591880320412450075e+09
1.591880320712337017e+09
1.591880321012676001e+09
1.591880321347115993e+09
1.591880321655730963e+09
1.591880321956949949e+09
1.591880322297877073e+09
1.591880322739636898e+09
1.591880323029783964e+09
1.591880323347866058e+09
1.591880323642663956e+09
1.591880323934699059e+09
1.591880324225996971e+09
1.591880324523503065e+09
1.591880324820100069e+09
1.591880325120506048e+09
1.591880325422847986e+09
1.591880325722479105e+09
1.591880326019614935e+09
1.591880326349009037e+09
1.591880326648025990e+09
1.591880326950922966e+09
1.591880327247514963e+09
1.591880327655719995e+09
1.591880327952792883e+09
1.591880328257599115e+09
1.591880328557082891e+09
1.591880328860959053e+09
1.591880329161835909e+09
1.591880329472919941e+09
1.591880329775718927e+09
1.591880330074466944e+09
1.591880330378266096e+09
