1.591881964924228907e+09
1.591881965125799894e+09
1.591881965324444056e+09
1.591881965524686098e+09
1.591881965724852085e+09
1.591881965924890995e+09
1.591881966124859095e+09
1.591881966326033115e+09
1.591881966524899006e+09
1.591881966726954937e+09
1.591881966924137115e+09
1.591881967126636982e+09
1.591881967324198961e+09
1.591881967526827097e+09
1.591881967724630117e+09
1.591881967924267054e+09
1.591881968124449968e+09
1.591881968323034048e+09
1.591881968526410103e+09
1.591881968724592924e+09
1.591881968924983978e+09
1.591881969124306917e+09
1.591881969323282003e+09
1.591881969523192883e+09
1.591881969718065977e+09
1.591881969923332930e+09
1.591881970123313904e+09
1.591881970322844028e+09
1.591881970525500059e+09
1.591881970723546982e+09
1.591881970923582077e+09
1.591881971126040936e+09
1.591881971325396061e+09
1.591881971524008036e+09
1.591881971727505922e+09
1.591881971923408985e+09
1.591881972121995926e+09
1.591881972321892977e+09
1.591881972522042036e+09
1.591881972724013090e+09
1.591881972923891068e+09
1.591881973122343063e+09
1.591881973322613001e+09
1.591881973522281885e+09
1.591881973723942995e+09
1.591881973922334909e+09
1.591881974121859074e+09
1.591881974323915005e+09
1.591881974524693966e+09
1.591881985707312107e+09
1.591881985911416054e+09
1.591881986109879971e+09
1.591881986309648991e+09
1.591881986507762909e+09
1.591881986710042953e+09
1.591881986910149097e+09
1.591881987110064983e+09
1.591881987309329033e+09
1.591881987510325909e+09
1.591881987710242987e+09
1.591881987909102917e+09
1.591881988110820055e+09
1.591881988310529947e+09
1.591881988511249065e+09
1.591881988710971117e+09
1.591881988912859917e+09
1.591881989108048916e+09
1.591881989309614897e+09
1.591881989508830070e+09
1.591881989707076073e+09
1.591881989907506943e+09
1.591881990108776093e+09
1.591881990309612036e+09
1.591881990506372929e+09
1.591881990706783056e+09
1.591881990909111977e+09
1.591881991106946945e+09
1.591881991308998108e+09
1.591881991506994009e+09
1.591881991709305048e+09
1.591881991910423040e+09
1.591881992111890078e+09
1.591881992310138941e+09
1.591881992507736921e+09
1.591881992709368944e+09
1.591881992909842014e+09
1.591881993109474897e+09
1.591881993308856964e+09
1.591881993505793095e+09
1.591881993707874060e+09
1.591881993907852888e+09
1.591881994106829882e+09
1.591881994308758020e+09
1.591881994507464886e+09
1.591881994706111908e+09
1.591881994906052113e+09
1.591881995106435061e+09
1.591881995310311079e+09
1.591881995508271933e+09
1.591882006888164043e+09
1.591882007093574047e+09
1.591882007292283058e+09
1.591882007492351055e+09
1.591882007694510937e+09
1.591882007892111063e+09
1.591882008092576027e+09
1.591882008294389009e+09
1.591882008494637012e+09
1.591882008694463015e+09
1.591882008892693043e+09
1.591882009093908072e+09
1.591882009294825077e+09
1.591882009494353056e+09
1.591882009694811106e+09
1.591882009892951965e+09
1.591882010095339060e+09
1.591882010294754982e+09
1.591882010492733955e+09
1.591882010692692041e+09
1.591882010893265009e+09
1.591882011092406034e+09
1.591882011290836096e+09
1.591882011492973089e+09
1.591882011692595005e+09
1.591882011891613007e+09
1.591882012091613054e+09
1.591882012291043997e+09
1.591882012491566896e+09
1.591882012690850973e+09
1.591882012894017935e+09
1.591882013091764927e+09
1.591882013291404009e+09
1.591882013490853071e+09
1.591882013692019939e+09
1.591882013893057108e+09
1.591882014089741945e+09
1.591882014289764881e+09
1.591882014492088079e+09
1.591882014689526081e+09
1.591882014890247107e+09
1.591882015091617107e+09
1.591882015292054892e+09
1.591882015489736080e+09
1.591882015690614939e+09
1.591882015987726927e+09
1.591882016089054108e+09
1.591882016291520119e+09
1.591882016489650011e+09
1.591882027664077044e+09
1.591882027874691963e+09
1.591882028076987982e+09
1.591882028276092052e+09
1.591882028475060940e+09
1.591882028674882889e+09
1.591882028877510071e+09
1.591882029077425957e+09
1.591882029277776957e+09
1.591882029477279902e+09
1.591882029675456047e+09
1.591882029877161980e+09
1.591882030077373981e+09
1.591882030275243998e+09
1.591882030477489948e+09
1.591882030677706003e+09
1.591882030870919943e+09
1.591882031078319073e+09
1.591882031274895906e+09
1.591882031476460934e+09
1.591882031677325964e+09
1.591882031876184940e+09
1.591882032076900005e+09
1.591882032274780035e+09
1.591882032477124929e+09
1.591882032676086903e+09
1.591882032877393007e+09
1.591882033074440956e+09
1.591882033275437117e+09
1.591882033475480080e+09
1.591882033674431086e+09
1.591882033874718904e+09
1.591882034074450016e+09
1.591882034274806023e+09
1.591882034474790096e+09
1.591882034674014091e+09
1.591882034874665976e+09
1.591882035073867083e+09
1.591882035272921085e+09
1.591882035472887993e+09
1.591882035673222065e+09
1.591882036015256882e+09
1.591882036115813971e+09
1.591882036273303032e+09
1.591882036473619938e+09
1.591882036673161983e+09
1.591882036872684002e+09
1.591882037075249910e+09
1.591882037275365114e+09
1.591882037474376917e+09
1.591882060138892889e+09
1.591882060348500013e+09
1.591882060551260948e+09
1.591882060744889021e+09
1.591882060948385000e+09
1.591882061147237062e+09
1.591882061348972082e+09
1.591882061549119949e+09
1.591882061746840954e+09
1.591882061951818943e+09
1.591882062148603916e+09
1.591882062349041939e+09
1.591882062547976971e+09
1.591882062744290113e+09
1.591882062946924925e+09
1.591882063147104025e+09
1.591882063347623110e+09
1.591882063549380064e+09
1.591882063744918108e+09
1.591882063945451021e+09
1.591882064147576094e+09
1.591882064346761942e+09
1.591882064546273947e+09
1.591882064746305943e+09
1.591882064946736097e+09
1.591882065148190975e+09
1.591882065345577002e+09
1.591882065548309088e+09
1.591882065746958017e+09
1.591882065946059942e+09
1.591882066145601034e+09
1.591882066346581936e+09
1.591882066546372890e+09
1.591882066744080067e+09
1.591882066945933104e+09
1.591882067145256996e+09
1.591882067345011950e+09
1.591882067547575951e+09
1.591882067746531010e+09
1.591882067946809053e+09
1.591882068146512032e+09
1.591882068346647978e+09
1.591882068546650887e+09
1.591882068747570992e+09
1.591882068946048021e+09
1.591882069146085978e+09
1.591882069341814041e+09
1.591882069545500994e+09
1.591882069744620085e+09
1.591882080918026924e+09
1.591882081129257917e+09
1.591882081330013037e+09
1.591882081531528950e+09
1.591882081730110884e+09
1.591882081929214001e+09
1.591882082131880999e+09
1.591882082329508066e+09
1.591882082529448032e+09
1.591882082733850956e+09
1.591882082931252956e+09
1.591882083129700899e+09
1.591882083330075979e+09
1.591882083529719114e+09
1.591882083727441072e+09
1.591882083927321911e+09
1.591882084129847050e+09
1.591882084329885960e+09
1.591882084527595997e+09
1.591882084727691889e+09
1.591882084928220987e+09
1.591882085129040003e+09
1.591882085330184937e+09
1.591882085530579090e+09
1.591882085725977898e+09
1.591882085929919958e+09
1.591882086128829956e+09
1.591882086326203108e+09
1.591882086529769897e+09
1.591882086722541094e+09
1.591882086928184986e+09
1.591882087129694939e+09
1.591882087329207897e+09
1.591882087526365042e+09
1.591882087726947069e+09
1.591882087927021980e+09
1.591882088128494024e+09
1.591882088326909065e+09
1.591882088527535915e+09
1.591882088729321957e+09
1.591882088929054022e+09
1.591882089128056049e+09
1.591882089328201056e+09
1.591882089527534962e+09
1.591882089729923964e+09
1.591882089925142050e+09
1.591882090128794909e+09
1.591882090326984882e+09
1.591882090528188944e+09
1.591882090727379084e+09
1.591882102099095106e+09
1.591882102315208912e+09
1.591882102515536070e+09
1.591882102712970972e+09
1.591882102911618948e+09
1.591882103114391088e+09
1.591882103315290928e+09
1.591882103515739918e+09
1.591882103713401079e+09
1.591882103916953087e+09
1.591882104114484072e+09
1.591882104314280033e+09
1.591882104512763977e+09
1.591882104711215019e+09
1.591882104911931992e+09
1.591882105113951921e+09
1.591882105312159061e+09
1.591882105511540890e+09
1.591882105712071896e+09
1.591882105913877010e+09
1.591882106276916981e+09
1.591882106390455961e+09
1.591882106540848970e+09
1.591882106714668989e+09
1.591882106911787033e+09
1.591882107111629963e+09
1.591882107312016964e+09
1.591882107513699055e+09
1.591882107710181952e+09
1.591882107911955118e+09
1.591882108109853029e+09
1.591882108312824011e+09
1.591882108510556936e+09
1.591882108710555077e+09
1.591882108910442114e+09
1.591882109112886906e+09
1.591882109309986115e+09
1.591882109512972116e+09
1.591882109713200092e+09
1.591882109911241055e+09
1.591882110113393068e+09
1.591882110310663939e+09
1.591882110513721943e+09
1.591882110711764097e+09
1.591882110913007021e+09
1.591882111248505116e+09
1.591882111372704983e+09
1.591882111525598049e+09
1.591882111710256100e+09
1.591882122873430967e+09
1.591882123097562075e+09
1.591882123299649000e+09
1.591882123499995947e+09
1.591882123697890997e+09
1.591882123897064924e+09
1.591882124100704908e+09
1.591882124297611952e+09
1.591882124499584913e+09
1.591882124699883938e+09
1.591882124898477077e+09
1.591882125098249912e+09
1.591882125298109055e+09
1.591882125497842073e+09
1.591882125696219921e+09
1.591882125898102045e+09
1.591882126096020937e+09
1.591882126295883894e+09
1.591882126498524904e+09
1.591882126696261883e+09
1.591882126897032976e+09
1.591882127098248959e+09
1.591882127296901941e+09
1.591882127496893883e+09
1.591882127699090958e+09
1.591882127896518946e+09
1.591882128097119093e+09
1.591882128294584990e+09
1.591882128496475935e+09
1.591882128694454908e+09
1.591882128894881964e+09
1.591882129097348928e+09
1.591882129296327114e+09
1.591882129495330095e+09
1.591882129695836067e+09
1.591882129896787882e+09
1.591882130096188068e+09
1.591882130293804884e+09
1.591882130493189096e+09
1.591882130697721958e+09
1.591882130897480965e+09
1.591882131095328093e+09
1.591882131294982910e+09
1.591882131497383118e+09
1.591882131697674036e+09
1.591882131895930052e+09
1.591882132093436956e+09
1.591882132295774937e+09
1.591882132493364096e+09
1.591882132695638895e+09
1.591882144058218956e+09
1.591882144282227993e+09
1.591882144481713057e+09
1.591882144679445982e+09
1.591882144881829977e+09
1.591882145079444885e+09
1.591882145280205965e+09
1.591882145480268002e+09
1.591882145680124998e+09
1.591882145882294893e+09
1.591882146080504894e+09
1.591882146278995991e+09
1.591882146577744961e+09
1.591882146715101957e+09
1.591882146877995968e+09
1.591882147080765009e+09
1.591882147281663895e+09
1.591882147478898048e+09
1.591882147680356979e+09
1.591882147880731106e+09
1.591882148079108000e+09
1.591882148281790972e+09
1.591882148478941917e+09
1.591882148678833008e+09
1.591882148880239010e+09
1.591882149080199003e+09
1.591882149279113054e+09
1.591882149478363991e+09
1.591882149676496029e+09
1.591882149877012014e+09
1.591882150076684952e+09
1.591882150277384043e+09
1.591882150477161884e+09
1.591882150679251909e+09
1.591882150876952887e+09
1.591882151077025890e+09
1.591882151277045012e+09
1.591882151590214968e+09
1.591882151723639011e+09
1.591882151875487089e+09
1.591882152079595089e+09
1.591882152276902914e+09
1.591882152477780104e+09
1.591882152677198887e+09
1.591882152874264002e+09
1.591882153077645063e+09
1.591882153275954962e+09
1.591882153477475882e+09
1.591882153677556038e+09
1.591882165041269064e+09
1.591882165263072014e+09
1.591882165466500044e+09
1.591882165663513899e+09
1.591882165866986036e+09
1.591882166066452026e+09
1.591882166262233973e+09
1.591882166463758945e+09
1.591882166787307024e+09
1.591882166925684929e+09
1.591882167098625898e+09
1.591882167261320114e+09
1.591882167461827040e+09
1.591882167661676884e+09
1.591882167862802029e+09
1.591882168062041998e+09
1.591882168262012959e+09
1.591882168461513996e+09
1.591882168661724091e+09
1.591882168863116980e+09
1.591882169062484980e+09
1.591882169264524937e+09
1.591882169465321064e+09
1.591882169664833069e+09
1.591882169863904953e+09
1.591882170061032057e+09
1.591882170261641979e+09
1.591882170460642099e+09
1.591882170661463022e+09
1.591882170861985922e+09
1.591882171062995911e+09
1.591882171261779070e+09
1.591882171462064028e+09
1.591882171660907984e+09
1.591882171861481905e+09
1.591882172063344002e+09
1.591882172261843920e+09
1.591882172462737083e+09
1.591882172665092945e+09
1.591882172864315987e+09
1.591882173062388897e+09
1.591882173261096001e+09
1.591882173461234093e+09
1.591882173658740997e+09
1.591882173860944033e+09
1.591882174059606075e+09
1.591882174260459900e+09
1.591882174462070942e+09
1.591882174660404921e+09
1.591882186021832943e+09
1.591882186248640060e+09
1.591882186446983099e+09
1.591882186733616114e+09
1.591882186874275923e+09
1.591882187047540903e+09
1.591882187248096943e+09
1.591882187446908951e+09
1.591882187647504091e+09
1.591882187849730015e+09
1.591882188047375917e+09
1.591882188248120070e+09
1.591882188446866035e+09
1.591882188647782087e+09
1.591882188845760107e+09
1.591882189046561956e+09
1.591882189245882034e+09
1.591882189448390961e+09
1.591882189645132065e+09
1.591882189846462965e+09
1.591882190046303988e+09
1.591882190246675968e+09
1.591882190446914911e+09
1.591882190647361040e+09
1.591882190847456932e+09
1.591882191047204971e+09
1.591882191244220018e+09
1.591882191445238113e+09
1.591882191644834042e+09
1.591882191843765020e+09
1.591882192044483900e+09
1.591882192244745970e+09
1.591882192448261023e+09
1.591882192644608021e+09
1.591882192844852924e+09
1.591882193046143055e+09
1.591882193246314049e+09
1.591882193448829889e+09
1.591882193646872997e+09
1.591882193845418930e+09
1.591882194044857025e+09
1.591882194245276928e+09
1.591882194446293116e+09
1.591882194642447948e+09
1.591882194843983889e+09
1.591882195045100927e+09
1.591882195244327068e+09
1.591882195445069075e+09
1.591882195645157099e+09
1.591882207004944086e+09
1.591882207231611013e+09
1.591882207432356119e+09
1.591882207632726908e+09
1.591882207830940008e+09
1.591882208032866955e+09
1.591882208232718945e+09
1.591882208432879925e+09
1.591882208631124020e+09
1.591882208830337048e+09
1.591882209032638073e+09
1.591882209229235888e+09
1.591882209429543018e+09
1.591882209629451990e+09
1.591882209829248905e+09
1.591882210030116081e+09
1.591882210231756926e+09
1.591882210429708004e+09
1.591882210629367113e+09
1.591882210832405090e+09
1.591882211028835058e+09
1.591882211227062941e+09
1.591882211431021929e+09
1.591882211631112099e+09
1.591882211829504967e+09
1.591882212032537937e+09
1.591882212228110075e+09
1.591882212428090096e+09
1.591882212629734039e+09
1.591882212829550982e+09
1.591882213027915001e+09
1.591882213230232000e+09
1.591882213430124998e+09
1.591882213628334999e+09
1.591882213828208923e+09
1.591882214026526928e+09
1.591882214228524923e+09
1.591882214428993940e+09
1.591882214626094103e+09
1.591882214828979969e+09
1.591882215028747082e+09
1.591882215226623058e+09
1.591882215428663969e+09
1.591882215628667116e+09
1.591882215827239037e+09
1.591882216027640104e+09
1.591882216227601051e+09
1.591882216427877903e+09
1.591882216628957033e+09
1.591882227781634092e+09
1.591882228016051054e+09
1.591882228216068029e+09
1.591882228414108992e+09
1.591882228614044905e+09
1.591882228815073967e+09
1.591882229016616106e+09
1.591882229212047100e+09
1.591882229415266037e+09
1.591882229617954016e+09
1.591882229815272093e+09
1.591882230015722990e+09
1.591882230215339899e+09
1.591882230414650917e+09
1.591882230616755009e+09
1.591882230813488007e+09
1.591882231013221025e+09
1.591882231212337971e+09
1.591882231415805101e+09
1.591882231615791082e+09
1.591882231815334082e+09
1.591882232015428066e+09
1.591882232215280056e+09
1.591882232414964914e+09
1.591882232611749887e+09
1.591882232947587967e+09
1.591882233151034117e+09
1.591882233310066938e+09
1.591882233467063904e+09
1.591882233625550985e+09
1.591882233812942028e+09
1.591882234012559891e+09
1.591882234211815119e+09
1.591882234413855076e+09
1.591882234614816904e+09
1.591882234811652899e+09
1.591882235014482975e+09
1.591882235213221073e+09
1.591882235414259911e+09
1.591882235613928080e+09
1.591882235812169075e+09
1.591882236012115955e+09
1.591882236212555885e+09
1.591882236410046101e+09
1.591882236610960960e+09
1.591882236810230970e+09
1.591882237009609938e+09
1.591882237209781885e+09
1.591882237410669088e+09
1.591882237613010883e+09
1.591882249162440062e+09
1.591882249396207094e+09
1.591882249598963976e+09
1.591882249796760082e+09
1.591882249993222952e+09
1.591882250197592974e+09
1.591882250397880077e+09
1.591882250598722935e+09
1.591882250795711994e+09
1.591882250997864962e+09
1.591882251198235035e+09
1.591882251399152040e+09
1.591882251595362902e+09
1.591882251797827959e+09
1.591882251997158051e+09
1.591882252196294069e+09
1.591882252398190022e+09
1.591882252596724033e+09
1.591882252850838900e+09
1.591882253022838116e+09
1.591882253193823099e+09
1.591882253397636890e+09
1.591882253596043110e+09
1.591882253793217897e+09
1.591882253996205091e+09
1.591882254195082903e+09
1.591882254392512083e+09
1.591882254595944881e+09
1.591882254795134068e+09
1.591882254992104053e+09
1.591882255197151899e+09
1.591882255396992922e+09
1.591882255596028090e+09
1.591882255795092106e+09
1.591882255997805119e+09
1.591882256193123102e+09
1.591882256395009995e+09
1.591882256598352909e+09
1.591882256794198990e+09
1.591882256993419886e+09
1.591882257193772078e+09
1.591882257393088102e+09
1.591882257592535973e+09
1.591882257863569975e+09
1.591882258039371014e+09
1.591882258214574099e+09
1.591882258393485069e+09
1.591882258595417976e+09
1.591882258796643972e+09
