6.630000000000000338e-01
6.630000000000000338e-01
6.630000000000000338e-01
6.670000000000000373e-01
6.740000000000000435e-01
6.989999999999999547e-01
6.979999999999999538e-01
6.969999999999999529e-01
6.969999999999999529e-01
6.969999999999999529e-01
6.979999999999999538e-01
7.029999999999999583e-01
7.109999999999999654e-01
7.309999999999999831e-01
7.309999999999999831e-01
7.299999999999999822e-01
7.299999999999999822e-01
7.299999999999999822e-01
7.319999999999999840e-01
7.369999999999999885e-01
7.459999999999999964e-01
7.650000000000000133e-01
7.640000000000000124e-01
7.630000000000000115e-01
7.630000000000000115e-01
7.630000000000000115e-01
7.670000000000000151e-01
7.740000000000000213e-01
7.990000000000000435e-01
7.980000000000000426e-01
7.970000000000000417e-01
7.960000000000000409e-01
7.960000000000000409e-01
7.980000000000000426e-01
8.030000000000000471e-01
8.120000000000000551e-01
8.309999999999999609e-01
8.299999999999999600e-01
8.299999999999999600e-01
8.299999999999999600e-01
8.299999999999999600e-01
8.319999999999999618e-01
8.379999999999999671e-01
8.459999999999999742e-01
8.639999999999999902e-01
8.629999999999999893e-01
8.629999999999999893e-01
8.629999999999999893e-01
8.629999999999999893e-01
8.669999999999999929e-01
8.739999999999999991e-01
8.980000000000000204e-01
8.970000000000000195e-01
8.960000000000000187e-01
8.960000000000000187e-01
8.960000000000000187e-01
8.970000000000000195e-01
9.030000000000000249e-01
9.120000000000000329e-01
9.300000000000000488e-01
9.300000000000000488e-01
9.290000000000000480e-01
9.290000000000000480e-01
9.290000000000000480e-01
9.310000000000000497e-01
9.379999999999999449e-01
9.659999999999999698e-01
9.639999999999999680e-01
9.629999999999999671e-01
9.619999999999999662e-01
9.619999999999999662e-01
9.629999999999999671e-01
9.669999999999999707e-01
9.749999999999999778e-01
9.969999999999999973e-01
9.959999999999999964e-01
9.949999999999999956e-01
9.949999999999999956e-01
9.949999999999999956e-01
9.969999999999999973e-01
1.004000000000000004e+00
1.012999999999999901e+00
1.030000000000000027e+00
1.028999999999999915e+00
1.028000000000000025e+00
1.028000000000000025e+00
1.028000000000000025e+00
1.030999999999999917e+00
1.038000000000000034e+00
1.064000000000000057e+00
1.062999999999999945e+00
1.062000000000000055e+00
1.060999999999999943e+00
1.060999999999999943e+00
1.062000000000000055e+00
1.066999999999999948e+00
1.076000000000000068e+00
1.084999999999999964e+00
1.092000000000000082e+00
1.094999999999999973e+00
1.096000000000000085e+00
1.096000000000000085e+00
1.096000000000000085e+00
1.096999999999999975e+00
1.133999999999999897e+00
1.129999999999999893e+00
1.129000000000000004e+00
1.129000000000000004e+00
1.127999999999999892e+00
1.127999999999999892e+00
1.131000000000000005e+00
1.139000000000000012e+00
1.163999999999999924e+00
1.161999999999999922e+00
1.161000000000000032e+00
1.161000000000000032e+00
1.161000000000000032e+00
1.163000000000000034e+00
1.167999999999999927e+00
1.177000000000000046e+00
1.195999999999999952e+00
1.195000000000000062e+00
1.195000000000000062e+00
1.195000000000000062e+00
1.195000000000000062e+00
1.195999999999999952e+00
1.201999999999999957e+00
1.211000000000000076e+00
1.229000000000000092e+00
1.229000000000000092e+00
1.227999999999999980e+00
1.227999999999999980e+00
1.227999999999999980e+00
1.231999999999999984e+00
1.239000000000000101e+00
1.262999999999999901e+00
1.262000000000000011e+00
1.262000000000000011e+00
1.260999999999999899e+00
1.260999999999999899e+00
1.262000000000000011e+00
1.268000000000000016e+00
1.276000000000000023e+00
1.296000000000000041e+00
1.294999999999999929e+00
1.294000000000000039e+00
1.294000000000000039e+00
1.294000000000000039e+00
1.296000000000000041e+00
1.794000000000000039e+00
1.794000000000000039e+00
1.796999999999999931e+00
1.800000000000000044e+00
1.806999999999999940e+00
1.808999999999999941e+00
1.814999999999999947e+00
1.818000000000000060e+00
1.822000000000000064e+00
1.822999999999999954e+00
1.826999999999999957e+00
1.828999999999999959e+00
1.832999999999999963e+00
1.834999999999999964e+00
1.838999999999999968e+00
1.858999999999999986e+00
1.860000000000000098e+00
1.868000000000000105e+00
1.885999999999999899e+00
1.889000000000000012e+00
1.895000000000000018e+00
1.893999999999999906e+00
1.893000000000000016e+00
1.893000000000000016e+00
1.893000000000000016e+00
1.897000000000000020e+00
1.899999999999999911e+00
1.905999999999999917e+00
1.909000000000000030e+00
1.915000000000000036e+00
1.917000000000000037e+00
1.921999999999999931e+00
1.923000000000000043e+00
1.925999999999999934e+00
1.927999999999999936e+00
1.931999999999999940e+00
1.935000000000000053e+00
1.939000000000000057e+00
1.957999999999999963e+00
1.959999999999999964e+00
1.969000000000000083e+00
1.987000000000000099e+00
1.989000000000000101e+00
1.993999999999999995e+00
1.993000000000000105e+00
1.991999999999999993e+00
1.991999999999999993e+00
1.993000000000000105e+00
1.997000000000000108e+00
2.000000000000000000e+00
2.005999999999999783e+00
2.008999999999999897e+00
2.015000000000000124e+00
2.016999999999999904e+00
2.020999999999999908e+00
2.023000000000000131e+00
2.025999999999999801e+00
2.028000000000000025e+00
2.032000000000000028e+00
2.035000000000000142e+00
2.039000000000000146e+00
2.056999999999999940e+00
2.065999999999999837e+00
2.076000000000000068e+00
2.091000000000000192e+00
2.091000000000000192e+00
2.092999999999999972e+00
2.092000000000000082e+00
2.091000000000000192e+00
2.091000000000000192e+00
2.095000000000000195e+00
2.100999999999999979e+00
2.104000000000000092e+00
2.108999999999999986e+00
2.112000000000000099e+00
2.116999999999999993e+00
2.119000000000000217e+00
2.121999999999999886e+00
2.124000000000000110e+00
2.128000000000000114e+00
2.129999999999999893e+00
2.133999999999999897e+00
2.137000000000000011e+00
2.156000000000000139e+00
2.158999999999999808e+00
2.168000000000000149e+00
2.185999999999999943e+00
2.188000000000000167e+00
2.192000000000000171e+00
2.190999999999999837e+00
2.189999999999999947e+00
2.189999999999999947e+00
2.190999999999999837e+00
2.194999999999999840e+00
2.197999999999999954e+00
2.204000000000000181e+00
2.206999999999999851e+00
2.213000000000000078e+00
2.214999999999999858e+00
2.218999999999999861e+00
2.220000000000000195e+00
2.224000000000000199e+00
2.225999999999999979e+00
2.229999999999999982e+00
2.233000000000000096e+00
2.254999999999999893e+00
2.254999999999999893e+00
2.257000000000000117e+00
2.269000000000000128e+00
2.277000000000000135e+00
2.287999999999999812e+00
2.287999999999999812e+00
2.290000000000000036e+00
2.290000000000000036e+00
2.289000000000000146e+00
2.290000000000000036e+00
2.293000000000000149e+00
2.298000000000000043e+00
2.301000000000000156e+00
2.306999999999999940e+00
2.310000000000000053e+00
2.314999999999999947e+00
2.317000000000000171e+00
2.319999999999999840e+00
2.322000000000000064e+00
2.326000000000000068e+00
2.327999999999999847e+00
2.331999999999999851e+00
2.354000000000000092e+00
2.354000000000000092e+00
2.357000000000000206e+00
2.369000000000000217e+00
2.376999999999999780e+00
2.387999999999999901e+00
2.387999999999999901e+00
2.390000000000000124e+00
2.388999999999999790e+00
2.387999999999999901e+00
2.390000000000000124e+00
2.391999999999999904e+00
2.398000000000000131e+00
2.400999999999999801e+00
2.407000000000000028e+00
2.410000000000000142e+00
2.415000000000000036e+00
2.415999999999999925e+00
2.419999999999999929e+00
2.420999999999999819e+00
2.424999999999999822e+00
2.686999999999999833e+00
2.685999999999999943e+00
2.689999999999999947e+00
2.693000000000000060e+00
2.697999999999999954e+00
2.701000000000000068e+00
2.706999999999999851e+00
2.709999999999999964e+00
2.714999999999999858e+00
2.716000000000000192e+00
2.718999999999999861e+00
2.721000000000000085e+00
2.725000000000000089e+00
2.728000000000000203e+00
2.732000000000000206e+00
2.751999999999999780e+00
2.751999999999999780e+00
2.758000000000000007e+00
2.774000000000000021e+00
2.779999999999999805e+00
2.786999999999999922e+00
2.786000000000000032e+00
2.786000000000000032e+00
2.786000000000000032e+00
2.786000000000000032e+00
2.789000000000000146e+00
2.791999999999999815e+00
2.798000000000000043e+00
2.801000000000000156e+00
2.806000000000000050e+00
2.809000000000000163e+00
2.814000000000000057e+00
2.814999999999999947e+00
2.818999999999999950e+00
2.819999999999999840e+00
2.823999999999999844e+00
2.826999999999999957e+00
2.830999999999999961e+00
2.851999999999999869e+00
2.851999999999999869e+00
2.858000000000000096e+00
2.874000000000000110e+00
2.879000000000000004e+00
2.887000000000000011e+00
2.886000000000000121e+00
2.887000000000000011e+00
2.886000000000000121e+00
2.884999999999999787e+00
2.887999999999999901e+00
2.891000000000000014e+00
2.896999999999999797e+00
2.899999999999999911e+00
2.906000000000000139e+00
2.908999999999999808e+00
2.912999999999999812e+00
2.915000000000000036e+00
2.918000000000000149e+00
2.919999999999999929e+00
2.923999999999999932e+00
2.926000000000000156e+00
2.930000000000000160e+00
2.951000000000000068e+00
2.951000000000000068e+00
2.955999999999999961e+00
2.971000000000000085e+00
2.976999999999999869e+00
2.986000000000000210e+00
2.984999999999999876e+00
2.986000000000000210e+00
2.986000000000000210e+00
2.984999999999999876e+00
2.987000000000000099e+00
2.990000000000000213e+00
2.995999999999999996e+00
2.999000000000000110e+00
3.004999999999999893e+00
3.007000000000000117e+00
3.012000000000000011e+00
3.013999999999999790e+00
3.016999999999999904e+00
3.019000000000000128e+00
3.023000000000000131e+00
3.024999999999999911e+00
3.028999999999999915e+00
3.049999999999999822e+00
3.049999999999999822e+00
3.055000000000000160e+00
3.068999999999999950e+00
3.076000000000000068e+00
3.084999999999999964e+00
3.084000000000000075e+00
3.084999999999999964e+00
3.084999999999999964e+00
3.084000000000000075e+00
3.085999999999999854e+00
3.088999999999999968e+00
3.095000000000000195e+00
3.097999999999999865e+00
3.104000000000000092e+00
3.105999999999999872e+00
3.111000000000000210e+00
3.112999999999999989e+00
3.116000000000000103e+00
3.117999999999999883e+00
3.121999999999999886e+00
3.124000000000000110e+00
3.129000000000000004e+00
3.149000000000000021e+00
3.149999999999999911e+00
3.154999999999999805e+00
3.169999999999999929e+00
3.176000000000000156e+00
3.184000000000000163e+00
3.184000000000000163e+00
3.184000000000000163e+00
3.184000000000000163e+00
3.182999999999999829e+00
3.185999999999999943e+00
3.189000000000000057e+00
3.194999999999999840e+00
3.197999999999999954e+00
3.204000000000000181e+00
3.205999999999999961e+00
3.210999999999999854e+00
3.212000000000000188e+00
3.216000000000000192e+00
3.217999999999999972e+00
3.221000000000000085e+00
3.224000000000000199e+00
3.228000000000000203e+00
3.248000000000000220e+00
3.248000000000000220e+00
3.254000000000000004e+00
3.270000000000000018e+00
3.274999999999999911e+00
3.282999999999999918e+00
3.282999999999999918e+00
3.282999999999999918e+00
3.282999999999999918e+00
3.282000000000000028e+00
3.285000000000000142e+00
3.287999999999999812e+00
3.294000000000000039e+00
3.295999999999999819e+00
3.302000000000000046e+00
3.305000000000000160e+00
3.310000000000000053e+00
3.310999999999999943e+00
3.314000000000000057e+00
3.580000000000000071e+00
3.579000000000000181e+00
3.579000000000000181e+00
3.579000000000000181e+00
3.583000000000000185e+00
3.585999999999999854e+00
3.592000000000000082e+00
3.595000000000000195e+00
3.600000000000000089e+00
3.603000000000000203e+00
3.607000000000000206e+00
3.608999999999999986e+00
3.612000000000000099e+00
3.613999999999999879e+00
3.617999999999999883e+00
3.620999999999999996e+00
3.625000000000000000e+00
3.644000000000000128e+00
3.645000000000000018e+00
3.653000000000000025e+00
3.670999999999999819e+00
3.673999999999999932e+00
3.678999999999999826e+00
3.678999999999999826e+00
3.677999999999999936e+00
3.677999999999999936e+00
3.677999999999999936e+00
3.681999999999999940e+00
3.685000000000000053e+00
3.690999999999999837e+00
3.693999999999999950e+00
3.700000000000000178e+00
3.701999999999999957e+00
3.706999999999999851e+00
3.708000000000000185e+00
3.710999999999999854e+00
3.713000000000000078e+00
3.717000000000000082e+00
3.720000000000000195e+00
3.724000000000000199e+00
3.742999999999999883e+00
3.745000000000000107e+00
3.753000000000000114e+00
3.770000000000000018e+00
3.774000000000000021e+00
3.778999999999999915e+00
3.778000000000000025e+00
3.778000000000000025e+00
3.777000000000000135e+00
3.778000000000000025e+00
3.782000000000000028e+00
3.785000000000000142e+00
3.790999999999999925e+00
3.794000000000000039e+00
3.799999999999999822e+00
3.802000000000000046e+00
3.806999999999999940e+00
3.807999999999999829e+00
3.810999999999999943e+00
3.813000000000000167e+00
3.817000000000000171e+00
3.819999999999999840e+00
3.823999999999999844e+00
3.842999999999999972e+00
3.846999999999999975e+00
3.857000000000000206e+00
3.874000000000000110e+00
3.875000000000000000e+00
3.879000000000000004e+00
3.878000000000000114e+00
3.876999999999999780e+00
3.876999999999999780e+00
3.878000000000000114e+00
3.883000000000000007e+00
3.886000000000000121e+00
3.891999999999999904e+00
3.895000000000000018e+00
3.899999999999999911e+00
3.903000000000000025e+00
3.906000000000000139e+00
3.907999999999999918e+00
3.911000000000000032e+00
3.912999999999999812e+00
3.916999999999999815e+00
3.919000000000000039e+00
3.923999999999999932e+00
3.942000000000000171e+00
3.943999999999999950e+00
3.954000000000000181e+00
3.971999999999999975e+00
3.972999999999999865e+00
3.976999999999999869e+00
3.976999999999999869e+00
3.975000000000000089e+00
3.975000000000000089e+00
3.975999999999999979e+00
3.979999999999999982e+00
3.983999999999999986e+00
3.990000000000000213e+00
3.991999999999999993e+00
3.998000000000000220e+00
4.000000000000000000e+00
4.004999999999999893e+00
4.006000000000000227e+00
4.009000000000000341e+00
4.011000000000000121e+00
4.014999999999999680e+00
4.017000000000000348e+00
4.022000000000000242e+00
4.040000000000000036e+00
4.041999999999999815e+00
4.051000000000000156e+00
4.068999999999999950e+00
4.070999999999999730e+00
4.075999999999999623e+00
4.075000000000000178e+00
4.073999999999999844e+00
4.073999999999999844e+00
4.073999999999999844e+00
4.078999999999999737e+00
4.081999999999999851e+00
4.088000000000000078e+00
4.091000000000000192e+00
4.096000000000000085e+00
4.099000000000000199e+00
4.102999999999999758e+00
4.104000000000000092e+00
4.107000000000000206e+00
4.108999999999999986e+00
4.113000000000000433e+00
4.115999999999999659e+00
4.120000000000000107e+00
4.139000000000000234e+00
4.139999999999999680e+00
4.149000000000000021e+00
4.166000000000000369e+00
4.168999999999999595e+00
4.174000000000000377e+00
4.174000000000000377e+00
4.173000000000000043e+00
4.173000000000000043e+00
4.173000000000000043e+00
4.176999999999999602e+00
4.179999999999999716e+00
4.185999999999999943e+00
4.189000000000000057e+00
4.195000000000000284e+00
4.197000000000000064e+00
4.200999999999999623e+00
4.469000000000000306e+00
4.469000000000000306e+00
4.469000000000000306e+00
4.469000000000000306e+00
4.467999999999999972e+00
4.472000000000000419e+00
4.474999999999999645e+00
4.480999999999999872e+00
4.483999999999999986e+00
4.488999999999999879e+00
4.491999999999999993e+00
4.496999999999999886e+00
4.498000000000000220e+00
4.501000000000000334e+00
4.503000000000000114e+00
4.506999999999999673e+00
4.509999999999999787e+00
4.514000000000000234e+00
4.533000000000000362e+00
4.533999999999999808e+00
4.541999999999999815e+00
4.559000000000000163e+00
4.562999999999999723e+00
4.568999999999999950e+00
4.567999999999999616e+00
4.567999999999999616e+00
4.567000000000000171e+00
4.567000000000000171e+00
4.570999999999999730e+00
4.573999999999999844e+00
4.580000000000000071e+00
4.583000000000000185e+00
4.589000000000000412e+00
4.591000000000000192e+00
4.594999999999999751e+00
4.597000000000000419e+00
4.599999999999999645e+00
4.602000000000000313e+00
4.605999999999999872e+00
4.608999999999999986e+00
4.613000000000000433e+00
4.631999999999999673e+00
4.633000000000000007e+00
4.642000000000000348e+00
4.658999999999999808e+00
4.661999999999999922e+00
4.668000000000000149e+00
4.666999999999999815e+00
4.666000000000000369e+00
4.666000000000000369e+00
4.666999999999999815e+00
4.671000000000000263e+00
4.674000000000000377e+00
4.679999999999999716e+00
4.682999999999999829e+00
4.689000000000000057e+00
4.690999999999999837e+00
4.695000000000000284e+00
4.695999999999999730e+00
4.698999999999999844e+00
4.700999999999999623e+00
4.705000000000000071e+00
4.706999999999999851e+00
4.711000000000000298e+00
4.730999999999999872e+00
4.730999999999999872e+00
4.732999999999999652e+00
4.745000000000000107e+00
4.753000000000000114e+00
4.762999999999999901e+00
4.762999999999999901e+00
4.764999999999999680e+00
4.764999999999999680e+00
4.764000000000000234e+00
4.764000000000000234e+00
4.764000000000000234e+00
4.767999999999999794e+00
4.769999999999999574e+00
4.775999999999999801e+00
4.778999999999999915e+00
4.785000000000000142e+00
4.786999999999999922e+00
4.791000000000000369e+00
4.791999999999999815e+00
4.794999999999999929e+00
4.796000000000000263e+00
4.799000000000000377e+00
4.801000000000000156e+00
4.804999999999999716e+00
4.828000000000000291e+00
4.828000000000000291e+00
4.828000000000000291e+00
4.828999999999999737e+00
4.834999999999999964e+00
4.846000000000000085e+00
4.850999999999999979e+00
4.858999999999999986e+00
4.858999999999999986e+00
4.862000000000000099e+00
4.862000000000000099e+00
4.860999999999999766e+00
4.860999999999999766e+00
4.862000000000000099e+00
4.865000000000000213e+00
4.868000000000000327e+00
4.873000000000000220e+00
4.876000000000000334e+00
4.881999999999999673e+00
4.884000000000000341e+00
4.887999999999999901e+00
4.887999999999999901e+00
4.891000000000000014e+00
4.892999999999999794e+00
4.895999999999999908e+00
4.897999999999999687e+00
4.902000000000000135e+00
4.924999999999999822e+00
4.924999999999999822e+00
4.924999999999999822e+00
4.926999999999999602e+00
4.934000000000000163e+00
4.945999999999999730e+00
4.948999999999999844e+00
4.956999999999999851e+00
4.956999999999999851e+00
4.958000000000000185e+00
4.958000000000000185e+00
4.958000000000000185e+00
4.956999999999999851e+00
4.958999999999999631e+00
4.961999999999999744e+00
4.964999999999999858e+00
4.969999999999999751e+00
4.972999999999999865e+00
4.979000000000000092e+00
4.980999999999999872e+00
4.983999999999999986e+00
4.985000000000000320e+00
4.988000000000000433e+00
4.990000000000000213e+00
4.993000000000000327e+00
4.995000000000000107e+00
4.998999999999999666e+00
5.022000000000000242e+00
5.022000000000000242e+00
5.022000000000000242e+00
5.025000000000000355e+00
5.032000000000000028e+00
5.044999999999999929e+00
5.243999999999999773e+00
5.246000000000000441e+00
5.246000000000000441e+00
5.245000000000000107e+00
5.245000000000000107e+00
5.246000000000000441e+00
5.248999999999999666e+00
5.251999999999999780e+00
5.256999999999999673e+00
5.259999999999999787e+00
5.266000000000000014e+00
5.267999999999999794e+00
5.270999999999999908e+00
5.272000000000000242e+00
5.275000000000000355e+00
5.275999999999999801e+00
5.280000000000000249e+00
5.282000000000000028e+00
5.285000000000000142e+00
5.307999999999999829e+00
5.307999999999999829e+00
5.307999999999999829e+00
5.309000000000000163e+00
5.315000000000000391e+00
5.326999999999999957e+00
5.331000000000000405e+00
5.339000000000000412e+00
5.339000000000000412e+00
5.341000000000000192e+00
5.341000000000000192e+00
5.341000000000000192e+00
5.339999999999999858e+00
5.341000000000000192e+00
5.344000000000000306e+00
5.347000000000000419e+00
5.352000000000000313e+00
5.355000000000000426e+00
5.360000000000000320e+00
5.362000000000000099e+00
5.365999999999999659e+00
5.366999999999999993e+00
5.370000000000000107e+00
5.371000000000000441e+00
5.375000000000000000e+00
5.376999999999999780e+00
5.403999999999999915e+00
5.403999999999999915e+00
5.403999999999999915e+00
5.403999999999999915e+00
5.403999999999999915e+00
5.410000000000000142e+00
5.416999999999999815e+00
5.426000000000000156e+00
5.427999999999999936e+00
5.434000000000000163e+00
5.434000000000000163e+00
5.435999999999999943e+00
5.435999999999999943e+00
5.435999999999999943e+00
5.437000000000000277e+00
5.439000000000000057e+00
5.442000000000000171e+00
5.445000000000000284e+00
5.450000000000000178e+00
5.451999999999999957e+00
5.456999999999999851e+00
5.458999999999999631e+00
5.461999999999999744e+00
5.463000000000000078e+00
5.466000000000000192e+00
5.467999999999999972e+00
5.471000000000000085e+00
5.472999999999999865e+00
5.498000000000000220e+00
5.498000000000000220e+00
5.498000000000000220e+00
5.498999999999999666e+00
5.503000000000000114e+00
5.514000000000000234e+00
5.519000000000000128e+00
5.527000000000000135e+00
5.527999999999999581e+00
5.532000000000000028e+00
5.530999999999999694e+00
5.530999999999999694e+00
5.530999999999999694e+00
5.530999999999999694e+00
5.533000000000000362e+00
5.535999999999999588e+00
5.540000000000000036e+00
5.543000000000000149e+00
5.549000000000000377e+00
5.551000000000000156e+00
5.554999999999999716e+00
5.556000000000000050e+00
5.559000000000000163e+00
5.559999999999999609e+00
5.564000000000000057e+00
5.565999999999999837e+00
5.568999999999999950e+00
5.594000000000000306e+00
5.594000000000000306e+00
5.594000000000000306e+00
5.594000000000000306e+00
5.597000000000000419e+00
5.605999999999999872e+00
5.612000000000000099e+00
5.621000000000000441e+00
5.621999999999999886e+00
5.626999999999999780e+00
5.626999999999999780e+00
5.626999999999999780e+00
5.626999999999999780e+00
5.626999999999999780e+00
5.628000000000000114e+00
5.631000000000000227e+00
5.634999999999999787e+00
5.637999999999999901e+00
5.642999999999999794e+00
5.645999999999999908e+00
5.650000000000000355e+00
5.650999999999999801e+00
5.653999999999999915e+00
5.655999999999999694e+00
5.658999999999999808e+00
5.660999999999999588e+00
5.663999999999999702e+00
5.690000000000000391e+00
5.690000000000000391e+00
5.690000000000000391e+00
5.690000000000000391e+00
5.692000000000000171e+00
5.700000000000000178e+00
5.706999999999999851e+00
5.716000000000000192e+00
5.716999999999999638e+00
5.722000000000000419e+00
5.722000000000000419e+00
5.722999999999999865e+00
5.722999999999999865e+00
5.722999999999999865e+00
5.724000000000000199e+00
5.725999999999999979e+00
5.730000000000000426e+00
5.732999999999999652e+00
5.738000000000000433e+00
5.740999999999999659e+00
5.746000000000000441e+00
6.142000000000000348e+00
6.144999999999999574e+00
6.168000000000000149e+00
6.168000000000000149e+00
6.168000000000000149e+00
6.169999999999999929e+00
6.176999999999999602e+00
6.189000000000000057e+00
6.192999999999999616e+00
6.200000000000000178e+00
6.200000000000000178e+00
6.201999999999999957e+00
6.201999999999999957e+00
6.200999999999999623e+00
6.200999999999999623e+00
6.201999999999999957e+00
6.205000000000000071e+00
6.208000000000000185e+00
6.213000000000000078e+00
6.216000000000000192e+00
6.222000000000000419e+00
6.224000000000000199e+00
6.227000000000000313e+00
6.227999999999999758e+00
6.230999999999999872e+00
6.232000000000000206e+00
6.235999999999999766e+00
6.238000000000000433e+00
6.240999999999999659e+00
6.264000000000000234e+00
6.264000000000000234e+00
6.264000000000000234e+00
6.266000000000000014e+00
6.272999999999999687e+00
6.285000000000000142e+00
6.288000000000000256e+00
6.296000000000000263e+00
6.296000000000000263e+00
6.298000000000000043e+00
6.298000000000000043e+00
6.296999999999999709e+00
6.296999999999999709e+00
6.298000000000000043e+00
6.301000000000000156e+00
6.304000000000000270e+00
6.309000000000000163e+00
6.312000000000000277e+00
6.317000000000000171e+00
6.318999999999999950e+00
6.323000000000000398e+00
6.323999999999999844e+00
6.326999999999999957e+00
6.328000000000000291e+00
6.331000000000000405e+00
6.333000000000000185e+00
6.336999999999999744e+00
6.360000000000000320e+00
6.360000000000000320e+00
6.360000000000000320e+00
6.360999999999999766e+00
6.366999999999999993e+00
6.378999999999999559e+00
6.383000000000000007e+00
6.391000000000000014e+00
6.391000000000000014e+00
6.392999999999999794e+00
6.392999999999999794e+00
6.392999999999999794e+00
6.392000000000000348e+00
6.392999999999999794e+00
6.395999999999999908e+00
6.399000000000000021e+00
6.403999999999999915e+00
6.407000000000000028e+00
6.411999999999999922e+00
6.413999999999999702e+00
6.418000000000000149e+00
6.418999999999999595e+00
6.421999999999999709e+00
6.423000000000000043e+00
6.426000000000000156e+00
6.427999999999999936e+00
6.455000000000000071e+00
6.455000000000000071e+00
6.455000000000000071e+00
6.455000000000000071e+00
6.456000000000000405e+00
6.461999999999999744e+00
6.469000000000000306e+00
6.477999999999999758e+00
6.480000000000000426e+00
6.485999999999999766e+00
6.485999999999999766e+00
6.487000000000000099e+00
6.488000000000000433e+00
6.488000000000000433e+00
6.488000000000000433e+00
6.490999999999999659e+00
6.493999999999999773e+00
6.496999999999999886e+00
6.501999999999999780e+00
6.504999999999999893e+00
6.509999999999999787e+00
6.511000000000000121e+00
6.514000000000000234e+00
6.514999999999999680e+00
6.519000000000000128e+00
6.520999999999999908e+00
6.524000000000000021e+00
6.551000000000000156e+00
6.551000000000000156e+00
6.551000000000000156e+00
6.551000000000000156e+00
6.551999999999999602e+00
6.559000000000000163e+00
6.565999999999999837e+00
6.575000000000000178e+00
6.575999999999999623e+00
6.581999999999999851e+00
6.581999999999999851e+00
6.583000000000000185e+00
6.583999999999999631e+00
6.583999999999999631e+00
6.584999999999999964e+00
6.586999999999999744e+00
6.589999999999999858e+00
6.592999999999999972e+00
6.597999999999999865e+00
6.600999999999999979e+00
6.605999999999999872e+00
6.607000000000000206e+00
6.610999999999999766e+00
6.612000000000000099e+00
6.615000000000000213e+00
6.616999999999999993e+00
6.879999999999999893e+00
6.883000000000000007e+00
6.889000000000000234e+00
6.891000000000000014e+00
6.895999999999999908e+00
6.897000000000000242e+00
6.900000000000000355e+00
6.900999999999999801e+00
6.905000000000000249e+00
6.907000000000000028e+00
6.910999999999999588e+00
6.932999999999999829e+00
6.932999999999999829e+00
6.932999999999999829e+00
6.942000000000000171e+00
6.950999999999999623e+00
6.961999999999999744e+00
6.963000000000000078e+00
6.966999999999999638e+00
6.966000000000000192e+00
6.966000000000000192e+00
6.966000000000000192e+00
6.966999999999999638e+00
6.971000000000000085e+00
6.972999999999999865e+00
6.979000000000000092e+00
6.982000000000000206e+00
6.987000000000000099e+00
6.990000000000000213e+00
6.993000000000000327e+00
6.993999999999999773e+00
6.998000000000000220e+00
7.000000000000000000e+00
7.003000000000000114e+00
7.006000000000000227e+00
7.009999999999999787e+00
7.028999999999999915e+00
7.028999999999999915e+00
7.035000000000000142e+00
7.051000000000000156e+00
7.056000000000000050e+00
7.062999999999999723e+00
7.062999999999999723e+00
7.062999999999999723e+00
7.062999999999999723e+00
7.062000000000000277e+00
7.062999999999999723e+00
7.065999999999999837e+00
7.070999999999999730e+00
7.073999999999999844e+00
7.080000000000000071e+00
7.081999999999999851e+00
7.086999999999999744e+00
7.089000000000000412e+00
7.091999999999999638e+00
7.092999999999999972e+00
7.096000000000000085e+00
7.099000000000000199e+00
7.102000000000000313e+00
7.105000000000000426e+00
7.125000000000000000e+00
7.125000000000000000e+00
7.128999999999999559e+00
7.142999999999999794e+00
7.150000000000000355e+00
7.158000000000000362e+00
7.158000000000000362e+00
7.158999999999999808e+00
7.158000000000000362e+00
7.157000000000000028e+00
7.158000000000000362e+00
7.160999999999999588e+00
7.166000000000000369e+00
7.168999999999999595e+00
7.174999999999999822e+00
7.177999999999999936e+00
7.182999999999999829e+00
7.184000000000000163e+00
7.187000000000000277e+00
7.189000000000000057e+00
7.192000000000000171e+00
7.195000000000000284e+00
7.198000000000000398e+00
7.200999999999999623e+00
7.221000000000000085e+00
7.221000000000000085e+00
7.225999999999999979e+00
7.240000000000000213e+00
7.246000000000000441e+00
7.254999999999999893e+00
7.253999999999999559e+00
7.254999999999999893e+00
7.254999999999999893e+00
7.253999999999999559e+00
7.254999999999999893e+00
7.256999999999999673e+00
7.262999999999999901e+00
7.266000000000000014e+00
7.270999999999999908e+00
7.274000000000000021e+00
7.278999999999999915e+00
7.280999999999999694e+00
7.283999999999999808e+00
7.285000000000000142e+00
7.288999999999999702e+00
7.291000000000000369e+00
7.294999999999999929e+00
7.296999999999999709e+00
7.317999999999999616e+00
7.317999999999999616e+00
7.320999999999999730e+00
7.334999999999999964e+00
7.341999999999999638e+00
7.350999999999999979e+00
7.350999999999999979e+00
7.352000000000000313e+00
7.352000000000000313e+00
7.350999999999999979e+00
7.352000000000000313e+00
7.354000000000000092e+00
7.358999999999999986e+00
7.362000000000000099e+00
7.368000000000000327e+00
7.705000000000000071e+00
7.717999999999999972e+00
7.724999999999999645e+00
7.735000000000000320e+00
7.735000000000000320e+00
7.735999999999999766e+00
7.735999999999999766e+00
7.735000000000000320e+00
7.735000000000000320e+00
7.737000000000000099e+00
7.741999999999999993e+00
7.745000000000000107e+00
7.751000000000000334e+00
7.753999999999999559e+00
7.759000000000000341e+00
7.761000000000000121e+00
7.764000000000000234e+00
7.764999999999999680e+00
7.767999999999999794e+00
7.769999999999999574e+00
7.774000000000000021e+00
7.777000000000000135e+00
7.796999999999999709e+00
7.796999999999999709e+00
7.799999999999999822e+00
7.812000000000000277e+00
7.820000000000000284e+00
7.828999999999999737e+00
7.828999999999999737e+00
7.831999999999999851e+00
7.831000000000000405e+00
7.830000000000000071e+00
7.831000000000000405e+00
7.833000000000000185e+00
7.836999999999999744e+00
7.839999999999999858e+00
7.846000000000000085e+00
7.849000000000000199e+00
7.854000000000000092e+00
7.855999999999999872e+00
7.858999999999999986e+00
7.860000000000000320e+00
7.863999999999999879e+00
7.865999999999999659e+00
7.870000000000000107e+00
7.871999999999999886e+00
7.892999999999999794e+00
7.892999999999999794e+00
7.894999999999999574e+00
7.907000000000000028e+00
7.915000000000000036e+00
7.924999999999999822e+00
7.924999999999999822e+00
7.926999999999999602e+00
7.926000000000000156e+00
7.924999999999999822e+00
7.926000000000000156e+00
7.927999999999999936e+00
7.932999999999999829e+00
7.934999999999999609e+00
7.940999999999999837e+00
7.943999999999999950e+00
7.948999999999999844e+00
7.950999999999999623e+00
7.953999999999999737e+00
7.956000000000000405e+00
7.958999999999999631e+00
7.961000000000000298e+00
7.964999999999999858e+00
7.966999999999999638e+00
7.988999999999999879e+00
7.988999999999999879e+00
7.990000000000000213e+00
8.000000000000000000e+00
8.009000000000000341e+00
8.019999999999999574e+00
8.021000000000000796e+00
8.023999999999999133e+00
8.022999999999999687e+00
8.022000000000000242e+00
8.022000000000000242e+00
8.022999999999999687e+00
8.026999999999999247e+00
8.029999999999999361e+00
8.035999999999999588e+00
8.038999999999999702e+00
8.044000000000000483e+00
8.045999999999999375e+00
8.050000000000000711e+00
8.051000000000000156e+00
8.054000000000000270e+00
8.055999999999999162e+00
8.060000000000000497e+00
8.061999999999999389e+00
8.085000000000000853e+00
8.085000000000000853e+00
8.085000000000000853e+00
8.092999999999999972e+00
8.102000000000000313e+00
8.112999999999999545e+00
8.115000000000000213e+00
8.118999999999999773e+00
8.118000000000000327e+00
8.118000000000000327e+00
8.118000000000000327e+00
8.118999999999999773e+00
8.121999999999999886e+00
8.125000000000000000e+00
8.130000000000000782e+00
8.132999999999999119e+00
8.138999999999999346e+00
8.141000000000000014e+00
8.144999999999999574e+00
8.146000000000000796e+00
8.519000000000000128e+00
8.521000000000000796e+00
8.526999999999999247e+00
8.528000000000000469e+00
8.532000000000000028e+00
8.532999999999999474e+00
8.535999999999999588e+00
8.538000000000000256e+00
8.541999999999999815e+00
8.544999999999999929e+00
8.566000000000000725e+00
8.566000000000000725e+00
8.567999999999999616e+00
8.580999999999999517e+00
8.587999999999999190e+00
8.598000000000000753e+00
8.598000000000000753e+00
8.599999999999999645e+00
8.599999999999999645e+00
8.598000000000000753e+00
8.599000000000000199e+00
8.601000000000000867e+00
8.605999999999999872e+00
8.608999999999999986e+00
8.615000000000000213e+00
8.617000000000000881e+00
8.622999999999999332e+00
8.625000000000000000e+00
8.628000000000000114e+00
8.628999999999999559e+00
8.632999999999999119e+00
8.634999999999999787e+00
8.638999999999999346e+00
8.641000000000000014e+00
8.663000000000000256e+00
8.663000000000000256e+00
8.664999999999999147e+00
8.676999999999999602e+00
8.683999999999999275e+00
8.695000000000000284e+00
8.695000000000000284e+00
8.696999999999999176e+00
8.696999999999999176e+00
8.695999999999999730e+00
8.695999999999999730e+00
8.698000000000000398e+00
8.701999999999999957e+00
8.705000000000000071e+00
8.711000000000000298e+00
8.714000000000000412e+00
8.718999999999999417e+00
8.721000000000000085e+00
8.724000000000000199e+00
8.724999999999999645e+00
8.728999999999999204e+00
8.730999999999999872e+00
8.734999999999999432e+00
8.737000000000000099e+00
