1.236800000000000033e+01
1.236800000000000033e+01
1.236999999999999922e+01
1.237400000000000055e+01
1.240099999999999980e+01
1.240000000000000036e+01
1.239899999999999913e+01
1.239899999999999913e+01
1.239899999999999913e+01
1.239899999999999913e+01
1.239899999999999913e+01
1.239899999999999913e+01
1.240099999999999980e+01
1.240600000000000058e+01
1.243200000000000038e+01
1.243099999999999916e+01
1.243099999999999916e+01
1.242999999999999972e+01
1.242999999999999972e+01
1.242999999999999972e+01
1.242999999999999972e+01
1.242999999999999972e+01
1.243099999999999916e+01
1.243599999999999994e+01
1.246400000000000041e+01
1.246299999999999919e+01
1.246199999999999974e+01
1.246100000000000030e+01
1.246100000000000030e+01
1.246100000000000030e+01
1.246100000000000030e+01
1.246100000000000030e+01
1.246199999999999974e+01
1.246599999999999930e+01
1.249699999999999989e+01
1.249399999999999977e+01
1.249300000000000033e+01
1.249300000000000033e+01
1.249300000000000033e+01
1.249300000000000033e+01
1.249300000000000033e+01
1.249300000000000033e+01
1.249300000000000033e+01
1.249600000000000044e+01
1.250200000000000067e+01
1.252500000000000036e+01
1.252500000000000036e+01
1.252399999999999913e+01
1.252399999999999913e+01
1.268099999999999916e+01
1.268599999999999994e+01
1.271299999999999919e+01
1.271199999999999974e+01
1.271100000000000030e+01
1.271100000000000030e+01
1.271100000000000030e+01
1.271100000000000030e+01
1.271100000000000030e+01
1.271100000000000030e+01
1.271199999999999974e+01
1.271599999999999930e+01
1.274499999999999922e+01
1.274399999999999977e+01
1.274300000000000033e+01
1.274300000000000033e+01
1.274300000000000033e+01
1.274300000000000033e+01
1.274300000000000033e+01
1.274300000000000033e+01
1.274300000000000033e+01
1.274699999999999989e+01
1.275300000000000011e+01
1.277599999999999980e+01
1.277500000000000036e+01
1.277500000000000036e+01
1.277500000000000036e+01
1.277500000000000036e+01
1.277500000000000036e+01
1.277500000000000036e+01
1.277500000000000036e+01
1.277699999999999925e+01
1.278200000000000003e+01
1.281199999999999939e+01
1.281099999999999994e+01
1.280799999999999983e+01
1.280599999999999916e+01
1.280300000000000082e+01
1.280199999999999960e+01
1.280300000000000082e+01
1.280400000000000027e+01
1.280700000000000038e+01
1.281199999999999939e+01
1.284099999999999930e+01
1.283799999999999919e+01
1.283699999999999974e+01
1.283600000000000030e+01
1.283600000000000030e+01
1.283500000000000085e+01
1.283500000000000085e+01
1.302699999999999925e+01
1.302599999999999980e+01
1.302599999999999980e+01
1.302599999999999980e+01
1.302599999999999980e+01
1.302599999999999980e+01
1.302599999999999980e+01
1.302599999999999980e+01
1.302800000000000047e+01
1.303200000000000003e+01
1.305899999999999928e+01
1.305799999999999983e+01
1.305700000000000038e+01
1.305700000000000038e+01
1.305700000000000038e+01
1.305700000000000038e+01
1.305700000000000038e+01
1.305700000000000038e+01
1.305700000000000038e+01
1.306099999999999994e+01
1.309299999999999997e+01
1.308999999999999986e+01
1.308900000000000041e+01
1.308900000000000041e+01
1.308900000000000041e+01
1.308900000000000041e+01
1.308900000000000041e+01
1.308900000000000041e+01
1.308900000000000041e+01
1.309099999999999930e+01
1.309600000000000009e+01
1.312199999999999989e+01
1.312100000000000044e+01
1.312100000000000044e+01
1.312100000000000044e+01
1.312100000000000044e+01
1.312100000000000044e+01
1.312100000000000044e+01
1.312100000000000044e+01
1.312199999999999989e+01
1.312599999999999945e+01
1.315600000000000058e+01
1.315399999999999991e+01
1.315300000000000047e+01
1.315300000000000047e+01
1.315300000000000047e+01
1.315300000000000047e+01
1.315300000000000047e+01
1.315300000000000047e+01
1.334200000000000053e+01
1.334099999999999930e+01
1.334099999999999930e+01
1.334099999999999930e+01
1.334099999999999930e+01
1.334099999999999930e+01
1.334099999999999930e+01
1.334099999999999930e+01
1.334299999999999997e+01
1.334800000000000075e+01
1.337400000000000055e+01
1.337299999999999933e+01
1.337299999999999933e+01
1.337299999999999933e+01
1.337299999999999933e+01
1.337299999999999933e+01
1.337299999999999933e+01
1.337299999999999933e+01
1.337400000000000055e+01
1.337700000000000067e+01
1.340799999999999947e+01
1.340499999999999936e+01
1.340499999999999936e+01
1.340399999999999991e+01
1.340399999999999991e+01
1.340399999999999991e+01
1.340399999999999991e+01
1.340399999999999991e+01
1.340499999999999936e+01
1.340700000000000003e+01
1.341300000000000026e+01
1.343699999999999939e+01
1.343599999999999994e+01
1.343599999999999994e+01
1.343599999999999994e+01
1.343599999999999994e+01
1.343599999999999994e+01
1.343599999999999994e+01
1.343599999999999994e+01
1.343800000000000061e+01
1.344299999999999962e+01
1.346899999999999942e+01
1.346799999999999997e+01
1.346799999999999997e+01
1.346799999999999997e+01
1.346799999999999997e+01
1.346799999999999997e+01
1.346799999999999997e+01
1.346799999999999997e+01
1.346899999999999942e+01
1.381900000000000084e+01
1.382399999999999984e+01
1.385200000000000031e+01
1.385200000000000031e+01
1.385100000000000087e+01
1.384999999999999964e+01
1.384900000000000020e+01
1.384900000000000020e+01
1.384900000000000020e+01
1.384999999999999964e+01
1.385100000000000087e+01
1.385399999999999920e+01
1.388400000000000034e+01
1.388199999999999967e+01
1.388100000000000023e+01
1.388100000000000023e+01
1.388100000000000023e+01
1.388100000000000023e+01
1.388100000000000023e+01
1.388100000000000023e+01
1.388100000000000023e+01
1.388199999999999967e+01
1.388700000000000045e+01
1.391399999999999970e+01
1.391300000000000026e+01
1.391200000000000081e+01
1.391200000000000081e+01
1.391200000000000081e+01
1.391200000000000081e+01
1.391200000000000081e+01
1.391200000000000081e+01
1.391300000000000026e+01
1.391499999999999915e+01
1.392099999999999937e+01
1.394299999999999962e+01
1.394299999999999962e+01
1.394299999999999962e+01
1.394299999999999962e+01
1.394299999999999962e+01
1.394299999999999962e+01
1.394299999999999962e+01
1.394299999999999962e+01
1.394500000000000028e+01
1.394800000000000040e+01
1.397700000000000031e+01
1.397600000000000087e+01
1.397499999999999964e+01
1.397499999999999964e+01
1.397499999999999964e+01
1.413100000000000023e+01
1.413199999999999967e+01
1.413400000000000034e+01
1.413899999999999935e+01
1.416399999999999970e+01
1.416399999999999970e+01
1.416399999999999970e+01
1.416399999999999970e+01
1.416399999999999970e+01
1.416399999999999970e+01
1.416399999999999970e+01
1.416399999999999970e+01
1.416499999999999915e+01
1.416799999999999926e+01
1.419899999999999984e+01
1.419699999999999918e+01
1.419599999999999973e+01
1.419599999999999973e+01
1.419599999999999973e+01
1.419599999999999973e+01
1.419599999999999973e+01
1.419599999999999973e+01
1.419599999999999973e+01
1.419800000000000040e+01
1.420199999999999996e+01
1.422899999999999920e+01
1.422799999999999976e+01
1.422799999999999976e+01
1.422700000000000031e+01
1.422700000000000031e+01
1.422700000000000031e+01
1.422700000000000031e+01
1.422700000000000031e+01
1.422700000000000031e+01
1.423000000000000043e+01
1.423499999999999943e+01
1.425999999999999979e+01
1.425900000000000034e+01
1.425799999999999912e+01
1.425799999999999912e+01
1.425799999999999912e+01
1.425799999999999912e+01
1.425799999999999912e+01
1.425799999999999912e+01
1.425900000000000034e+01
1.426299999999999990e+01
1.429199999999999982e+01
1.428999999999999915e+01
1.428899999999999970e+01
1.428899999999999970e+01
1.444400000000000084e+01
1.444500000000000028e+01
1.444800000000000040e+01
1.447799999999999976e+01
1.447700000000000031e+01
1.447600000000000087e+01
1.447499999999999964e+01
1.447499999999999964e+01
1.447499999999999964e+01
1.447499999999999964e+01
1.447499999999999964e+01
1.447600000000000087e+01
1.447799999999999976e+01
1.448399999999999999e+01
1.450900000000000034e+01
1.450799999999999912e+01
1.450799999999999912e+01
1.450799999999999912e+01
1.450799999999999912e+01
1.450799999999999912e+01
1.450799999999999912e+01
1.450799999999999912e+01
1.450799999999999912e+01
1.451200000000000045e+01
1.454299999999999926e+01
1.454100000000000037e+01
1.453999999999999915e+01
1.453899999999999970e+01
1.453899999999999970e+01
1.453899999999999970e+01
1.453899999999999970e+01
1.453899999999999970e+01
1.453899999999999970e+01
1.454100000000000037e+01
1.454599999999999937e+01
1.457300000000000040e+01
1.457199999999999918e+01
1.457099999999999973e+01
1.457099999999999973e+01
1.457099999999999973e+01
1.457099999999999973e+01
1.457099999999999973e+01
1.457099999999999973e+01
1.457199999999999918e+01
1.457499999999999929e+01
1.460699999999999932e+01
1.460399999999999920e+01
1.460299999999999976e+01
1.460299999999999976e+01
1.475799999999999912e+01
1.475799999999999912e+01
1.475999999999999979e+01
1.476399999999999935e+01
1.479199999999999982e+01
1.479100000000000037e+01
1.478999999999999915e+01
1.478999999999999915e+01
1.478999999999999915e+01
1.478999999999999915e+01
1.478999999999999915e+01
1.478999999999999915e+01
1.478999999999999915e+01
1.479199999999999982e+01
1.479800000000000004e+01
1.482199999999999918e+01
1.482199999999999918e+01
1.482099999999999973e+01
1.482099999999999973e+01
1.482099999999999973e+01
1.482099999999999973e+01
1.482099999999999973e+01
1.482099999999999973e+01
1.482099999999999973e+01
1.482499999999999929e+01
1.485599999999999987e+01
1.485399999999999920e+01
1.485299999999999976e+01
1.485200000000000031e+01
1.485200000000000031e+01
1.485200000000000031e+01
1.485200000000000031e+01
1.485200000000000031e+01
1.485200000000000031e+01
1.485399999999999920e+01
1.485899999999999999e+01
1.488499999999999979e+01
1.488400000000000034e+01
1.488400000000000034e+01
1.488400000000000034e+01
1.488400000000000034e+01
1.488400000000000034e+01
1.488400000000000034e+01
1.488400000000000034e+01
1.488400000000000034e+01
1.488700000000000045e+01
1.491999999999999993e+01
1.491699999999999982e+01
1.491600000000000037e+01
1.491499999999999915e+01
1.507300000000000040e+01
1.507300000000000040e+01
1.507300000000000040e+01
1.507699999999999996e+01
1.510599999999999987e+01
1.510399999999999920e+01
1.510399999999999920e+01
1.510399999999999920e+01
1.510299999999999976e+01
1.510299999999999976e+01
1.510299999999999976e+01
1.510299999999999976e+01
1.510399999999999920e+01
1.510599999999999987e+01
1.510999999999999943e+01
1.513700000000000045e+01
1.513599999999999923e+01
1.513499999999999979e+01
1.513400000000000034e+01
1.513400000000000034e+01
1.513400000000000034e+01
1.513499999999999979e+01
1.513499999999999979e+01
1.513599999999999923e+01
1.513899999999999935e+01
1.514400000000000013e+01
1.516900000000000048e+01
1.516799999999999926e+01
1.516799999999999926e+01
1.516699999999999982e+01
1.516600000000000037e+01
1.516600000000000037e+01
1.516600000000000037e+01
1.516499999999999915e+01
1.516699999999999982e+01
1.517099999999999937e+01
1.520100000000000051e+01
1.519999999999999929e+01
1.519899999999999984e+01
1.519899999999999984e+01
1.519899999999999984e+01
1.519899999999999984e+01
1.519800000000000040e+01
1.519800000000000040e+01
1.519899999999999984e+01
1.520199999999999996e+01
1.520800000000000018e+01
1.523099999999999987e+01
1.523000000000000043e+01
1.538700000000000045e+01
1.538700000000000045e+01
1.538700000000000045e+01
1.538799999999999990e+01
1.539300000000000068e+01
1.541900000000000048e+01
1.541900000000000048e+01
1.541799999999999926e+01
1.541799999999999926e+01
1.541799999999999926e+01
1.541699999999999982e+01
1.541699999999999982e+01
1.541699999999999982e+01
1.541799999999999926e+01
1.542099999999999937e+01
1.542699999999999960e+01
1.544999999999999929e+01
1.544899999999999984e+01
1.544899999999999984e+01
1.544899999999999984e+01
1.544800000000000040e+01
1.544800000000000040e+01
1.544800000000000040e+01
1.544699999999999918e+01
1.544800000000000040e+01
1.545299999999999940e+01
1.548300000000000054e+01
1.548199999999999932e+01
1.548099999999999987e+01
1.548000000000000043e+01
1.548000000000000043e+01
1.548000000000000043e+01
1.548000000000000043e+01
1.548000000000000043e+01
1.548000000000000043e+01
1.548300000000000054e+01
1.548900000000000077e+01
1.551299999999999990e+01
1.551200000000000045e+01
1.551099999999999923e+01
1.551099999999999923e+01
1.551099999999999923e+01
1.551099999999999923e+01
1.551099999999999923e+01
1.551099999999999923e+01
1.551299999999999990e+01
1.551699999999999946e+01
1.554499999999999993e+01
1.554400000000000048e+01
1.569999999999999929e+01
1.569999999999999929e+01
1.569999999999999929e+01
1.569999999999999929e+01
1.570199999999999996e+01
1.570599999999999952e+01
1.573300000000000054e+01
1.573199999999999932e+01
1.573099999999999987e+01
1.573099999999999987e+01
1.573099999999999987e+01
1.573099999999999987e+01
1.573099999999999987e+01
1.573099999999999987e+01
1.573099999999999987e+01
1.573399999999999999e+01
1.573900000000000077e+01
1.576399999999999935e+01
1.576299999999999990e+01
1.576200000000000045e+01
1.576200000000000045e+01
1.576200000000000045e+01
1.576200000000000045e+01
1.576200000000000045e+01
1.576200000000000045e+01
1.576299999999999990e+01
1.576699999999999946e+01
1.579700000000000060e+01
1.579499999999999993e+01
1.579400000000000048e+01
1.579299999999999926e+01
1.579299999999999926e+01
1.579299999999999926e+01
1.579299999999999926e+01
1.579299999999999926e+01
1.579299999999999926e+01
1.579499999999999993e+01
1.579899999999999949e+01
1.582600000000000051e+01
1.582499999999999929e+01
1.582399999999999984e+01
1.582399999999999984e+01
1.582399999999999984e+01
1.582399999999999984e+01
1.582399999999999984e+01
1.582399999999999984e+01
1.582399999999999984e+01
1.582699999999999996e+01
1.583200000000000074e+01
1.601200000000000045e+01
1.601200000000000045e+01
1.601200000000000045e+01
1.601200000000000045e+01
1.601200000000000045e+01
1.601200000000000045e+01
1.601300000000000168e+01
1.601599999999999824e+01
1.604799999999999827e+01
1.604500000000000171e+01
1.604400000000000048e+01
1.604400000000000048e+01
1.604400000000000048e+01
1.604400000000000048e+01
1.604400000000000048e+01
1.604400000000000048e+01
1.604400000000000048e+01
1.604500000000000171e+01
1.604899999999999949e+01
1.607700000000000173e+01
1.607600000000000051e+01
1.607499999999999929e+01
1.607499999999999929e+01
1.607499999999999929e+01
1.607499999999999929e+01
1.607499999999999929e+01
1.607499999999999929e+01
1.607499999999999929e+01
1.607799999999999940e+01
1.608299999999999841e+01
1.610699999999999932e+01
1.610699999999999932e+01
1.610600000000000165e+01
1.610600000000000165e+01
1.610600000000000165e+01
1.610600000000000165e+01
1.610600000000000165e+01
1.610600000000000165e+01
1.610600000000000165e+01
1.610900000000000176e+01
1.611400000000000077e+01
1.613800000000000168e+01
1.613700000000000045e+01
1.613700000000000045e+01
1.613700000000000045e+01
1.613700000000000045e+01
1.613700000000000045e+01
1.613700000000000045e+01
1.613700000000000045e+01
1.629599999999999937e+01
1.632700000000000173e+01
1.632499999999999929e+01
1.632400000000000162e+01
1.632300000000000040e+01
1.632300000000000040e+01
1.632300000000000040e+01
1.632300000000000040e+01
1.632300000000000040e+01
1.632300000000000040e+01
1.632499999999999929e+01
1.632900000000000063e+01
1.635600000000000165e+01
1.635500000000000043e+01
1.635500000000000043e+01
1.635399999999999920e+01
1.635399999999999920e+01
1.635399999999999920e+01
1.635399999999999920e+01
1.635399999999999920e+01
1.635399999999999920e+01
1.635699999999999932e+01
1.636199999999999832e+01
1.638700000000000045e+01
1.638599999999999923e+01
1.638500000000000156e+01
1.638500000000000156e+01
1.638500000000000156e+01
1.638500000000000156e+01
1.638500000000000156e+01
1.638500000000000156e+01
1.638500000000000156e+01
1.638800000000000168e+01
1.639300000000000068e+01
1.641799999999999926e+01
1.641700000000000159e+01
1.641600000000000037e+01
1.641600000000000037e+01
1.641600000000000037e+01
1.641600000000000037e+01
1.641600000000000037e+01
1.641600000000000037e+01
1.641700000000000159e+01
1.641900000000000048e+01
1.642500000000000071e+01
1.644800000000000040e+01
1.644699999999999918e+01
1.644699999999999918e+01
1.644699999999999918e+01
1.644699999999999918e+01
1.660399999999999920e+01
1.660900000000000176e+01
1.663500000000000156e+01
1.663500000000000156e+01
1.663400000000000034e+01
1.663400000000000034e+01
1.663400000000000034e+01
1.663400000000000034e+01
1.663400000000000034e+01
1.663400000000000034e+01
1.663400000000000034e+01
1.663599999999999923e+01
1.664099999999999824e+01
1.666700000000000159e+01
1.666600000000000037e+01
1.666499999999999915e+01
1.666499999999999915e+01
1.666499999999999915e+01
1.666499999999999915e+01
1.666499999999999915e+01
1.666499999999999915e+01
1.666499999999999915e+01
1.666799999999999926e+01
1.670100000000000051e+01
1.669800000000000040e+01
1.669699999999999918e+01
1.669600000000000151e+01
1.669600000000000151e+01
1.669600000000000151e+01
1.669600000000000151e+01
1.669600000000000151e+01
1.669600000000000151e+01
1.669699999999999918e+01
1.669999999999999929e+01
1.672899999999999920e+01
1.672800000000000153e+01
1.672700000000000031e+01
1.672700000000000031e+01
1.672599999999999909e+01
1.672599999999999909e+01
1.672599999999999909e+01
1.672599999999999909e+01
1.672599999999999909e+01
1.672800000000000153e+01
1.673199999999999932e+01
1.675900000000000034e+01
1.675799999999999912e+01
1.675799999999999912e+01
1.675700000000000145e+01
