1.103599999999999959e+01
1.103599999999999959e+01
1.103700000000000081e+01
1.107000000000000028e+01
1.107000000000000028e+01
1.107000000000000028e+01
1.107000000000000028e+01
1.107000000000000028e+01
1.107000000000000028e+01
1.107099999999999973e+01
1.107099999999999973e+01
1.107099999999999973e+01
1.107099999999999973e+01
1.107099999999999973e+01
1.107099999999999973e+01
1.107099999999999973e+01
1.107099999999999973e+01
1.107099999999999973e+01
1.107099999999999973e+01
1.107099999999999973e+01
1.107300000000000040e+01
1.107499999999999929e+01
1.107799999999999940e+01
1.108300000000000018e+01
1.108600000000000030e+01
1.109099999999999930e+01
1.109299999999999997e+01
1.109800000000000075e+01
1.109900000000000020e+01
1.110200000000000031e+01
1.110299999999999976e+01
1.110500000000000043e+01
1.110500000000000043e+01
1.110699999999999932e+01
1.110699999999999932e+01
1.110800000000000054e+01
1.110800000000000054e+01
1.110800000000000054e+01
1.110800000000000054e+01
1.110800000000000054e+01
1.110800000000000054e+01
1.110800000000000054e+01
1.110899999999999999e+01
1.110899999999999999e+01
1.110999999999999943e+01
1.110999999999999943e+01
1.111100000000000065e+01
1.114400000000000013e+01
1.114400000000000013e+01
1.114400000000000013e+01
1.114400000000000013e+01
1.114400000000000013e+01
1.114400000000000013e+01
1.114400000000000013e+01
1.114400000000000013e+01
1.114400000000000013e+01
1.114400000000000013e+01
1.114400000000000013e+01
1.114400000000000013e+01
1.114400000000000013e+01
1.114400000000000013e+01
1.114400000000000013e+01
1.114400000000000013e+01
1.114499999999999957e+01
1.114700000000000024e+01
1.115000000000000036e+01
1.115300000000000047e+01
1.115700000000000003e+01
1.116000000000000014e+01
1.116600000000000037e+01
1.116699999999999982e+01
1.117200000000000060e+01
1.117200000000000060e+01
1.117500000000000071e+01
1.117600000000000016e+01
1.117800000000000082e+01
1.117800000000000082e+01
1.117900000000000027e+01
1.117900000000000027e+01
1.117999999999999972e+01
1.117999999999999972e+01
1.117999999999999972e+01
1.117999999999999972e+01
1.117999999999999972e+01
1.117999999999999972e+01
1.118099999999999916e+01
1.118099999999999916e+01
1.118200000000000038e+01
1.118299999999999983e+01
1.118299999999999983e+01
1.121700000000000053e+01
1.121700000000000053e+01
1.121700000000000053e+01
1.121700000000000053e+01
1.121700000000000053e+01
1.121700000000000053e+01
1.121700000000000053e+01
1.121700000000000053e+01
1.121700000000000053e+01
1.121700000000000053e+01
1.121700000000000053e+01
1.121700000000000053e+01
1.121700000000000053e+01
1.121700000000000053e+01
1.121700000000000053e+01
1.121700000000000053e+01
1.121700000000000053e+01
1.121899999999999942e+01
1.122100000000000009e+01
1.122400000000000020e+01
1.122799999999999976e+01
1.123099999999999987e+01
1.123600000000000065e+01
1.123900000000000077e+01
1.124300000000000033e+01
1.124399999999999977e+01
1.124799999999999933e+01
1.124799999999999933e+01
1.125099999999999945e+01
1.125099999999999945e+01
1.125300000000000011e+01
1.125300000000000011e+01
1.125399999999999956e+01
1.125399999999999956e+01
1.125399999999999956e+01
1.125399999999999956e+01
1.125399999999999956e+01
1.125399999999999956e+01
1.125399999999999956e+01
1.125500000000000078e+01
1.125500000000000078e+01
1.125600000000000023e+01
1.125600000000000023e+01
1.129100000000000037e+01
1.129100000000000037e+01
1.129100000000000037e+01
1.129100000000000037e+01
1.129100000000000037e+01
1.129100000000000037e+01
1.129100000000000037e+01
1.129100000000000037e+01
1.129100000000000037e+01
1.129100000000000037e+01
1.129100000000000037e+01
1.129100000000000037e+01
1.129100000000000037e+01
1.129100000000000037e+01
1.129100000000000037e+01
1.129100000000000037e+01
1.129100000000000037e+01
