9.017900000000000205e+01
9.019700000000000273e+01
9.020499999999999829e+01
9.020900000000000318e+01
9.020900000000000318e+01
9.020900000000000318e+01
9.021299999999999386e+01
9.024299999999999500e+01
9.024099999999999966e+01
9.024099999999999966e+01
9.025000000000000000e+01
9.026200000000000045e+01
9.026999999999999602e+01
9.027400000000000091e+01
9.027500000000000568e+01
9.027599999999999625e+01
9.028100000000000591e+01
9.030599999999999739e+01
9.030500000000000682e+01
9.030500000000000682e+01
9.031399999999999295e+01
9.032500000000000284e+01
9.033199999999999363e+01
9.033599999999999852e+01
9.033599999999999852e+01
9.033700000000000330e+01
9.034300000000000352e+01
9.036899999999999977e+01
9.036799999999999500e+01
9.036799999999999500e+01
9.037699999999999534e+01
9.038899999999999579e+01
9.039700000000000557e+01
9.040099999999999625e+01
9.040099999999999625e+01
9.040200000000000102e+01
9.040699999999999648e+01
9.043300000000000693e+01
9.043300000000000693e+01
9.043200000000000216e+01
9.044100000000000250e+01
9.045199999999999818e+01
9.045900000000000318e+01
9.046299999999999386e+01
9.046299999999999386e+01
9.046399999999999864e+01
9.046899999999999409e+01
9.049699999999999989e+01
9.049599999999999511e+01
9.049599999999999511e+01
9.050499999999999545e+01
9.051699999999999591e+01
9.052500000000000568e+01
9.052899999999999636e+01
9.052899999999999636e+01
9.053000000000000114e+01
9.053499999999999659e+01
9.056100000000000705e+01
9.056000000000000227e+01
9.056000000000000227e+01
9.056699999999999307e+01
9.057899999999999352e+01
9.058799999999999386e+01
9.059300000000000352e+01
9.059300000000000352e+01
9.059499999999999886e+01
9.059900000000000375e+01
9.062500000000000000e+01
9.062500000000000000e+01
9.062500000000000000e+01
9.063299999999999557e+01
9.064499999999999602e+01
9.065300000000000580e+01
9.065699999999999648e+01
9.065699999999999648e+01
9.065800000000000125e+01
9.066299999999999670e+01
9.068899999999999295e+01
9.068800000000000239e+01
9.068800000000000239e+01
9.069599999999999795e+01
9.070900000000000318e+01
9.071699999999999875e+01
9.072199999999999420e+01
9.072299999999999898e+01
9.072400000000000375e+01
9.072799999999999443e+01
9.075499999999999545e+01
9.075499999999999545e+01
9.075499999999999545e+01
9.076200000000000045e+01
9.077400000000000091e+01
9.078199999999999648e+01
9.078600000000000136e+01
9.078700000000000614e+01
9.078900000000000148e+01
9.079399999999999693e+01
9.082200000000000273e+01
9.081900000000000261e+01
9.081900000000000261e+01
9.082599999999999341e+01
9.083700000000000330e+01
9.084499999999999886e+01
9.084999999999999432e+01
9.085099999999999909e+01
9.085200000000000387e+01
9.085599999999999454e+01
9.088400000000000034e+01
9.088200000000000500e+01
9.088200000000000500e+01
9.089000000000000057e+01
9.090200000000000102e+01
9.091100000000000136e+01
9.091599999999999682e+01
9.091599999999999682e+01
9.091500000000000625e+01
9.091500000000000625e+01
9.091700000000000159e+01
9.092300000000000182e+01
9.095399999999999352e+01
9.095300000000000296e+01
9.095399999999999352e+01
9.096599999999999397e+01
9.097899999999999920e+01
9.098300000000000409e+01
9.098799999999999955e+01
9.098900000000000432e+01
9.098999999999999488e+01
9.099500000000000455e+01
9.101999999999999602e+01
9.101900000000000546e+01
9.102100000000000080e+01
9.103199999999999648e+01
9.104399999999999693e+01
9.104800000000000182e+01
9.105200000000000671e+01
9.105299999999999727e+01
9.105400000000000205e+01
9.105899999999999750e+01
9.108400000000000318e+01
9.108299999999999841e+01
9.108400000000000318e+01
9.109499999999999886e+01
9.110800000000000409e+01
9.111199999999999477e+01
9.111599999999999966e+01
9.111700000000000443e+01
9.111899999999999977e+01
9.112399999999999523e+01
9.132500000000000284e+01
9.135099999999999909e+01
9.134999999999999432e+01
9.135500000000000398e+01
9.136899999999999977e+01
9.137999999999999545e+01
9.138299999999999557e+01
9.138500000000000512e+01
9.138599999999999568e+01
9.138800000000000523e+01
9.139400000000000546e+01
9.141700000000000159e+01
9.141599999999999682e+01
9.142000000000000171e+01
9.143300000000000693e+01
9.144400000000000261e+01
9.144700000000000273e+01
9.145000000000000284e+01
9.145000000000000284e+01
9.145300000000000296e+01
9.145799999999999841e+01
9.148099999999999454e+01
9.148000000000000398e+01
9.148300000000000409e+01
9.149599999999999511e+01
9.150799999999999557e+01
9.151099999999999568e+01
9.151399999999999579e+01
9.151399999999999579e+01
9.151699999999999591e+01
9.152200000000000557e+01
9.154600000000000648e+01
9.154500000000000171e+01
9.154800000000000182e+01
9.156000000000000227e+01
9.157099999999999795e+01
9.157399999999999807e+01
9.157800000000000296e+01
9.157800000000000296e+01
9.158100000000000307e+01
9.158599999999999852e+01
9.160899999999999466e+01
9.160800000000000409e+01
9.161100000000000421e+01
9.162300000000000466e+01
9.163500000000000512e+01
9.163800000000000523e+01
9.164199999999999591e+01
9.164199999999999591e+01
9.164100000000000534e+01
9.164199999999999591e+01
9.164600000000000080e+01
9.168300000000000693e+01
9.168099999999999739e+01
9.168000000000000682e+01
9.168600000000000705e+01
9.169899999999999807e+01
9.170900000000000318e+01
9.171500000000000341e+01
9.171599999999999397e+01
9.171699999999999875e+01
9.171999999999999886e+01
9.175100000000000477e+01
9.174899999999999523e+01
9.174800000000000466e+01
9.175400000000000489e+01
9.176500000000000057e+01
9.177400000000000091e+01
9.178000000000000114e+01
9.178100000000000591e+01
9.178100000000000591e+01
9.178499999999999659e+01
9.181399999999999295e+01
9.181199999999999761e+01
9.181100000000000705e+01
9.181699999999999307e+01
9.182899999999999352e+01
9.183799999999999386e+01
9.184399999999999409e+01
9.184600000000000364e+01
9.184499999999999886e+01
9.184799999999999898e+01
9.185399999999999920e+01
9.187699999999999534e+01
9.187600000000000477e+01
9.188500000000000512e+01
9.189900000000000091e+01
9.190699999999999648e+01
9.190900000000000603e+01
9.190999999999999659e+01
9.190999999999999659e+01
9.191400000000000148e+01
9.194499999999999318e+01
9.194100000000000250e+01
9.194100000000000250e+01
9.194599999999999795e+01
9.195699999999999363e+01
9.196699999999999875e+01
9.197299999999999898e+01
9.197499999999999432e+01
9.197599999999999909e+01
9.197899999999999920e+01
9.200900000000000034e+01
9.200700000000000500e+01
9.200600000000000023e+01
9.201099999999999568e+01
9.202299999999999613e+01
9.203199999999999648e+01
9.203799999999999670e+01
9.203900000000000148e+01
9.204000000000000625e+01
9.204300000000000637e+01
9.207299999999999329e+01
9.207099999999999795e+01
9.206999999999999318e+01
9.207500000000000284e+01
9.208599999999999852e+01
9.209600000000000364e+01
9.210200000000000387e+01
9.210399999999999920e+01
9.210399999999999920e+01
9.210800000000000409e+01
9.213800000000000523e+01
9.213500000000000512e+01
9.213500000000000512e+01
9.213899999999999579e+01
9.215000000000000568e+01
9.215999999999999659e+01
9.216700000000000159e+01
9.216899999999999693e+01
9.216899999999999693e+01
9.217199999999999704e+01
9.220300000000000296e+01
9.220000000000000284e+01
9.219899999999999807e+01
9.220300000000000296e+01
9.221399999999999864e+01
9.222400000000000375e+01
9.223000000000000398e+01
9.223300000000000409e+01
9.223300000000000409e+01
9.223600000000000421e+01
9.224200000000000443e+01
9.226399999999999579e+01
9.226300000000000523e+01
9.226900000000000546e+01
9.228300000000000125e+01
9.229500000000000171e+01
9.229699999999999704e+01
9.249099999999999966e+01
9.249500000000000455e+01
9.252899999999999636e+01
9.252599999999999625e+01
9.252400000000000091e+01
9.252599999999999625e+01
9.253600000000000136e+01
9.254600000000000648e+01
9.255299999999999727e+01
9.255599999999999739e+01
9.255700000000000216e+01
9.256000000000000227e+01
9.259000000000000341e+01
9.258700000000000330e+01
9.258499999999999375e+01
9.258700000000000330e+01
9.259799999999999898e+01
9.260800000000000409e+01
9.261499999999999488e+01
9.261799999999999500e+01
9.261899999999999977e+01
9.262199999999999989e+01
9.262800000000000011e+01
9.265099999999999625e+01
9.265000000000000568e+01
9.265500000000000114e+01
9.266899999999999693e+01
9.267900000000000205e+01
9.268099999999999739e+01
9.268300000000000693e+01
9.268300000000000693e+01
9.268600000000000705e+01
9.269100000000000250e+01
9.271299999999999386e+01
9.271200000000000330e+01
9.271699999999999875e+01
9.273099999999999454e+01
9.274099999999999966e+01
9.274399999999999977e+01
9.274599999999999511e+01
9.274699999999999989e+01
9.275000000000000000e+01
9.275600000000000023e+01
9.277800000000000580e+01
9.277700000000000102e+01
9.278100000000000591e+01
9.279300000000000637e+01
9.280500000000000682e+01
9.280700000000000216e+01
9.281000000000000227e+01
9.281100000000000705e+01
9.281399999999999295e+01
9.281999999999999318e+01
9.284199999999999875e+01
9.284099999999999397e+01
9.284600000000000364e+01
9.285899999999999466e+01
9.287099999999999511e+01
9.287300000000000466e+01
9.287500000000000000e+01
9.287500000000000000e+01
9.287699999999999534e+01
9.288200000000000500e+01
9.290699999999999648e+01
9.290600000000000591e+01
9.291100000000000136e+01
9.292400000000000659e+01
9.293500000000000227e+01
9.293699999999999761e+01
9.293999999999999773e+01
9.293999999999999773e+01
9.294199999999999307e+01
9.294700000000000273e+01
9.296999999999999886e+01
9.296999999999999886e+01
9.297499999999999432e+01
9.298699999999999477e+01
9.299800000000000466e+01
9.300100000000000477e+01
9.300400000000000489e+01
9.300400000000000489e+01
9.300600000000000023e+01
9.301200000000000045e+01
9.303499999999999659e+01
9.303300000000000125e+01
9.303900000000000148e+01
9.305200000000000671e+01
9.306300000000000239e+01
9.306499999999999773e+01
9.306699999999999307e+01
9.306799999999999784e+01
9.307099999999999795e+01
9.307699999999999818e+01
9.309900000000000375e+01
9.309799999999999898e+01
9.310500000000000398e+01
9.312000000000000455e+01
9.313100000000000023e+01
9.313299999999999557e+01
9.313800000000000523e+01
9.314300000000000068e+01
9.314900000000000091e+01
9.315500000000000114e+01
9.315800000000000125e+01
9.315900000000000603e+01
9.315999999999999659e+01
9.315999999999999659e+01
9.316100000000000136e+01
9.318800000000000239e+01
9.318500000000000227e+01
9.318399999999999750e+01
9.318899999999999295e+01
9.319799999999999329e+01
9.320499999999999829e+01
9.320900000000000318e+01
9.321200000000000330e+01
9.321500000000000341e+01
9.321999999999999886e+01
9.322599999999999909e+01
9.323099999999999454e+01
9.323499999999999943e+01
9.325900000000000034e+01
9.326000000000000512e+01
9.327100000000000080e+01
9.328100000000000591e+01
9.328499999999999659e+01
9.328799999999999670e+01
9.329300000000000637e+01
9.329999999999999716e+01
9.330599999999999739e+01
9.331100000000000705e+01
9.331600000000000250e+01
9.333499999999999375e+01
9.334399999999999409e+01
9.335500000000000398e+01
9.336100000000000421e+01
9.336299999999999955e+01
9.336599999999999966e+01
9.337199999999999989e+01
9.337800000000000011e+01
9.338400000000000034e+01
9.338899999999999579e+01
9.339400000000000546e+01
9.341500000000000625e+01
9.342700000000000671e+01
9.343699999999999761e+01
9.343899999999999295e+01
9.344199999999999307e+01
9.344700000000000273e+01
9.367600000000000193e+01
9.368200000000000216e+01
9.368699999999999761e+01
9.370900000000000318e+01
9.371500000000000341e+01
9.372700000000000387e+01
9.373499999999999943e+01
9.373600000000000421e+01
9.374099999999999966e+01
9.374599999999999511e+01
9.375300000000000011e+01
9.375900000000000034e+01
9.376399999999999579e+01
9.376900000000000546e+01
9.378799999999999670e+01
9.379999999999999716e+01
9.381100000000000705e+01
9.381399999999999295e+01
9.381600000000000250e+01
9.381999999999999318e+01
9.382599999999999341e+01
9.383899999999999864e+01
9.384600000000000364e+01
9.385800000000000409e+01
9.386400000000000432e+01
9.386700000000000443e+01
9.387099999999999511e+01
9.387699999999999534e+01
9.388299999999999557e+01
9.388899999999999579e+01
9.389400000000000546e+01
9.391599999999999682e+01
9.392100000000000648e+01
9.393200000000000216e+01
9.393999999999999773e+01
9.394199999999999307e+01
9.394599999999999795e+01
9.395199999999999818e+01
9.395900000000000318e+01
9.396399999999999864e+01
9.396899999999999409e+01
9.397400000000000375e+01
9.399299999999999500e+01
9.400499999999999545e+01
9.401600000000000534e+01
9.401999999999999602e+01
9.402200000000000557e+01
9.402500000000000568e+01
9.403100000000000591e+01
9.403799999999999670e+01
9.404399999999999693e+01
9.404900000000000659e+01
9.407200000000000273e+01
9.407299999999999329e+01
9.408400000000000318e+01
9.409499999999999886e+01
9.409900000000000375e+01
9.410200000000000387e+01
9.410699999999999932e+01
9.411299999999999955e+01
9.411899999999999977e+01
9.412399999999999523e+01
9.412999999999999545e+01
9.414900000000000091e+01
9.415900000000000603e+01
9.417100000000000648e+01
9.417499999999999716e+01
9.417700000000000671e+01
9.418099999999999739e+01
9.418699999999999761e+01
9.419299999999999784e+01
9.419799999999999329e+01
9.420300000000000296e+01
9.422799999999999443e+01
9.422799999999999443e+01
9.423900000000000432e+01
9.425000000000000000e+01
9.425300000000000011e+01
9.425600000000000023e+01
9.426099999999999568e+01
9.426800000000000068e+01
9.427400000000000091e+01
9.427899999999999636e+01
9.428400000000000603e+01
9.430500000000000682e+01
9.431000000000000227e+01
9.432299999999999329e+01
9.433100000000000307e+01
9.433299999999999841e+01
9.433599999999999852e+01
9.434099999999999397e+01
9.434699999999999420e+01
9.435299999999999443e+01
9.435800000000000409e+01
9.436400000000000432e+01
9.438599999999999568e+01
9.439799999999999613e+01
9.440800000000000125e+01
9.440999999999999659e+01
9.441299999999999670e+01
9.441700000000000159e+01
9.442300000000000182e+01
9.442900000000000205e+01
9.443300000000000693e+01
9.443800000000000239e+01
9.445999999999999375e+01
9.446500000000000341e+01
9.447700000000000387e+01
9.448600000000000421e+01
9.448799999999999955e+01
9.449200000000000443e+01
9.449699999999999989e+01
9.450400000000000489e+01
9.451000000000000512e+01
9.451500000000000057e+01
9.452100000000000080e+01
9.454000000000000625e+01
9.454699999999999704e+01
9.456000000000000227e+01
9.456699999999999307e+01
9.456799999999999784e+01
9.457099999999999795e+01
9.457699999999999818e+01
9.458299999999999841e+01
9.458899999999999864e+01
9.459399999999999409e+01
9.461899999999999977e+01
9.461799999999999500e+01
9.462699999999999534e+01
9.463899999999999579e+01
9.464400000000000546e+01
9.464700000000000557e+01
9.465099999999999625e+01
9.465800000000000125e+01
9.467100000000000648e+01
9.468099999999999739e+01
9.469299999999999784e+01
9.469799999999999329e+01
9.470000000000000284e+01
9.470300000000000296e+01
9.470900000000000318e+01
9.471599999999999397e+01
9.472199999999999420e+01
9.472700000000000387e+01
9.473199999999999932e+01
9.475300000000000011e+01
9.476500000000000057e+01
9.477500000000000568e+01
9.477800000000000580e+01
9.501500000000000057e+01
9.501600000000000534e+01
9.501900000000000546e+01
9.502599999999999625e+01
9.503199999999999648e+01
9.503799999999999670e+01
9.504300000000000637e+01
9.506999999999999318e+01
9.506799999999999784e+01
9.507599999999999341e+01
9.508799999999999386e+01
9.509399999999999409e+01
9.509600000000000364e+01
9.510099999999999909e+01
9.510699999999999932e+01
9.512000000000000455e+01
9.512900000000000489e+01
9.514199999999999591e+01
9.514799999999999613e+01
9.514900000000000091e+01
9.515200000000000102e+01
9.515800000000000125e+01
9.516400000000000148e+01
9.517000000000000171e+01
9.517499999999999716e+01
9.518099999999999739e+01
9.520099999999999341e+01
9.521200000000000330e+01
9.522400000000000375e+01
9.522899999999999920e+01
9.523000000000000398e+01
9.523300000000000409e+01
9.523900000000000432e+01
9.524500000000000455e+01
9.525100000000000477e+01
9.525600000000000023e+01
9.528199999999999648e+01
9.528100000000000591e+01
9.529099999999999682e+01
9.530200000000000671e+01
9.530599999999999739e+01
9.530899999999999750e+01
9.531399999999999295e+01
9.531999999999999318e+01
9.533299999999999841e+01
9.534300000000000352e+01
9.535599999999999454e+01
9.536100000000000421e+01
9.536199999999999477e+01
9.536599999999999966e+01
9.537099999999999511e+01
9.537800000000000011e+01
9.538400000000000034e+01
9.538800000000000523e+01
9.539400000000000546e+01
9.541400000000000148e+01
9.542499999999999716e+01
9.543699999999999761e+01
9.544100000000000250e+01
9.544199999999999307e+01
9.544599999999999795e+01
9.545199999999999818e+01
9.545900000000000318e+01
9.546399999999999864e+01
9.546899999999999409e+01
9.549399999999999977e+01
9.549299999999999500e+01
9.550300000000000011e+01
9.551399999999999579e+01
9.551900000000000546e+01
9.552200000000000557e+01
9.552599999999999625e+01
9.553300000000000125e+01
9.554699999999999704e+01
9.555599999999999739e+01
9.556799999999999784e+01
9.557399999999999807e+01
9.557599999999999341e+01
9.557899999999999352e+01
9.558400000000000318e+01
9.559099999999999397e+01
9.559600000000000364e+01
9.560099999999999909e+01
9.560699999999999932e+01
9.562699999999999534e+01
9.563700000000000045e+01
9.565000000000000568e+01
9.565500000000000114e+01
9.565600000000000591e+01
9.565900000000000603e+01
9.566500000000000625e+01
9.567199999999999704e+01
9.567799999999999727e+01
9.568200000000000216e+01
9.568800000000000239e+01
9.570900000000000318e+01
9.571899999999999409e+01
9.573099999999999454e+01
9.573600000000000421e+01
9.573699999999999477e+01
9.573999999999999488e+01
9.574599999999999511e+01
9.575300000000000011e+01
9.575900000000000034e+01
9.576300000000000523e+01
9.576900000000000546e+01
9.578900000000000148e+01
9.580100000000000193e+01
9.581300000000000239e+01
9.581699999999999307e+01
9.581799999999999784e+01
9.582099999999999795e+01
9.582699999999999818e+01
9.583499999999999375e+01
9.584000000000000341e+01
9.584499999999999886e+01
9.584999999999999432e+01
9.587000000000000455e+01
9.588100000000000023e+01
9.589400000000000546e+01
9.589799999999999613e+01
9.589900000000000091e+01
9.590300000000000580e+01
9.590800000000000125e+01
9.591500000000000625e+01
9.592100000000000648e+01
9.592600000000000193e+01
9.595399999999999352e+01
9.595099999999999341e+01
9.595900000000000318e+01
9.597100000000000364e+01
9.597799999999999443e+01
9.598000000000000398e+01
9.598399999999999466e+01
9.598999999999999488e+01
9.599599999999999511e+01
9.600199999999999534e+01
9.600700000000000500e+01
9.601200000000000045e+01
9.603199999999999648e+01
9.604300000000000637e+01
9.605599999999999739e+01
9.606000000000000227e+01
9.606100000000000705e+01
9.606499999999999773e+01
9.607099999999999795e+01
9.607800000000000296e+01
9.608299999999999841e+01
9.608799999999999386e+01
9.632699999999999818e+01
9.633299999999999841e+01
9.633799999999999386e+01
9.635899999999999466e+01
9.636599999999999966e+01
9.637900000000000489e+01
9.638700000000000045e+01
9.638800000000000523e+01
9.639100000000000534e+01
9.639600000000000080e+01
9.640300000000000580e+01
9.640800000000000125e+01
9.641299999999999670e+01
9.641899999999999693e+01
9.643899999999999295e+01
9.644799999999999329e+01
9.646099999999999852e+01
9.646800000000000352e+01
9.646899999999999409e+01
9.647100000000000364e+01
9.647599999999999909e+01
9.649500000000000455e+01
9.649800000000000466e+01
9.651000000000000512e+01
9.651999999999999602e+01
9.652299999999999613e+01
9.652599999999999625e+01
9.653100000000000591e+01
9.653700000000000614e+01
9.654399999999999693e+01
9.654900000000000659e+01
9.655400000000000205e+01
9.657599999999999341e+01
9.657800000000000296e+01
9.659000000000000341e+01
9.659999999999999432e+01
9.660399999999999920e+01
9.660699999999999932e+01
9.661199999999999477e+01
9.661899999999999977e+01
9.662500000000000000e+01
9.662999999999999545e+01
9.663500000000000512e+01
9.665900000000000603e+01
9.665900000000000603e+01
9.667000000000000171e+01
9.668200000000000216e+01
9.668500000000000227e+01
9.668699999999999761e+01
9.669199999999999307e+01
9.669799999999999329e+01
9.671200000000000330e+01
9.672299999999999898e+01
9.673600000000000421e+01
9.674099999999999966e+01
9.674099999999999966e+01
9.674399999999999977e+01
9.674899999999999523e+01
9.676699999999999591e+01
9.677100000000000080e+01
9.678300000000000125e+01
9.679200000000000159e+01
9.679500000000000171e+01
9.679699999999999704e+01
9.680299999999999727e+01
9.681000000000000227e+01
9.681600000000000250e+01
9.682099999999999795e+01
9.682599999999999341e+01
9.684900000000000375e+01
9.684999999999999432e+01
9.686100000000000421e+01
9.687300000000000466e+01
9.687699999999999534e+01
9.687999999999999545e+01
9.688500000000000512e+01
9.689199999999999591e+01
9.689799999999999613e+01
9.690300000000000580e+01
9.690800000000000125e+01
9.693200000000000216e+01
9.693099999999999739e+01
9.694100000000000250e+01
9.695300000000000296e+01
9.695799999999999841e+01
9.696099999999999852e+01
9.696500000000000341e+01
9.697199999999999420e+01
9.698499999999999943e+01
9.699399999999999977e+01
9.700700000000000500e+01
9.701500000000000057e+01
9.701500000000000057e+01
9.701800000000000068e+01
9.702200000000000557e+01
9.704099999999999682e+01
9.704200000000000159e+01
9.705400000000000205e+01
9.706499999999999773e+01
9.706799999999999784e+01
9.707099999999999795e+01
9.707500000000000284e+01
9.708199999999999363e+01
9.709499999999999886e+01
9.710599999999999454e+01
9.711899999999999977e+01
9.712500000000000000e+01
9.712500000000000000e+01
9.712800000000000011e+01
9.713299999999999557e+01
9.715000000000000568e+01
9.715500000000000114e+01
9.716800000000000637e+01
9.717600000000000193e+01
9.717799999999999727e+01
9.718099999999999739e+01
9.718699999999999761e+01
9.719400000000000261e+01
9.720000000000000284e+01
9.720399999999999352e+01
9.720900000000000318e+01
9.723099999999999454e+01
9.723399999999999466e+01
9.724699999999999989e+01
9.725700000000000500e+01
9.726000000000000512e+01
9.726099999999999568e+01
9.726600000000000534e+01
9.727299999999999613e+01
9.727899999999999636e+01
9.728400000000000603e+01
9.728900000000000148e+01
9.731300000000000239e+01
9.731499999999999773e+01
9.732699999999999818e+01
9.733799999999999386e+01
9.734199999999999875e+01
9.734300000000000352e+01
9.734799999999999898e+01
9.735399999999999920e+01
9.736899999999999977e+01
9.737699999999999534e+01
9.738899999999999579e+01
9.739600000000000080e+01
9.739799999999999613e+01
9.740099999999999625e+01
9.740699999999999648e+01
9.741400000000000148e+01
9.767000000000000171e+01
9.767100000000000648e+01
9.767300000000000182e+01
9.767900000000000205e+01
9.769799999999999329e+01
9.769799999999999329e+01
9.770900000000000318e+01
9.772100000000000364e+01
9.772599999999999909e+01
9.772799999999999443e+01
9.773199999999999932e+01
9.773900000000000432e+01
9.775300000000000011e+01
9.776000000000000512e+01
9.777299999999999613e+01
9.778000000000000114e+01
9.778199999999999648e+01
9.778400000000000603e+01
9.778900000000000148e+01
9.781000000000000227e+01
9.780899999999999750e+01
9.781799999999999784e+01
9.782999999999999829e+01
9.783599999999999852e+01
9.783799999999999386e+01
9.784300000000000352e+01
9.784999999999999432e+01
9.786299999999999955e+01
9.787000000000000455e+01
9.788299999999999557e+01
9.789100000000000534e+01
9.789300000000000068e+01
9.789400000000000546e+01
9.789900000000000091e+01
9.790600000000000591e+01
9.791200000000000614e+01
9.791800000000000637e+01
9.792300000000000182e+01
9.794799999999999329e+01
9.795000000000000284e+01
9.795999999999999375e+01
9.796999999999999886e+01
9.797400000000000375e+01
9.797799999999999443e+01
9.798399999999999466e+01
9.799099999999999966e+01
9.799699999999999989e+01
9.800199999999999534e+01
9.800700000000000500e+01
9.802800000000000580e+01
9.803100000000000591e+01
9.804300000000000637e+01
9.805400000000000205e+01
9.805700000000000216e+01
9.805899999999999750e+01
9.806300000000000239e+01
9.806999999999999318e+01
9.808400000000000318e+01
9.809199999999999875e+01
9.810599999999999454e+01
9.811299999999999955e+01
9.811400000000000432e+01
9.811700000000000443e+01
9.812199999999999989e+01
9.814000000000000057e+01
9.814100000000000534e+01
9.815200000000000102e+01
9.816299999999999670e+01
9.816800000000000637e+01
9.817000000000000171e+01
9.817499999999999716e+01
9.818200000000000216e+01
9.819599999999999795e+01
9.820499999999999829e+01
9.821800000000000352e+01
9.822299999999999898e+01
9.822400000000000375e+01
9.822700000000000387e+01
9.823199999999999932e+01
9.825000000000000000e+01
9.825100000000000477e+01
9.826200000000000045e+01
9.827400000000000091e+01
9.827800000000000580e+01
9.828000000000000114e+01
9.828400000000000603e+01
9.829099999999999682e+01
9.830599999999999739e+01
9.831199999999999761e+01
9.832500000000000284e+01
9.833400000000000318e+01
9.833499999999999375e+01
9.833700000000000330e+01
9.834199999999999875e+01
9.834799999999999898e+01
9.835500000000000398e+01
9.835999999999999943e+01
9.836499999999999488e+01
9.839100000000000534e+01
9.839199999999999591e+01
9.840200000000000102e+01
9.841400000000000148e+01
9.841800000000000637e+01
9.842000000000000171e+01
9.842499999999999716e+01
9.843200000000000216e+01
9.844499999999999318e+01
9.845399999999999352e+01
9.846699999999999875e+01
9.847299999999999898e+01
9.847400000000000375e+01
9.847700000000000387e+01
9.848199999999999932e+01
9.850100000000000477e+01
9.850199999999999534e+01
9.851200000000000045e+01
9.852299999999999613e+01
9.852800000000000580e+01
9.853000000000000114e+01
9.853499999999999659e+01
9.854200000000000159e+01
9.855599999999999739e+01
9.856199999999999761e+01
9.857500000000000284e+01
9.858299999999999841e+01
9.858499999999999375e+01
9.858700000000000330e+01
9.859199999999999875e+01
9.859900000000000375e+01
9.860599999999999454e+01
9.861100000000000421e+01
9.861599999999999966e+01
9.864100000000000534e+01
9.864100000000000534e+01
9.865200000000000102e+01
9.897899999999999920e+01
9.898399999999999466e+01
9.900300000000000011e+01
9.900499999999999545e+01
9.901600000000000534e+01
9.902700000000000102e+01
9.903000000000000114e+01
9.903199999999999648e+01
9.903700000000000614e+01
9.904300000000000637e+01
9.905700000000000216e+01
9.906399999999999295e+01
9.907800000000000296e+01
9.908599999999999852e+01
9.908799999999999386e+01
9.908899999999999864e+01
9.909399999999999409e+01
9.910099999999999909e+01
9.910800000000000409e+01
9.911299999999999955e+01
9.911799999999999500e+01
9.914199999999999591e+01
9.914400000000000546e+01
9.915600000000000591e+01
9.916700000000000159e+01
9.917000000000000171e+01
9.917400000000000659e+01
9.917900000000000205e+01
9.918600000000000705e+01
9.919100000000000250e+01
9.919599999999999795e+01
9.920000000000000284e+01
9.922199999999999420e+01
9.922599999999999909e+01
9.923900000000000432e+01
9.924899999999999523e+01
9.925100000000000477e+01
9.925600000000000023e+01
9.926099999999999568e+01
9.926699999999999591e+01
9.927200000000000557e+01
9.927700000000000102e+01
9.928199999999999648e+01
9.930200000000000671e+01
9.930899999999999750e+01
9.932099999999999795e+01
9.932899999999999352e+01
9.933199999999999363e+01
9.933499999999999375e+01
9.934099999999999397e+01
9.934699999999999420e+01
9.935200000000000387e+01
9.935599999999999454e+01
9.936100000000000421e+01
9.938100000000000023e+01
9.938899999999999579e+01
9.940300000000000580e+01
9.940999999999999659e+01
9.941100000000000136e+01
9.941299999999999670e+01
9.941800000000000637e+01
9.942499999999999716e+01
9.943099999999999739e+01
9.943699999999999761e+01
9.944199999999999307e+01
9.946500000000000341e+01
9.947299999999999898e+01
9.948499999999999943e+01
9.949099999999999966e+01
9.949200000000000443e+01
9.949399999999999977e+01
9.949899999999999523e+01
9.951800000000000068e+01
9.951999999999999602e+01
9.953100000000000591e+01
9.954200000000000159e+01
9.954600000000000648e+01
9.955200000000000671e+01
9.955800000000000693e+01
9.956399999999999295e+01
9.956900000000000261e+01
9.957200000000000273e+01
9.957599999999999341e+01
9.959999999999999432e+01
9.959999999999999432e+01
9.960999999999999943e+01
9.962199999999999989e+01
9.962699999999999534e+01
9.962900000000000489e+01
9.963200000000000500e+01
9.963700000000000045e+01
9.965600000000000591e+01
9.965900000000000603e+01
9.967100000000000648e+01
9.968200000000000216e+01
9.968600000000000705e+01
9.968800000000000239e+01
9.969299999999999784e+01
9.970000000000000284e+01
9.971299999999999386e+01
9.971899999999999409e+01
9.973199999999999932e+01
9.973900000000000432e+01
9.974099999999999966e+01
9.974399999999999977e+01
9.975000000000000000e+01
9.976900000000000546e+01
9.976999999999999602e+01
9.978100000000000591e+01
9.979200000000000159e+01
9.979600000000000648e+01
9.979800000000000182e+01
9.980299999999999727e+01
9.980899999999999750e+01
9.982200000000000273e+01
9.982899999999999352e+01
9.984300000000000352e+01
9.985099999999999909e+01
9.985299999999999443e+01
9.985599999999999454e+01
9.986199999999999477e+01
9.988100000000000023e+01
9.987999999999999545e+01
9.988599999999999568e+01
1.005379999999999967e+02
1.005450000000000017e+02
1.005499999999999972e+02
1.005699999999999932e+02
1.005780000000000030e+02
1.005889999999999986e+02
1.005960000000000036e+02
1.005979999999999990e+02
1.006029999999999944e+02
1.006089999999999947e+02
1.006159999999999997e+02
1.006209999999999951e+02
1.006260000000000048e+02
1.006500000000000057e+02
1.006490000000000009e+02
1.006599999999999966e+02
1.006710000000000065e+02
1.006749999999999972e+02
1.006779999999999973e+02
1.006830000000000069e+02
1.006899999999999977e+02
1.006959999999999980e+02
1.007019999999999982e+02
1.007069999999999936e+02
1.007279999999999944e+02
1.007349999999999994e+02
1.007469999999999999e+02
1.007530000000000001e+02
1.007549999999999955e+02
1.007590000000000003e+02
1.007650000000000006e+02
1.007729999999999961e+02
1.007780000000000058e+02
1.007830000000000013e+02
1.007879999999999967e+02
1.008070000000000022e+02
1.008190000000000026e+02
1.008299999999999983e+02
1.008329999999999984e+02
1.008349999999999937e+02
1.008379999999999939e+02
1.008449999999999989e+02
1.008509999999999991e+02
1.008569999999999993e+02
1.008610000000000042e+02
1.008859999999999957e+02
1.008870000000000005e+02
1.008979999999999961e+02
1.009080000000000013e+02
1.009120000000000061e+02
1.009150000000000063e+02
1.009200000000000017e+02
1.009270000000000067e+02
1.009330000000000069e+02
1.009380000000000024e+02
1.009440000000000026e+02
1.009629999999999939e+02
1.009680000000000035e+02
1.009809999999999945e+02
1.009890000000000043e+02
1.009909999999999997e+02
1.009939999999999998e+02
1.009989999999999952e+02
1.010060000000000002e+02
1.010109999999999957e+02
1.010169999999999959e+02
1.010430000000000064e+02
1.010409999999999968e+02
1.010499999999999972e+02
1.010610000000000070e+02
1.010660000000000025e+02
1.010690000000000026e+02
1.010739999999999981e+02
1.010799999999999983e+02
1.010939999999999941e+02
1.011029999999999944e+02
1.011159999999999997e+02
1.011209999999999951e+02
1.011219999999999999e+02
1.011260000000000048e+02
1.011320000000000050e+02
1.011380000000000052e+02
1.011440000000000055e+02
1.011490000000000009e+02
1.011730000000000018e+02
1.011730000000000018e+02
1.011830000000000069e+02
1.011940000000000026e+02
1.011979999999999933e+02
1.012009999999999934e+02
1.012069999999999936e+02
1.012129999999999939e+02
1.012189999999999941e+02
1.012240000000000038e+02
1.012300000000000040e+02
1.012489999999999952e+02
1.012560000000000002e+02
1.012690000000000055e+02
1.012759999999999962e+02
1.012770000000000010e+02
1.012800000000000011e+02
1.012860000000000014e+02
1.012920000000000016e+02
1.012980000000000018e+02
1.013029999999999973e+02
1.013089999999999975e+02
1.013299999999999983e+02
1.013419999999999987e+02
1.013529999999999944e+02
1.013559999999999945e+02
1.013580000000000041e+02
1.013619999999999948e+02
1.013679999999999950e+02
1.013750000000000000e+02
1.018790000000000049e+02
1.018820000000000050e+02
1.018940000000000055e+02
1.019030000000000058e+02
1.019060000000000059e+02
1.019099999999999966e+02
1.019150000000000063e+02
1.019219999999999970e+02
1.019279999999999973e+02
1.019330000000000069e+02
1.019380000000000024e+02
1.019569999999999936e+02
1.019639999999999986e+02
1.019759999999999991e+02
1.019839999999999947e+02
1.019849999999999994e+02
1.019879999999999995e+02
1.019929999999999950e+02
1.020100000000000051e+02
1.020139999999999958e+02
1.020250000000000057e+02
1.020349999999999966e+02
1.020370000000000061e+02
1.020409999999999968e+02
1.020469999999999970e+02
1.020540000000000020e+02
1.020610000000000070e+02
1.020660000000000025e+02
1.020720000000000027e+02
1.020939999999999941e+02
1.021069999999999993e+02
1.021170000000000044e+02
1.021209999999999951e+02
1.021250000000000000e+02
1.021299999999999955e+02
1.021370000000000005e+02
1.021440000000000055e+02
1.021500000000000057e+02
1.021569999999999965e+02
1.021839999999999975e+02
1.021970000000000027e+02
1.022030000000000030e+02
1.022049999999999983e+02
1.022120000000000033e+02
1.022180000000000035e+02
1.022240000000000038e+02
1.022309999999999945e+02
1.022369999999999948e+02
1.022590000000000003e+02
1.022729999999999961e+02
1.022830000000000013e+02
1.022849999999999966e+02
1.022909999999999968e+02
1.022960000000000065e+02
1.023029999999999973e+02
1.023100000000000023e+02
1.023160000000000025e+02
1.023389999999999986e+02
1.023479999999999990e+02
1.023599999999999994e+02
1.023659999999999997e+02
1.023700000000000045e+02
1.023769999999999953e+02
1.023840000000000003e+02
1.023910000000000053e+02
1.023970000000000056e+02
1.024039999999999964e+02
1.024260000000000019e+02
1.024399999999999977e+02
1.024489999999999981e+02
1.024509999999999934e+02
1.024569999999999936e+02
1.024620000000000033e+02
1.024689999999999941e+02
1.024759999999999991e+02
1.024819999999999993e+02
1.025040000000000049e+02
1.025150000000000006e+02
1.025270000000000010e+02
1.025319999999999965e+02
1.025360000000000014e+02
1.025430000000000064e+02
1.025499999999999972e+02
1.025570000000000022e+02
1.025630000000000024e+02
1.025690000000000026e+02
1.025930000000000035e+02
1.026069999999999993e+02
1.026149999999999949e+02
1.026170000000000044e+02
1.026230000000000047e+02
1.026290000000000049e+02
1.026359999999999957e+02
1.026419999999999959e+02
1.026490000000000009e+02
1.026550000000000011e+02
1.026880000000000024e+02
1.026970000000000027e+02
1.026979999999999933e+02
1.027030000000000030e+02
1.027120000000000033e+02
1.027169999999999987e+02
1.027229999999999990e+02
1.027289999999999992e+02
1.027360000000000042e+02
1.027620000000000005e+02
1.027740000000000009e+02
1.027800000000000011e+02
1.027819999999999965e+02
1.036830000000000069e+02
1.036880000000000024e+02
1.036919999999999931e+02
1.036989999999999981e+02
1.037060000000000031e+02
1.037129999999999939e+02
1.037189999999999941e+02
1.037259999999999991e+02
1.037500000000000000e+02
1.037630000000000052e+02
1.037710000000000008e+02
1.037729999999999961e+02
1.037789999999999964e+02
1.037840000000000060e+02
1.037909999999999968e+02
1.037980000000000018e+02
1.038040000000000020e+02
1.038259999999999934e+02
1.038379999999999939e+02
1.038490000000000038e+02
1.038539999999999992e+02
1.038580000000000041e+02
1.038649999999999949e+02
1.038719999999999999e+02
1.038790000000000049e+02
1.038850000000000051e+02
1.038919999999999959e+02
1.039170000000000016e+02
1.039300000000000068e+02
1.039369999999999976e+02
1.039389999999999930e+02
1.039459999999999980e+02
1.039509999999999934e+02
1.039579999999999984e+02
1.039650000000000034e+02
1.039710000000000036e+02
1.039929999999999950e+02
1.040060000000000002e+02
1.040169999999999959e+02
1.040199999999999960e+02
1.040250000000000057e+02
1.040319999999999965e+02
1.040390000000000015e+02
1.040460000000000065e+02
1.040520000000000067e+02
1.040589999999999975e+02
1.040840000000000032e+02
1.040969999999999942e+02
1.041039999999999992e+02
1.041059999999999945e+02
1.041119999999999948e+02
1.041179999999999950e+02
1.041250000000000000e+02
1.041310000000000002e+02
1.041380000000000052e+02
1.041440000000000055e+02
1.041770000000000067e+02
1.041869999999999976e+02
1.041880000000000024e+02
1.041919999999999931e+02
1.042009999999999934e+02
1.042060000000000031e+02
1.042129999999999939e+02
1.042189999999999941e+02
1.042249999999999943e+02
1.042510000000000048e+02
1.042639999999999958e+02
1.042710000000000008e+02
1.042720000000000056e+02
1.042789999999999964e+02
1.042849999999999966e+02
1.042909999999999968e+02
1.042980000000000018e+02
1.043040000000000020e+02
1.043259999999999934e+02
1.043389999999999986e+02
1.043490000000000038e+02
1.043529999999999944e+02
1.043580000000000041e+02
1.043649999999999949e+02
1.043719999999999999e+02
1.043790000000000049e+02
1.043850000000000051e+02
1.044080000000000013e+02
1.044129999999999967e+02
1.044260000000000019e+02
1.044330000000000069e+02
1.044369999999999976e+02
1.044440000000000026e+02
1.044509999999999934e+02
1.044579999999999984e+02
1.044639999999999986e+02
1.044699999999999989e+02
1.044920000000000044e+02
1.045060000000000002e+02
1.045160000000000053e+02
1.045190000000000055e+02
1.045240000000000009e+02
1.045289999999999964e+02
1.045360000000000014e+02
1.045430000000000064e+02
1.045490000000000066e+02
1.045739999999999981e+02
1.052650000000000006e+02
1.052680000000000007e+02
1.052750000000000057e+02
1.052819999999999965e+02
1.052879999999999967e+02
1.052950000000000017e+02
1.053010000000000019e+02
1.053229999999999933e+02
1.053359999999999985e+02
1.053469999999999942e+02
1.053509999999999991e+02
1.053550000000000040e+02
1.053599999999999994e+02
1.053670000000000044e+02
1.053739999999999952e+02
1.053799999999999955e+02
1.054069999999999965e+02
1.054090000000000060e+02
1.054219999999999970e+02
1.054309999999999974e+02
1.054350000000000023e+02
1.054410000000000025e+02
1.054479999999999933e+02
1.054549999999999983e+02
1.054620000000000033e+02
1.054680000000000035e+02
1.054899999999999949e+02
1.055019999999999953e+02
1.055130000000000052e+02
1.055169999999999959e+02
1.055220000000000056e+02
1.055289999999999964e+02
1.055360000000000014e+02
1.055430000000000064e+02
1.055490000000000066e+02
1.055559999999999974e+02
1.055799999999999983e+02
1.055930000000000035e+02
1.056009999999999991e+02
1.056029999999999944e+02
1.056089999999999947e+02
1.056149999999999949e+02
1.056219999999999999e+02
1.056280000000000001e+02
1.056340000000000003e+02
1.056560000000000059e+02
1.056670000000000016e+02
1.056790000000000020e+02
1.056839999999999975e+02
1.056880000000000024e+02
1.056949999999999932e+02
1.057019999999999982e+02
1.057079999999999984e+02
1.057150000000000034e+02
1.057210000000000036e+02
1.057439999999999998e+02
1.057579999999999956e+02
1.057660000000000053e+02
1.057680000000000007e+02
1.057740000000000009e+02
1.057800000000000011e+02
1.057870000000000061e+02
1.057930000000000064e+02
1.057990000000000066e+02
1.058220000000000027e+02
1.058319999999999936e+02
1.058439999999999941e+02
1.058499999999999943e+02
1.058539999999999992e+02
1.058599999999999994e+02
1.058670000000000044e+02
1.058739999999999952e+02
1.058799999999999955e+02
1.058859999999999957e+02
1.059099999999999966e+02
1.059230000000000018e+02
1.059320000000000022e+02
1.059339999999999975e+02
1.059399999999999977e+02
1.059449999999999932e+02
1.059519999999999982e+02
1.059590000000000032e+02
1.059650000000000034e+02
1.059879999999999995e+02
1.059969999999999999e+02
1.060090000000000003e+02
1.060160000000000053e+02
1.060190000000000055e+02
1.060259999999999962e+02
1.060330000000000013e+02
1.060400000000000063e+02
1.060460000000000065e+02
1.060520000000000067e+02
1.060750000000000028e+02
1.060879999999999939e+02
1.060979999999999990e+02
1.060999999999999943e+02
1.061059999999999945e+02
1.068439999999999941e+02
1.068479999999999990e+02
1.068539999999999992e+02
1.068610000000000042e+02
1.068670000000000044e+02
1.068730000000000047e+02
1.068799999999999955e+02
1.069050000000000011e+02
1.069180000000000064e+02
1.069270000000000067e+02
1.069290000000000020e+02
1.069339999999999975e+02
1.069399999999999977e+02
1.069479999999999933e+02
1.069560000000000031e+02
1.069620000000000033e+02
1.069680000000000035e+02
1.069890000000000043e+02
1.070040000000000049e+02
1.070150000000000006e+02
1.070180000000000007e+02
1.070220000000000056e+02
1.070280000000000058e+02
1.070349999999999966e+02
1.070420000000000016e+02
1.070480000000000018e+02
1.070550000000000068e+02
1.070799999999999983e+02
1.070930000000000035e+02
1.071039999999999992e+02
1.071080000000000041e+02
1.071069999999999993e+02
1.071069999999999993e+02
1.071080000000000041e+02
1.071140000000000043e+02
1.071340000000000003e+02
1.071430000000000007e+02
1.071610000000000014e+02
1.071730000000000018e+02
1.071760000000000019e+02
1.071760000000000019e+02
1.071760000000000019e+02
1.071809999999999974e+02
1.072030000000000030e+02
1.072049999999999983e+02
1.072219999999999942e+02
1.072420000000000044e+02
1.072540000000000049e+02
1.072609999999999957e+02
1.072660000000000053e+02
1.072710000000000008e+02
1.072770000000000010e+02
1.072999999999999972e+02
1.073050000000000068e+02
1.073119999999999976e+02
1.073190000000000026e+02
1.073259999999999934e+02
1.073319999999999936e+02
1.073370000000000033e+02
1.073430000000000035e+02
1.073490000000000038e+02
1.073550000000000040e+02
1.073829999999999956e+02
1.073889999999999958e+02
1.073949999999999960e+02
1.074020000000000010e+02
1.074080000000000013e+02
1.074120000000000061e+02
1.074180000000000064e+02
1.074240000000000066e+02
1.074300000000000068e+02
1.074360000000000070e+02
1.074639999999999986e+02
1.074689999999999941e+02
1.074749999999999943e+02
1.074819999999999993e+02
1.074879999999999995e+02
1.074909999999999997e+02
1.074969999999999999e+02
1.075019999999999953e+02
1.075079999999999956e+02
1.075139999999999958e+02
1.075420000000000016e+02
1.075469999999999970e+02
1.075529999999999973e+02
1.075589999999999975e+02
1.075649999999999977e+02
1.075690000000000026e+02
1.075750000000000028e+02
1.075799999999999983e+02
1.075859999999999985e+02
