1.591626270277863026e+09
1.591626270564429045e+09
1.591626270780597925e+09
1.591626270976542950e+09
1.591626271179584980e+09
1.591626271376807928e+09
1.591626271579898119e+09
1.591626271775999069e+09
1.591626271976639032e+09
1.591626272179642916e+09
1.591626272377834082e+09
1.591626272577819109e+09
1.591626272776326895e+09
1.591626272976185083e+09
1.591626273178158998e+09
1.591626273376364946e+09
1.591626273578260899e+09
1.591626273776205063e+09
1.591626273978233099e+09
1.591626274176322937e+09
1.591626274378602982e+09
1.591626274737699032e+09
1.591626274810276031e+09
1.591626274976299047e+09
1.591626275178458929e+09
1.591626275376386881e+09
1.591626275577449083e+09
1.591626275775912046e+09
1.591626275976628065e+09
1.591626276176644087e+09
1.591626276376981020e+09
1.591626276576881886e+09
1.591626276775192976e+09
1.591626276976253033e+09
1.591626277175204039e+09
1.591626277375061989e+09
1.591626277577989101e+09
1.591626277775461912e+09
1.591626277974947929e+09
1.591626278177438021e+09
1.591626278375308990e+09
1.591626278575608969e+09
1.591626278775242090e+09
1.591626278975506067e+09
1.591626279177030087e+09
1.591626279376028061e+09
1.591626279715615034e+09
1.591626279788975000e+09
1.591626279974169970e+09
1.591626280175683022e+09
1.591626280374255896e+09
1.591626280575762033e+09
1.591626280774363995e+09
1.591626280975907087e+09
1.591626281177925110e+09
1.591626281375360012e+09
1.591626281575923920e+09
1.591626281778132915e+09
1.591626281975953102e+09
1.591626282175460100e+09
1.591626282375905991e+09
1.591626282574495077e+09
1.591626282774553061e+09
1.591626282976147890e+09
1.591626283173839092e+09
1.591626283374681950e+09
1.591626283574309111e+09
1.591626283772322893e+09
1.591626283974409103e+09
1.591626284174226046e+09
1.591626284374536037e+09
1.591626284706501961e+09
1.591626284785393000e+09
1.591626284974634886e+09
1.591626285172704935e+09
1.591626285372956038e+09
1.591626285571974993e+09
1.591626285773066998e+09
1.591626285974634886e+09
1.591626286172964096e+09
1.591626286370870113e+09
1.591626286572638988e+09
1.591626286771145105e+09
1.591626286971043110e+09
1.591626287173736095e+09
1.591626287373584986e+09
1.591626287574899912e+09
1.591626287771920919e+09
1.591626287974180937e+09
1.591626288171865940e+09
1.591626288371682882e+09
1.591626288572662115e+09
1.591626288771830082e+09
1.591626288975609064e+09
1.591626289173610926e+09
1.591626289374211073e+09
1.591626289723355055e+09
1.591626289805471897e+09
1.591626289970427036e+09
1.591626290171972036e+09
1.591626290373848915e+09
1.591626290573291063e+09
1.591626290770595074e+09
1.591626290973884106e+09
1.591626291171610117e+09
1.591626291370589972e+09
1.591626291573338985e+09
1.591626291772212982e+09
1.591626291972096920e+09
1.591626292172461033e+09
1.591626292370152950e+09
1.591626292572931051e+09
1.591626292771740913e+09
1.591626292972188950e+09
1.591626293169326067e+09
1.591626293368211985e+09
1.591626293571729898e+09
1.591626293769970894e+09
1.591626293969810963e+09
1.591626294169450045e+09
1.591626294371021032e+09
1.591626294713978052e+09
1.591626294802195072e+09
1.591626294969269991e+09
1.591626295169433117e+09
1.591626295371022940e+09
1.591626295571413040e+09
1.591626295770662069e+09
1.591626295969600916e+09
1.591626296172125101e+09
1.591626296369607925e+09
1.591626296571197987e+09
1.591626296768629074e+09
1.591626296968801022e+09
1.591626297169951916e+09
1.591626297369375944e+09
1.591626297569643974e+09
1.591626297769423962e+09
1.591626297969918966e+09
1.591626298167650938e+09
1.591626298370187044e+09
1.591626298567661047e+09
1.591626298770005941e+09
1.591626298967721939e+09
1.591626299168066025e+09
1.591626299369821072e+09
1.591626299570468903e+09
1.591626299767939091e+09
1.591626299968195915e+09
1.591626306352582932e+09
1.591626306561044931e+09
1.591626306759515047e+09
1.591626306959378958e+09
1.591626307159634113e+09
1.591626307357503891e+09
1.591626307557543039e+09
1.591626307759989977e+09
1.591626307957710981e+09
1.591626308161812067e+09
1.591626308359669924e+09
1.591626308559931040e+09
1.591626308759808064e+09
1.591626308959908009e+09
1.591626309159271002e+09
1.591626309361100912e+09
1.591626309561400890e+09
1.591626309760072947e+09
1.591626309960823059e+09
1.591626310293162107e+09
1.591626310383831024e+09
1.591626310555903912e+09
1.591626310758320093e+09
1.591626310960916042e+09
1.591626311160429001e+09
1.591626311357407093e+09
1.591626311561131001e+09
1.591626311760273933e+09
1.591626311959546089e+09
1.591626312161232948e+09
1.591626312357753992e+09
1.591626312557893038e+09
1.591626312761225939e+09
1.591626312955687046e+09
1.591626313156850100e+09
1.591626313358525991e+09
1.591626313556396008e+09
1.591626313756588936e+09
1.591626313957206964e+09
1.591626314160058022e+09
1.591626314355051041e+09
1.591626314555021048e+09
1.591626314755528927e+09
1.591626314955161095e+09
1.591626315153470993e+09
1.591626315355846882e+09
1.591626315556210995e+09
1.591626315756419897e+09
1.591626315958406925e+09
1.591626316156852007e+09
1.591626316357871056e+09
1.591626316557248116e+09
1.591626316756840944e+09
1.591626316955317974e+09
1.591626317156800985e+09
1.591626317353473902e+09
1.591626317553761959e+09
1.591626317753467083e+09
1.591626317954061985e+09
1.591626318155102015e+09
1.591626318354782104e+09
1.591626318553730011e+09
1.591626318754029989e+09
1.591626318953704119e+09
1.591626319154177904e+09
1.591626319356857061e+09
1.591626319556441069e+09
1.591626319756263971e+09
1.591626319954241991e+09
1.591626320297772884e+09
1.591626320397789001e+09
1.591626320549896002e+09
1.591626320754870892e+09
1.591626320954169035e+09
1.591626321155073881e+09
1.591626321354203939e+09
1.591626321552109957e+09
1.591626321755048990e+09
1.591626321952828884e+09
1.591626322155188084e+09
1.591626322352632046e+09
1.591626322556552887e+09
1.591626322753542900e+09
1.591626322955785036e+09
1.591626323154539108e+09
1.591626323353619099e+09
1.591626323554712057e+09
1.591626323754777908e+09
1.591626323953691006e+09
1.591626324151290894e+09
1.591626324351454973e+09
1.591626324551289082e+09
1.591626324753340960e+09
1.591626324951317072e+09
1.591626325152544975e+09
1.591626325353737116e+09
1.591626325551568031e+09
1.591626325753675938e+09
1.591626325953613997e+09
1.591626326153408051e+09
1.591626326352204084e+09
1.591626326553497076e+09
1.591626326751894951e+09
1.591626326952459097e+09
1.591626327153162956e+09
1.591626327352897882e+09
1.591626327551589012e+09
1.591626327752031088e+09
1.591626327954004049e+09
1.591626328149770021e+09
1.591626328349014044e+09
1.591626328553020954e+09
1.591626328752096891e+09
1.591626328953888893e+09
1.591626329149349928e+09
1.591626329349461079e+09
1.591626329550997019e+09
1.591626329750987053e+09
1.591626329950325966e+09
1.591626330302347898e+09
1.591626330410937071e+09
1.591626330559868097e+09
1.591626330748110056e+09
1.591626330949316978e+09
1.591626331151787996e+09
1.591626331348392010e+09
1.591626331548326969e+09
1.591626331749146938e+09
1.591626331948787928e+09
1.591626332148528099e+09
1.591626332350878954e+09
1.591626332549561977e+09
1.591626332749229908e+09
1.591626332952176094e+09
1.591626333150213957e+09
1.591626333348077059e+09
1.591626333549637079e+09
1.591626333750541925e+09
1.591626333950500011e+09
1.591626334149430990e+09
1.591626334349944115e+09
1.591626334549485922e+09
1.591626334750086069e+09
1.591626334949460983e+09
1.591626335277475119e+09
1.591626335387550116e+09
1.591626335547877073e+09
1.591626335749588013e+09
1.591626335947422981e+09
1.591626342326292992e+09
1.591626342540157080e+09
1.591626342742486954e+09
1.591626342939822912e+09
1.591626343140188932e+09
1.591626343342360020e+09
1.591626343542514086e+09
1.591626343743347883e+09
1.591626343941749096e+09
1.591626344143986940e+09
1.591626344341923952e+09
1.591626344540743113e+09
1.591626344741205931e+09
1.591626344940546989e+09
1.591626345140691042e+09
1.591626345338929892e+09
1.591626345535773039e+09
1.591626345741206884e+09
1.591626345938605070e+09
1.591626346139117002e+09
1.591626346339622974e+09
1.591626346541510105e+09
1.591626346739583969e+09
1.591626346941540003e+09
1.591626347138883114e+09
1.591626347339268923e+09
1.591626347538995028e+09
1.591626347741887093e+09
1.591626347940236092e+09
1.591626348139175892e+09
1.591626348338103056e+09
1.591626348538322926e+09
1.591626348741626978e+09
1.591626348940329075e+09
1.591626349140739918e+09
1.591626349337619066e+09
1.591626349535593987e+09
1.591626349737855911e+09
1.591626349941042900e+09
1.591626350140332937e+09
1.591626350337986946e+09
1.591626350682934999e+09
1.591626350814408064e+09
1.591626350966197014e+09
1.591626351140261889e+09
1.591626351338696957e+09
1.591626351538650990e+09
1.591626351739027977e+09
1.591626351937031031e+09
1.591626352137187958e+09
1.591626352338480949e+09
1.591626352537079096e+09
1.591626352737075090e+09
1.591626352936811924e+09
1.591626353139913082e+09
1.591626353337097883e+09
1.591626353536410093e+09
1.591626353736628056e+09
1.591626353937169075e+09
1.591626354139966011e+09
1.591626354337029934e+09
1.591626354538836002e+09
1.591626354737273932e+09
1.591626354936930895e+09
1.591626355134671926e+09
1.591626355337621927e+09
1.591626355679742098e+09
1.591626355817907095e+09
1.591626355973913908e+09
1.591626356137494087e+09
1.591626356336004972e+09
1.591626356534980059e+09
1.591626356737855911e+09
1.591626356934925079e+09
1.591626357137420893e+09
1.591626357337198973e+09
1.591626357535489082e+09
1.591626357737670898e+09
1.591626357938278913e+09
1.591626358136859894e+09
1.591626358336277962e+09
1.591626358535252094e+09
1.591626358735835075e+09
1.591626358935800076e+09
1.591626359133903027e+09
1.591626359333997965e+09
1.591626359535579920e+09
1.591626359733254910e+09
1.591626359936323881e+09
1.591626360135664940e+09
1.591626360337018967e+09
1.591626360675920963e+09
1.591626360809407949e+09
1.591626360959631920e+09
1.591626361134133101e+09
1.591626361334877968e+09
1.591626361535350084e+09
1.591626361734090090e+09
1.591626361933778048e+09
1.591626362131861925e+09
1.591626362335091114e+09
1.591626362534517050e+09
1.591626362734291077e+09
1.591626362932624102e+09
1.591626363134084940e+09
1.591626363333410978e+09
1.591626363532752991e+09
1.591626363732599020e+09
1.591626363932187080e+09
1.591626364132606983e+09
1.591626364334120989e+09
1.591626364532107115e+09
1.591626364731856108e+09
1.591626364934855938e+09
1.591626365133661032e+09
1.591626365331566095e+09
1.591626365689914942e+09
1.591626365827476978e+09
1.591626365979293108e+09
1.591626366132898092e+09
1.591626366331883907e+09
1.591626366532280922e+09
1.591626366735778093e+09
1.591626366935375929e+09
1.591626367132623911e+09
1.591626367334135056e+09
1.591626367532613993e+09
1.591626367734499931e+09
1.591626367934401989e+09
1.591626368135360003e+09
1.591626368333667994e+09
1.591626368532804966e+09
1.591626368731148958e+09
1.591626368930979013e+09
1.591626369131527901e+09
1.591626369333133936e+09
1.591626369529297113e+09
1.591626369729851007e+09
1.591626369929375887e+09
1.591626370130068064e+09
1.591626370329797029e+09
1.591626370530524969e+09
1.591626370729511023e+09
1.591626370931763887e+09
1.591626371131774902e+09
1.591626371331877947e+09
1.591626371532212019e+09
1.591626371731874943e+09
1.591626371929768085e+09
1.591626378295500994e+09
1.591626378522598028e+09
1.591626378722914934e+09
1.591626378919075966e+09
1.591626379121712923e+09
1.591626379322107077e+09
1.591626379522145987e+09
1.591626379721527100e+09
1.591626379922195911e+09
1.591626380123445988e+09
1.591626380320559025e+09
1.591626380522368908e+09
1.591626380720729113e+09
1.591626380919696093e+09
1.591626381121910095e+09
1.591626381322079897e+09
1.591626381521075010e+09
1.591626381718169928e+09
1.591626381920578957e+09
1.591626382119970083e+09
1.591626382320928097e+09
1.591626382518780947e+09
1.591626382719109058e+09
1.591626382920630932e+09
1.591626383118696928e+09
1.591626383318469048e+09
1.591626383520883083e+09
1.591626383721193075e+09
1.591626383920759916e+09
1.591626384120122910e+09
1.591626384322278023e+09
1.591626384519998074e+09
1.591626384719319105e+09
1.591626384920156002e+09
1.591626385119334936e+09
1.591626385319458961e+09
1.591626385519211054e+09
1.591626385719710112e+09
1.591626385920092106e+09
1.591626386120079041e+09
1.591626386316459894e+09
1.591626386518980026e+09
1.591626386717837095e+09
1.591626386918098927e+09
1.591626387117266893e+09
1.591626387317622900e+09
1.591626387519360065e+09
1.591626387717320919e+09
1.591626387918133020e+09
1.591626388117916107e+09
1.591626388317008018e+09
1.591626388517735958e+09
1.591626388719367027e+09
1.591626388922435999e+09
1.591626389116256952e+09
1.591626389317589045e+09
1.591626389517330885e+09
1.591626389714067936e+09
1.591626389914658070e+09
1.591626390115443945e+09
1.591626390318790913e+09
1.591626390517654896e+09
1.591626390715126991e+09
1.591626390915805101e+09
1.591626391115183115e+09
1.591626391318284035e+09
1.591626391516257048e+09
1.591626391715616941e+09
1.591626391918225050e+09
1.591626392117789984e+09
1.591626392316071033e+09
1.591626392517857075e+09
1.591626392716806889e+09
1.591626392914983988e+09
1.591626393115341902e+09
1.591626393314337015e+09
1.591626393513847113e+09
1.591626393717662096e+09
1.591626393916078091e+09
1.591626394116806030e+09
1.591626394315565109e+09
1.591626394515083075e+09
1.591626394717364073e+09
1.591626394916513920e+09
1.591626395117449045e+09
1.591626395317274094e+09
1.591626395514779091e+09
1.591626395714169025e+09
1.591626395915874004e+09
1.591626396114706039e+09
1.591626396314425945e+09
1.591626396514367104e+09
1.591626396712255001e+09
1.591626396913496017e+09
1.591626397113531113e+09
1.591626397312701941e+09
1.591626397511976004e+09
1.591626397712503910e+09
1.591626397913554907e+09
1.591626398112668991e+09
1.591626398313467026e+09
1.591626398515136003e+09
1.591626398711988926e+09
1.591626398913753033e+09
1.591626399111733913e+09
1.591626399313378096e+09
1.591626399514482021e+09
1.591626399710583925e+09
1.591626399911401033e+09
1.591626400112833977e+09
1.591626400310786009e+09
1.591626400513262987e+09
1.591626400711138964e+09
1.591626401046175003e+09
1.591626401199775934e+09
1.591626401353368998e+09
1.591626401508744001e+09
1.591626401711201906e+09
1.591626401912621021e+09
1.591626402110078096e+09
1.591626402311182976e+09
1.591626402509747982e+09
1.591626402711008072e+09
1.591626402913172960e+09
1.591626403112828016e+09
1.591626403313594103e+09
1.591626403512732029e+09
1.591626403713165998e+09
1.591626403911539078e+09
1.591626404113094091e+09
1.591626404310498953e+09
1.591626404513341904e+09
1.591626404709881067e+09
1.591626404911423922e+09
1.591626405110416889e+09
1.591626405312567949e+09
1.591626405512862921e+09
1.591626405712564945e+09
1.591626405913332939e+09
1.591626406109846115e+09
1.591626406309246063e+09
1.591626406510751009e+09
1.591626406711078882e+09
1.591626406909179926e+09
1.591626407108638048e+09
1.591626407310697079e+09
1.591626407510374069e+09
1.591626407712069988e+09
1.591626407912147999e+09
1.591626414266741037e+09
1.591626414500957012e+09
1.591626414702697039e+09
1.591626414902651072e+09
1.591626415102885962e+09
1.591626415302963018e+09
1.591626415500931025e+09
1.591626415701961994e+09
1.591626415901240110e+09
1.591626416194610119e+09
1.591626416365986109e+09
1.591626416523535013e+09
1.591626416701678991e+09
1.591626416900928974e+09
1.591626417100086927e+09
1.591626417301959038e+09
1.591626417500011921e+09
1.591626417698745966e+09
1.591626417901046991e+09
1.591626418101422071e+09
1.591626418302607059e+09
1.591626418501586914e+09
1.591626418702203035e+09
1.591626418899370909e+09
1.591626419101882935e+09
1.591626419302417040e+09
1.591626419503005981e+09
1.591626419701442957e+09
1.591626419901464939e+09
1.591626420099755049e+09
1.591626420300168991e+09
1.591626420498368025e+09
1.591626420697724104e+09
1.591626420899213076e+09
1.591626421100446939e+09
1.591626421298158884e+09
1.591626421501342058e+09
1.591626421698925972e+09
1.591626421898197889e+09
1.591626422100342035e+09
1.591626422298362970e+09
1.591626422501184940e+09
1.591626422701690912e+09
1.591626422898260117e+09
1.591626423100080013e+09
1.591626423299715042e+09
1.591626423499824047e+09
1.591626423698030949e+09
1.591626423897150040e+09
1.591626424098784924e+09
1.591626424299990892e+09
1.591626424497648001e+09
1.591626424695957899e+09
1.591626424899471998e+09
1.591626425099989891e+09
1.591626425298022985e+09
1.591626425500715017e+09
1.591626425699132919e+09
1.591626425899667978e+09
1.591626426100590944e+09
1.591626426298789024e+09
1.591626426498891115e+09
1.591626426698019028e+09
1.591626426896739960e+09
1.591626427097836971e+09
1.591626427297550917e+09
1.591626427495469093e+09
1.591626427698630095e+09
1.591626427895651102e+09
1.591626428094553947e+09
1.591626428296139956e+09
1.591626428496758938e+09
1.591626428695478916e+09
1.591626428901964903e+09
1.591626429093440056e+09
1.591626429292634010e+09
1.591626429499682903e+09
1.591626429698553085e+09
1.591626429893909931e+09
1.591626430094997883e+09
1.591626430294444084e+09
1.591626430495441914e+09
1.591626430694027901e+09
1.591626430895049095e+09
1.591626431094317913e+09
1.591626431289726973e+09
1.591626431495726109e+09
1.591626431695833921e+09
1.591626431894375086e+09
1.591626432094911098e+09
1.591626432297094107e+09
1.591626432497978926e+09
1.591626432693320036e+09
1.591626432894360065e+09
1.591626433093054056e+09
1.591626433293442011e+09
1.591626433493241072e+09
1.591626433694087982e+09
1.591626433893969059e+09
1.591626434095652103e+09
1.591626434293349028e+09
1.591626434494596004e+09
1.591626434693079948e+09
1.591626434896673918e+09
1.591626435095736027e+09
1.591626435295794964e+09
1.591626435496826887e+09
1.591626435694950104e+09
1.591626435895972013e+09
1.591626436092367887e+09
1.591626436292881966e+09
1.591626436493223906e+09
1.591626436693502903e+09
1.591626436892952919e+09
1.591626437093381882e+09
1.591626437292640924e+09
1.591626437493268967e+09
1.591626437692706108e+09
1.591626437892651081e+09
1.591626438090234041e+09
1.591626438290441990e+09
1.591626438492665052e+09
1.591626438690623045e+09
1.591626438893249989e+09
1.591626439093285084e+09
1.591626439291297913e+09
1.591626439493479967e+09
1.591626439691061974e+09
1.591626439893583059e+09
1.591626440094038010e+09
1.591626440293138027e+09
1.591626440491117001e+09
1.591626440692802906e+09
1.591626440890939951e+09
1.591626441089839935e+09
1.591626441436441898e+09
1.591626441616892099e+09
1.591626441816806078e+09
1.591626441993278980e+09
1.591626442169085026e+09
1.591626442342974901e+09
1.591626442525304079e+09
1.591626442700251102e+09
1.591626442889228106e+09
1.591626443091717005e+09
1.591626443289318085e+09
1.591626443490534067e+09
1.591626443689529896e+09
1.591626443891417027e+09
1.591626450239912033e+09
1.591626450483530998e+09
1.591626450682688951e+09
1.591626450878988981e+09
1.591626451084364891e+09
1.591626451281935930e+09
1.591626451609802961e+09
1.591626451827677965e+09
1.591626452016897917e+09
1.591626452201231956e+09
1.591626452387886047e+09
1.591626452570354939e+09
1.591626452748472929e+09
1.591626452931622028e+09
1.591626453109318972e+09
1.591626453292865992e+09
1.591626453480180979e+09
1.591626453679905891e+09
1.591626453877268076e+09
1.591626454081310987e+09
1.591626454280884027e+09
1.591626454480396032e+09
1.591626454678076029e+09
1.591626454875565052e+09
1.591626455081269026e+09
1.591626455278103113e+09
1.591626455479090929e+09
1.591626455679121971e+09
1.591626455878469944e+09
1.591626456079835892e+09
1.591626456277872086e+09
1.591626456484141111e+09
1.591626456681709051e+09
1.591626456885658026e+09
1.591626457080260038e+09
1.591626457279535055e+09
1.591626457479099035e+09
1.591626457680267096e+09
1.591626457884488106e+09
1.591626458077877045e+09
1.591626458279278040e+09
1.591626458479403973e+09
1.591626458677634954e+09
1.591626458882138968e+09
1.591626459078408957e+09
1.591626459278013945e+09
1.591626459477813005e+09
1.591626459679825068e+09
1.591626459879942894e+09
1.591626460080611944e+09
1.591626460277395964e+09
1.591626460477504969e+09
1.591626460679732084e+09
1.591626460888183117e+09
1.591626461080102921e+09
1.591626461278208017e+09
1.591626461480549097e+09
1.591626461677541971e+09
1.591626461883728027e+09
1.591626462077666998e+09
1.591626462274727106e+09
1.591626462476774931e+09
1.591626462675576925e+09
1.591626462880897999e+09
1.591626463077517033e+09
1.591626463277188063e+09
1.591626463477376938e+09
1.591626463678972960e+09
1.591626463881405115e+09
1.591626464078480959e+09
1.591626464276735067e+09
1.591626464477484941e+09
1.591626464680994034e+09
1.591626464892046928e+09
1.591626465091989994e+09
1.591626465282134056e+09
1.591626465477859974e+09
1.591626465677521944e+09
1.591626465892573118e+09
1.591626466087666035e+09
1.591626466274069071e+09
1.591626466608253002e+09
1.591626466836968899e+09
1.591626467025542021e+09
1.591626467210840940e+09
1.591626467403912067e+09
1.591626467602545977e+09
1.591626467825237989e+09
1.591626468021028996e+09
1.591626468216633081e+09
1.591626468412751913e+09
1.591626468607626915e+09
1.591626468826160908e+09
1.591626469017934084e+09
1.591626469208281994e+09
1.591626469403069973e+09
1.591626469604758024e+09
1.591626469798079967e+09
1.591626469996684074e+09
1.591626470184492111e+09
1.591626470382963896e+09
1.591626470573126078e+09
1.591626470775140047e+09
1.591626470974217892e+09
1.591626471170721054e+09
1.591626471367644072e+09
1.591626471703773022e+09
1.591626471902817965e+09
1.591626472096596003e+09
1.591626472290077925e+09
1.591626472490818024e+09
1.591626472688323021e+09
1.591626472893587112e+09
1.591626473091588974e+09
1.591626473288173914e+09
1.591626473489878893e+09
1.591626473689799070e+09
1.591626473903008938e+09
1.591626474108335018e+09
1.591626474304836035e+09
1.591626474503400087e+09
1.591626474700674057e+09
1.591626474900536060e+09
1.591626475094044924e+09
1.591626475293838978e+09
1.591626475490349054e+09
1.591626475687167883e+09
1.591626475894923925e+09
1.591626476098462105e+09
1.591626476294310093e+09
1.591626476492511988e+09
1.591626476696768999e+09
1.591626476898864985e+09
1.591626477095715046e+09
1.591626477296318054e+09
1.591626477498816013e+09
1.591626477695717096e+09
1.591626477901195049e+09
1.591626478098498106e+09
1.591626478295942068e+09
1.591626478495414019e+09
1.591626478697035074e+09
1.591626478898396969e+09
1.591626479104069948e+09
1.591626479307816029e+09
1.591626479511101961e+09
1.591626479719759941e+09
1.591626479928735971e+09
1.591626486212192059e+09
1.591626486464245081e+09
1.591626486662288904e+09
1.591626487053560019e+09
1.591626487255510092e+09
1.591626487460568905e+09
1.591626487662110090e+09
1.591626487891060114e+09
1.591626488088217020e+09
1.591626488290935040e+09
1.591626488489839077e+09
1.591626488696026087e+09
1.591626488910398960e+09
1.591626489114408970e+09
1.591626489316178083e+09
1.591626489516891003e+09
1.591626489729692936e+09
1.591626489938487053e+09
1.591626490146620035e+09
1.591626490351315022e+09
1.591626490553644896e+09
1.591626490757522106e+09
1.591626490976742029e+09
1.591626491181798935e+09
1.591626491387837887e+09
1.591626491600013971e+09
1.591626491864624023e+09
1.591626492075038910e+09
1.591626492276889086e+09
1.591626492482533932e+09
1.591626492690233946e+09
1.591626492904093027e+09
1.591626493107384920e+09
1.591626493310828924e+09
1.591626493518482924e+09
1.591626493722512007e+09
1.591626493934031963e+09
1.591626494139986038e+09
1.591626494344608068e+09
1.591626494551923990e+09
1.591626494764503002e+09
1.591626494975879908e+09
1.591626495190346956e+09
1.591626495408004045e+09
1.591626495618896961e+09
1.591626495856749058e+09
1.591626496069813013e+09
1.591626496284931898e+09
1.591626496493186951e+09
1.591626496706172943e+09
1.591626497072423935e+09
1.591626497284176111e+09
1.591626497498378992e+09
1.591626497711514950e+09
1.591626497927207947e+09
1.591626498135416985e+09
1.591626498339515924e+09
1.591626498553205013e+09
1.591626498771126986e+09
1.591626498986360073e+09
1.591626499197118998e+09
1.591626499408859015e+09
1.591626499624180079e+09
1.591626499870944977e+09
1.591626500087671995e+09
1.591626500297697067e+09
1.591626500511404991e+09
1.591626500729043961e+09
1.591626500950274944e+09
1.591626501166369915e+09
1.591626501378360033e+09
1.591626501585249901e+09
1.591626501794743061e+09
1.591626502007905960e+09
1.591626502222943068e+09
1.591626502429781914e+09
1.591626502638674974e+09
1.591626502887298107e+09
1.591626503097234011e+09
1.591626503307456017e+09
1.591626503521858931e+09
1.591626503733957052e+09
1.591626503951220989e+09
1.591626504171104908e+09
1.591626504387480021e+09
1.591626504601422071e+09
1.591626504816927910e+09
1.591626505034873009e+09
1.591626505249453068e+09
1.591626505459696054e+09
1.591626505676861048e+09
1.591626505918602943e+09
1.591626506134313107e+09
1.591626506345882893e+09
1.591626506555843115e+09
1.591626506781691074e+09
1.591626507150345087e+09
1.591626507366945028e+09
1.591626507587590933e+09
1.591626507808813095e+09
1.591626508024749041e+09
1.591626508239181042e+09
1.591626508454615116e+09
1.591626508674328089e+09
1.591626508909956932e+09
1.591626509134037971e+09
1.591626509354163885e+09
1.591626509578432083e+09
1.591626509801678896e+09
1.591626510024194002e+09
1.591626510247663021e+09
1.591626510467081070e+09
1.591626510690499067e+09
1.591626510919406891e+09
1.591626511143944025e+09
1.591626511361618042e+09
1.591626511584216118e+09
1.591626511808235884e+09
1.591626512186966896e+09
1.591626512416049004e+09
1.591626512639631987e+09
1.591626512900522947e+09
1.591626513123364925e+09
1.591626513340729952e+09
1.591626513558612108e+09
1.591626513777905941e+09
1.591626514009407043e+09
1.591626514233469009e+09
1.591626514455044031e+09
1.591626514684194088e+09
1.591626514913110971e+09
1.591626515137706995e+09
1.591626515354794025e+09
1.591626515579504967e+09
1.591626515799666882e+09
1.591626521995593071e+09
1.591626522386864901e+09
1.591626522609965086e+09
1.591626522860213995e+09
1.591626523083863020e+09
1.591626523307256937e+09
1.591626523527358055e+09
1.591626523751085043e+09
1.591626523972526073e+09
1.591626524197422028e+09
1.591626524416935921e+09
1.591626524641853094e+09
1.591626524898544073e+09
1.591626525121891022e+09
1.591626525351969004e+09
1.591626525576215982e+09
1.591626525796991110e+09
1.591626526032126904e+09
1.591626526256308079e+09
1.591626526486011982e+09
1.591626526710072041e+09
1.591626526944948912e+09
1.591626527231338024e+09
1.591626527462074995e+09
1.591626527687484026e+09
1.591626527929935932e+09
1.591626528157989025e+09
1.591626528384922981e+09
1.591626528607821941e+09
1.591626528868412971e+09
1.591626529095638037e+09
1.591626529335619926e+09
1.591626529565622091e+09
1.591626529800199986e+09
1.591626530033168077e+09
1.591626530256401062e+09
1.591626530490417957e+09
1.591626530725368977e+09
1.591626530959109068e+09
1.591626531188761950e+09
1.591626531417885065e+09
1.591626531649502993e+09
1.591626531911263943e+09
1.591626532137094021e+09
1.591626532369481087e+09
1.591626532603075027e+09
1.591626532837560892e+09
1.591626533073987961e+09
1.591626533316458941e+09
1.591626533551377058e+09
1.591626533783426046e+09
1.591626534020128965e+09
1.591626534251156092e+09
1.591626534477947950e+09
1.591626534708317041e+09
1.591626534949376106e+09
1.591626535174777031e+09
1.591626535399249077e+09
1.591626535634860992e+09
1.591626535902414083e+09
1.591626536140511990e+09
1.591626536367850065e+09
1.591626536596846104e+09
1.591626536834711075e+09
1.591626537065285921e+09
1.591626537350243092e+09
1.591626537579035044e+09
1.591626537810106993e+09
1.591626538050508976e+09
1.591626538277904034e+09
1.591626538509579897e+09
1.591626538743334055e+09
1.591626538978611946e+09
1.591626539206123114e+09
1.591626539445955038e+09
1.591626539674928904e+09
1.591626539931065083e+09
1.591626540171849966e+09
1.591626540405504942e+09
1.591626540649010897e+09
1.591626540917036057e+09
1.591626541154546976e+09
1.591626541392745018e+09
1.591626541629705906e+09
1.591626541898045063e+09
1.591626542133667946e+09
1.591626542494205952e+09
1.591626542727531910e+09
1.591626542965110064e+09
1.591626543199843884e+09
1.591626543437083960e+09
1.591626543673685074e+09
1.591626543944317102e+09
1.591626544182482958e+09
1.591626544415297985e+09
1.591626544656661034e+09
1.591626544926822901e+09
1.591626545168564081e+09
1.591626545414633989e+09
1.591626545658401012e+09
1.591626545927567005e+09
1.591626546172379017e+09
1.591626546408711910e+09
1.591626546654527903e+09
1.591626546924911976e+09
1.591626547163225889e+09
1.591626547547497034e+09
1.591626547797997952e+09
1.591626548050998926e+09
1.591626548316443920e+09
1.591626548561641932e+09
1.591626548802397966e+09
1.591626549054955959e+09
1.591626549296195030e+09
1.591626549543337107e+09
1.591626549791110039e+09
1.591626550029659033e+09
1.591626550270092964e+09
1.591626550509464979e+09
1.591626550748004913e+09
1.591626550987205029e+09
1.591626551226356030e+09
1.591626551468821049e+09
1.591626551719994068e+09
1.591626564155349970e+09
1.591626564545806885e+09
1.591626564823250055e+09
1.591626565067574978e+09
1.591626565306860924e+09
1.591626565551095963e+09
1.591626565796552896e+09
1.591626566049884081e+09
1.591626566290079117e+09
1.591626566537436008e+09
1.591626566782733917e+09
1.591626567029619932e+09
1.591626567278598070e+09
1.591626567523396969e+09
1.591626567913400888e+09
1.591626568157742977e+09
1.591626568396492958e+09
1.591626568642311096e+09
1.591626568923038006e+09
1.591626569166343927e+09
1.591626569411228895e+09
1.591626569660490990e+09
1.591626569941663980e+09
1.591626570189311028e+09
1.591626570440109968e+09
1.591626570688059092e+09
1.591626570944592953e+09
1.591626571187705040e+09
1.591626571432650089e+09
1.591626571676465034e+09
1.591626571944829941e+09
1.591626572194169044e+09
1.591626572437964916e+09
1.591626572683751106e+09
1.591626572953385115e+09
1.591626573199527025e+09
1.591626573447938919e+09
1.591626573697865009e+09
1.591626573947335005e+09
1.591626574194263935e+09
1.591626574438719034e+09
1.591626574825354099e+09
1.591626575079391003e+09
1.591626575328231096e+09
1.591626575583272934e+09
1.591626575844082117e+09
1.591626576102343082e+09
1.591626576352157116e+09
1.591626576601587057e+09
1.591626576851861954e+09
1.591626577107213974e+09
1.591626577354963064e+09
1.591626577609241962e+09
1.591626577890187025e+09
1.591626578145103931e+09
1.591626578394434929e+09
1.591626578657072067e+09
1.591626578949681044e+09
1.591626579199027061e+09
1.591626579455343008e+09
1.591626579855442047e+09
1.591626580111485004e+09
1.591626580362509966e+09
1.591626580610496998e+09
1.591626580892062902e+09
1.591626581148559093e+09
1.591626581400935888e+09
1.591626581656476974e+09
1.591626581948378086e+09
1.591626582200618982e+09
1.591626582463566065e+09
1.591626582719939947e+09
1.591626582985805035e+09
1.591626583244816065e+09
1.591626583499629021e+09
1.591626583752891064e+09
1.591626584010246992e+09
1.591626584266911030e+09
1.591626584526305914e+09
1.591626584921207905e+09
1.591626585181674004e+09
1.591626585436868906e+09
1.591626585692106009e+09
1.591626585952740908e+09
1.591626586205857992e+09
1.591626586464616060e+09
1.591626586724210024e+09
1.591626586980720043e+09
1.591626587240856886e+09
1.591626587493998051e+09
1.591626587750365019e+09
1.591626588015119076e+09
1.591626588282241106e+09
1.591626588545541048e+09
1.591626588798788071e+09
1.591626589058377981e+09
1.591626589315171957e+09
1.591626589569379091e+09
1.591626589967274904e+09
1.591626590236021996e+09
1.591626590492583036e+09
1.591626590752305031e+09
1.591626591012739897e+09
1.591626591267324924e+09
1.591626591524009943e+09
1.591626591787683964e+09
1.591626592053751945e+09
1.591626592312463045e+09
1.591626592572463989e+09
1.591626592831929922e+09
1.591626593092500925e+09
1.591626593353590965e+09
1.591626593611732006e+09
1.591626593916033030e+09
1.591626600329616070e+09
1.591626600596847057e+09
1.591626600852523088e+09
1.591626601111287117e+09
1.591626601373553038e+09
1.591626601633071899e+09
1.591626601935600996e+09
1.591626602199513912e+09
1.591626602459667921e+09
1.591626602725619078e+09
1.591626602984443903e+09
1.591626603238492012e+09
1.591626603505769014e+09
1.591626603771950006e+09
1.591626604038870096e+09
1.591626604309802055e+09
1.591626604571755886e+09
1.591626604829587936e+09
1.591626605205573082e+09
1.591626605479902983e+09
1.591626605738596916e+09
1.591626605996767998e+09
1.591626606258069992e+09
1.591626606529756069e+09
1.591626606785506010e+09
1.591626607051492929e+09
1.591626607308595896e+09
1.591626607573307037e+09
1.591626607831202030e+09
1.591626608103852034e+09
1.591626608365940094e+09
1.591626608632792950e+09
1.591626608932746887e+09
1.591626609196259022e+09
1.591626609460520029e+09
1.591626609725263119e+09
1.591626609997965097e+09
1.591626610262190104e+09
1.591626610526479006e+09
1.591626610797219038e+09
1.591626611062470913e+09
1.591626611321150064e+09
1.591626611587004900e+09
1.591626611850999117e+09
1.591626612118161917e+09
1.591626612387706995e+09
1.591626612647115946e+09
1.591626612944120884e+09
1.591626613215734959e+09
1.591626613484577894e+09
1.591626613750458956e+09
1.591626614019575119e+09
1.591626614292371035e+09
1.591626614555274963e+09
1.591626614825079918e+09
1.591626615138065100e+09
1.591626615417032003e+09
1.591626615691538095e+09
1.591626615972397089e+09
1.591626616241540909e+09
1.591626616514319897e+09
1.591626616781795979e+09
1.591626617053462029e+09
1.591626617320847034e+09
1.591626617589627028e+09
1.591626617866177082e+09
1.591626618137557030e+09
1.591626618406605959e+09
1.591626618677531958e+09
1.591626618967051029e+09
1.591626619242871046e+09
1.591626619512039900e+09
1.591626619787992954e+09
1.591626620062992096e+09
1.591626620331414938e+09
1.591626620602603912e+09
1.591626620871249914e+09
1.591626621145288944e+09
1.591626621412611961e+09
1.591626621679450035e+09
1.591626621977001905e+09
1.591626622244750023e+09
1.591626622514555931e+09
1.591626622790425062e+09
1.591626623065236092e+09
1.591626623332868099e+09
1.591626623604293108e+09
1.591626623872395039e+09
1.591626624146625042e+09
1.591626624416438103e+09
1.591626624685434103e+09
1.591626624967293978e+09
1.591626625377641916e+09
1.591626625642458916e+09
1.591626625947465897e+09
1.591626626216523886e+09
1.591626626489099026e+09
1.591626626764417887e+09
1.591626627040286064e+09
1.591626627314376116e+09
1.591626627599210024e+09
1.591626627875744104e+09
1.591626628150865078e+09
1.591626628427524090e+09
1.591626628702663898e+09
1.591626628984713078e+09
1.591626629259932995e+09
1.591626629538944006e+09
1.591626629821830988e+09
1.591626642289983988e+09
1.591626642565557957e+09
1.591626642846550941e+09
1.591626643122370958e+09
1.591626643404707909e+09
1.591626643675106049e+09
1.591626643978013039e+09
1.591626644250152111e+09
1.591626644517947912e+09
1.591626644797081947e+09
1.591626645076281071e+09
1.591626645355869055e+09
1.591626645783416986e+09
1.591626646064081907e+09
1.591626646338222980e+09
1.591626646616211891e+09
1.591626646941453934e+09
1.591626647218368053e+09
1.591626647493537903e+09
1.591626647770620108e+09
1.591626648048475981e+09
1.591626648324254036e+09
1.591626648608294010e+09
1.591626648930442095e+09
1.591626649213047028e+09
1.591626649497351885e+09
1.591626649778285027e+09
1.591626650060437918e+09
1.591626650337805986e+09
1.591626650757612944e+09
1.591626651036294937e+09
1.591626651310607910e+09
1.591626651598537922e+09
1.591626651883225918e+09
1.591626652167772055e+09
1.591626652442183018e+09
1.591626652722232103e+09
1.591626653003519058e+09
1.591626653284377098e+09
1.591626653569315910e+09
1.591626653844624043e+09
1.591626654128247976e+09
1.591626654408000946e+09
1.591626654688481092e+09
1.591626654981941938e+09
1.591626655266483068e+09
1.591626655583868980e+09
1.591626655861746073e+09
1.591626656148858070e+09
1.591626656425909996e+09
1.591626656720202923e+09
1.591626657003842115e+09
1.591626657285056114e+09
1.591626657565083027e+09
1.591626657843415976e+09
1.591626658123812914e+09
1.591626658406914949e+09
1.591626658689686060e+09
1.591626658977149963e+09
1.591626659257143974e+09
1.591626659539632082e+09
1.591626659821891069e+09
1.591626660109359026e+09
1.591626660401556969e+09
1.591626660833282948e+09
1.591626661123251915e+09
1.591626661406831026e+09
1.591626661686780930e+09
1.591626661984000921e+09
1.591626662271142960e+09
1.591626662566876888e+09
1.591626662845505953e+09
1.591626663139957905e+09
1.591626663421427965e+09
1.591626663702356100e+09
1.591626663993983984e+09
1.591626664288561106e+09
1.591626664573692083e+09
1.591626664856710911e+09
1.591626665142688036e+09
1.591626665436873913e+09
1.591626665848547935e+09
1.591626666146059036e+09
1.591626666431766987e+09
1.591626666717338085e+09
1.591626667008852005e+09
1.591626667295289993e+09
1.591626667598064899e+09
1.591626667891077995e+09
1.591626668180592060e+09
1.591626668464490891e+09
1.591626668750256062e+09
1.591626669040465117e+09
1.591626669324918985e+09
1.591626669618530989e+09
1.591626669926834106e+09
1.591626670226023912e+09
1.591626670521759033e+09
1.591626670805221081e+09
1.591626671094368935e+09
1.591626671382957935e+09
1.591626671675122023e+09
1.591626671991179943e+09
1.591626678463300943e+09
1.591626678759352922e+09
1.591626679050506115e+09
1.591626679349632978e+09
1.591626679639446974e+09
1.591626679969945908e+09
1.591626680259982109e+09
1.591626680555522919e+09
1.591626680862972975e+09
1.591626681159851074e+09
1.591626681447952986e+09
1.591626681749789000e+09
1.591626682049348116e+09
1.591626682340925932e+09
1.591626682629802942e+09
1.591626682959732056e+09
1.591626683255537987e+09
1.591626683550267935e+09
1.591626683848386049e+09
1.591626684137316942e+09
1.591626684429027081e+09
1.591626684724700928e+09
1.591626685026505947e+09
1.591626685315026999e+09
1.591626685607471943e+09
1.591626685981992960e+09
1.591626686276022911e+09
1.591626686575510979e+09
1.591626686868485928e+09
1.591626687164422035e+09
1.591626687453851938e+09
1.591626687748512983e+09
1.591626688052231073e+09
1.591626688351835966e+09
1.591626688644376040e+09
1.591626688976686001e+09
1.591626689268261909e+09
1.591626689566776037e+09
1.591626689870872974e+09
1.591626690177234888e+09
1.591626690475517035e+09
1.591626690772216082e+09
1.591626691156224012e+09
1.591626691447124958e+09
1.591626691739459038e+09
1.591626692039309025e+09
1.591626692342384100e+09
1.591626692641731024e+09
1.591626692976361990e+09
1.591626693292836905e+09
1.591626693598462105e+09
1.591626693901782036e+09
1.591626694208132029e+09
1.591626694506603956e+09
1.591626694803386927e+09
1.591626695104614019e+09
1.591626695406575918e+09
1.591626695708224058e+09
1.591626696124313116e+09
1.591626696425538063e+09
1.591626696722919941e+09
1.591626697022867918e+09
1.591626697320544004e+09
1.591626697623985052e+09
1.591626697958478928e+09
1.591626698256905079e+09
1.591626698556351900e+09
1.591626698858278036e+09
1.591626699162152052e+09
1.591626699458730936e+09
1.591626699758377075e+09
1.591626700060206890e+09
1.591626700359879971e+09
1.591626700658790112e+09
1.591626701073018074e+09
1.591626701372730017e+09
1.591626701674352884e+09
1.591626701997092962e+09
1.591626702303848982e+09
1.591626702602222919e+09
1.591626702902100086e+09
1.591626703207935095e+09
1.591626703519474030e+09
1.591626703821691036e+09
1.591626704131747961e+09
1.591626704435888052e+09
1.591626704736196995e+09
1.591626705040896893e+09
1.591626705344299078e+09
1.591626705645823956e+09
1.591626705996774912e+09
1.591626706300906897e+09
1.591626706605509043e+09
1.591626706910012960e+09
1.591626707222924948e+09
1.591626707527709961e+09
1.591626707829581976e+09
1.591626708133807898e+09
1.591626714629190922e+09
1.591626714974471092e+09
1.591626715278194904e+09
1.591626715586918116e+09
1.591626715892285109e+09
1.591626716285145044e+09
1.591626716595705986e+09
1.591626716903183937e+09
1.591626717207779884e+09
1.591626717517744064e+09
1.591626717823841095e+09
1.591626718130446911e+09
1.591626718435095072e+09
1.591626718736649990e+09
1.591626719051157951e+09
1.591626719362467051e+09
1.591626719668226004e+09
1.591626720005274057e+09
1.591626720317862034e+09
1.591626720627017021e+09
1.591626720971997023e+09
1.591626721422502995e+09
1.591626721739583015e+09
1.591626722050213099e+09
1.591626722358433008e+09
1.591626722662425995e+09
1.591626723017510891e+09
1.591626723332730055e+09
1.591626723647718906e+09
1.591626723987304926e+09
1.591626724299732924e+09
1.591626724611459017e+09
1.591626724949840069e+09
1.591626725266140938e+09
1.591626725576220989e+09
1.591626725888614893e+09
1.591626726288177013e+09
1.591626726601051092e+09
1.591626726918087006e+09
1.591626727235081911e+09
1.591626727546386003e+09
1.591626727852921963e+09
1.591626728165680885e+09
1.591626728477113962e+09
1.591626728786287069e+09
1.591626729109422922e+09
1.591626729425694942e+09
1.591626729736488104e+09
1.591626730058969975e+09
1.591626730371586084e+09
1.591626730688823938e+09
1.591626731018076897e+09
1.591626731475594044e+09
1.591626731798207045e+09
1.591626732118299007e+09
1.591626732434784889e+09
1.591626732748198032e+09
1.591626733063674927e+09
1.591626733379391909e+09
1.591626733689100027e+09
1.591626734014023066e+09
1.591626734335104942e+09
1.591626734660800934e+09
1.591626735016307116e+09
1.591626735333064079e+09
1.591626735648622990e+09
1.591626736000648975e+09
1.591626736466394901e+09
1.591626736779870033e+09
1.591626737100615978e+09
1.591626737420788050e+09
1.591626737743021011e+09
1.591626738070245028e+09
1.591626738384527922e+09
1.591626738700458050e+09
1.591626739022890091e+09
1.591626739343624115e+09
1.591626739667020082e+09
1.591626740017779112e+09
1.591626740338581085e+09
1.591626740657784939e+09
1.591626741007761955e+09
1.591626741465065002e+09
1.591626741782558918e+09
1.591626742107130051e+09
1.591626742422790051e+09
1.591626742739171028e+09
1.591626743060147047e+09
1.591626743384299040e+09
1.591626743699903965e+09
1.591626744027144909e+09
