1.591769716487607956e+09
1.591769716687890053e+09
1.591769716887871027e+09
1.591769717205050945e+09
1.591769717284395933e+09
1.591769717487854004e+09
1.591769717687855959e+09
1.591769717884730101e+09
1.591769718084270954e+09
1.591769718286170006e+09
1.591769718485805035e+09
1.591769718684175968e+09
1.591769718885896921e+09
1.591769719085997105e+09
1.591769719283921957e+09
1.591769719484292984e+09
1.591769719685280085e+09
1.591769719883984089e+09
1.591769720085866928e+09
1.591769720284167051e+09
1.591769720484708071e+09
1.591769720683886051e+09
1.591769720885642052e+09
1.591769721083839893e+09
1.591769721283109903e+09
1.591769721482306957e+09
1.591769721684086084e+09
1.591769721883815050e+09
1.591769722079171896e+09
1.591769722421379089e+09
1.591769722486475945e+09
1.591769722684575081e+09
1.591769722884350061e+09
1.591769723084410906e+09
1.591769723282433033e+09
1.591769723482431889e+09
1.591769723684514999e+09
1.591769723883936882e+09
1.591769724082606077e+09
1.591769724282602072e+09
1.591769724482546091e+09
1.591769724682585001e+09
1.591769724881081104e+09
1.591769725080899000e+09
1.591769725281450987e+09
1.591769725480953932e+09
1.591769725681304932e+09
1.591769725880996943e+09
1.591769726084711075e+09
1.591769726283294916e+09
1.591769726483195066e+09
1.591769726684757948e+09
1.591769726881150961e+09
1.591769727221282005e+09
1.591769727292444944e+09
1.591769727479196072e+09
1.591769727679331064e+09
1.591769727879087925e+09
1.591769728079217911e+09
1.591769728279264927e+09
1.591769728482295990e+09
1.591769728681658030e+09
1.591769728881925106e+09
1.591769729079653025e+09
1.591769729277985096e+09
1.591769729480042934e+09
1.591769729679703951e+09
1.591769729881247044e+09
1.591769730079483986e+09
1.591769730279489994e+09
1.591769730477256060e+09
1.591769730679120064e+09
1.591769730877304077e+09
1.591769731079485893e+09
1.591769731278482914e+09
1.591769731480201960e+09
1.591769731679773092e+09
1.591769731878513098e+09
1.591769732078619957e+09
1.591769732279983044e+09
1.591769732479423046e+09
1.591769732679183960e+09
1.591769732880198002e+09
1.591769733078214884e+09
1.591769733278106928e+09
1.591769733479952097e+09
1.591769733678831100e+09
1.591769733876044035e+09
1.591769734076456070e+09
1.591769734276186943e+09
1.591769734478096008e+09
1.591769734678148985e+09
1.591769734876342058e+09
1.591769735077111006e+09
1.591769735278497934e+09
1.591769735475909948e+09
1.591769735674360037e+09
1.591769735877779007e+09
1.591769736076406956e+09
1.591769736274714947e+09
1.591769736476425886e+09
1.591769736676860094e+09
1.591769736876526117e+09
1.591769737223586082e+09
1.591769737306502104e+09
1.591769737474684000e+09
1.591769737674557924e+09
1.591769737874398947e+09
1.591769738074615002e+09
1.591769738277113914e+09
1.591769738474575996e+09
1.591769738676928997e+09
1.591769738876140118e+09
1.591769739076009035e+09
1.591769739274280071e+09
1.591769739474680901e+09
1.591769739672610044e+09
1.591769739872632980e+09
1.591769740072678089e+09
1.591769740275073051e+09
1.591769740474762917e+09
1.591769740674949884e+09
1.591769740873214960e+09
1.591769741073335886e+09
1.591769741274120092e+09
1.591769741473100901e+09
1.591769741673614025e+09
1.591769741874561071e+09
1.591769742198043108e+09
1.591769742291977882e+09
1.591769742473238945e+09
1.591769742673048973e+09
1.591769742871000051e+09
1.591769743073190928e+09
1.591769743272525072e+09
1.591769743471147060e+09
1.591769743671236992e+09
1.591769743873240948e+09
1.591769744073398113e+09
1.591769744272039890e+09
1.591769744473701000e+09
1.591769744672851086e+09
1.591769744871499062e+09
1.591769745072874069e+09
1.591769745271816015e+09
1.591769745471380949e+09
1.591769745669954062e+09
1.591769745869357109e+09
1.591769746071752071e+09
1.591769746272119999e+09
1.591769746471584082e+09
1.591769746671627998e+09
1.591769746871627092e+09
1.591769747071691036e+09
1.591769747271584988e+09
1.591769747474062920e+09
1.591769747669946909e+09
1.591769747892765999e+09
1.591769748073107004e+09
1.591769748270895958e+09
1.591769748470200062e+09
1.591769748670723915e+09
1.591769748867934942e+09
1.591769749071927071e+09
1.591769749271109104e+09
1.591769749469608068e+09
1.591769749673311949e+09
1.591769749871126890e+09
1.591769750070564032e+09
1.591769750270838976e+09
1.591769750470207930e+09
1.591769750668323994e+09
1.591769750869963884e+09
1.591769751067951918e+09
1.591769751268270969e+09
1.591769751468056917e+09
1.591769751666395903e+09
1.591769751866075039e+09
1.591769752068273067e+09
1.591769752266194105e+09
1.591769752466614962e+09
1.591769752666491985e+09
1.591769752866517067e+09
1.591769753068485975e+09
1.591769753266333103e+09
1.591769753466799021e+09
1.591769753666301012e+09
1.591769753867057085e+09
1.591769754067564964e+09
1.591769754267385006e+09
1.591769754468950033e+09
1.591769754666055918e+09
1.591769754867441893e+09
1.591769755066164017e+09
1.591769755265441895e+09
1.591769755465970993e+09
1.591769755665756941e+09
1.591769755868913889e+09
1.591769756067364931e+09
1.591769756264868021e+09
1.591769756465035915e+09
1.591769756665191889e+09
1.591769756865072966e+09
1.591769757065253019e+09
1.591769757408004999e+09
1.591769757507584095e+09
1.591769757665338039e+09
1.591769757862751007e+09
1.591769758065016985e+09
1.591769758265470982e+09
1.591769758465559006e+09
1.591769758662988901e+09
1.591769758864876986e+09
1.591769759064358950e+09
1.591769759264058113e+09
1.591769759466662884e+09
1.591769759662602901e+09
1.591769759863779068e+09
1.591769760065932035e+09
1.591769760265573025e+09
1.591769760463547945e+09
1.591769760664187908e+09
1.591769760864794016e+09
1.591769761063831091e+09
1.591769761262872934e+09
1.591769761461332083e+09
1.591769761661504984e+09
1.591769761867122889e+09
1.591769762062341928e+09
1.591769762420963049e+09
1.591769762520128965e+09
1.591769762671231031e+09
1.591769762864897966e+09
1.591769763064599991e+09
1.591769763261946917e+09
1.591769763463597059e+09
1.591769763662528038e+09
1.591769763862193108e+09
1.591769764061944008e+09
1.591769764259568930e+09
1.591769764459491968e+09
1.591769764661452055e+09
1.591769764859920979e+09
1.591769765061518908e+09
1.591769765260329962e+09
1.591769765459645987e+09
1.591769765659657001e+09
1.591769765860503912e+09
1.591769766059710026e+09
1.591769766259977102e+09
1.591769766460304022e+09
1.591769766660212994e+09
1.591769766858961105e+09
1.591769767057643890e+09
1.591769767419450045e+09
1.591769767518789053e+09
1.591769767666582108e+09
1.591769767860580921e+09
1.591769768059916019e+09
1.591769768259655952e+09
1.591769768458175898e+09
1.591769768658345938e+09
1.591769768861291885e+09
1.591769769060364008e+09
1.591769769260627985e+09
1.591769769458312988e+09
1.591769769659333944e+09
1.591769769859606028e+09
1.591769770058274031e+09
1.591769770255110025e+09
1.591769770458578110e+09
1.591769770656264067e+09
1.591769770860240936e+09
1.591769771056723118e+09
1.591769771256669044e+09
1.591769771458864927e+09
1.591769771658809900e+09
1.591769771859733105e+09
1.591769772059314013e+09
1.591769772256881952e+09
1.591769772456783056e+09
1.591769772658145905e+09
1.591769772857861996e+09
1.591769773054835081e+09
1.591769773257198095e+09
1.591769773455034971e+09
1.591769773657145023e+09
1.591769773855855942e+09
1.591769774057013988e+09
1.591769774257090092e+09
1.591769774455377102e+09
1.591769774657397032e+09
1.591769774858000994e+09
1.591769775055171967e+09
1.591769775257359028e+09
1.591769775457931042e+09
1.591769775655858994e+09
1.591769775855524063e+09
1.591769776053488016e+09
