6.979000000000000092e+00
6.982000000000000206e+00
6.988999999999999879e+00
7.011999999999999567e+00
7.011999999999999567e+00
7.011000000000000121e+00
7.011000000000000121e+00
7.011000000000000121e+00
7.011000000000000121e+00
7.011000000000000121e+00
7.014999999999999680e+00
7.022000000000000242e+00
7.044999999999999929e+00
7.043999999999999595e+00
7.043000000000000149e+00
7.043000000000000149e+00
7.043000000000000149e+00
7.043000000000000149e+00
7.043999999999999595e+00
7.048000000000000043e+00
7.054999999999999716e+00
7.075999999999999623e+00
7.075000000000000178e+00
7.075000000000000178e+00
7.075000000000000178e+00
7.075000000000000178e+00
7.075000000000000178e+00
7.075999999999999623e+00
7.081999999999999851e+00
7.110999999999999766e+00
7.107999999999999652e+00
7.107999999999999652e+00
7.107000000000000206e+00
7.107000000000000206e+00
7.107000000000000206e+00
7.107999999999999652e+00
7.110000000000000320e+00
7.115999999999999659e+00
7.142000000000000348e+00
7.141000000000000014e+00
7.139999999999999680e+00
7.139999999999999680e+00
7.139999999999999680e+00
7.139999999999999680e+00
7.141000000000000014e+00
7.144999999999999574e+00
7.152000000000000135e+00
7.174000000000000377e+00
7.173000000000000043e+00
7.365999999999999659e+00
7.368999999999999773e+00
7.376000000000000334e+00
7.400999999999999801e+00
7.400000000000000355e+00
7.399000000000000021e+00
7.399000000000000021e+00
7.399000000000000021e+00
7.399000000000000021e+00
7.399000000000000021e+00
7.402999999999999581e+00
7.410999999999999588e+00
7.432000000000000384e+00
7.432000000000000384e+00
7.431000000000000050e+00
7.431000000000000050e+00
7.431000000000000050e+00
7.431000000000000050e+00
7.431000000000000050e+00
7.434999999999999609e+00
7.442000000000000171e+00
7.464999999999999858e+00
7.464000000000000412e+00
7.463000000000000078e+00
7.463000000000000078e+00
7.463000000000000078e+00
7.463000000000000078e+00
7.464000000000000412e+00
7.467999999999999972e+00
7.474999999999999645e+00
7.496999999999999886e+00
7.496000000000000441e+00
7.496000000000000441e+00
7.496000000000000441e+00
7.496000000000000441e+00
7.496000000000000441e+00
7.496999999999999886e+00
7.501000000000000334e+00
7.509000000000000341e+00
7.530000000000000249e+00
7.528999999999999915e+00
7.527999999999999581e+00
7.527999999999999581e+00
7.527999999999999581e+00
7.527999999999999581e+00
7.530000000000000249e+00
7.535000000000000142e+00
7.565000000000000391e+00
7.562000000000000277e+00
7.756000000000000227e+00
7.756999999999999673e+00
7.761999999999999567e+00
7.793000000000000149e+00
7.790000000000000036e+00
7.788999999999999702e+00
7.788999999999999702e+00
7.788000000000000256e+00
7.788000000000000256e+00
7.788000000000000256e+00
7.791000000000000369e+00
7.796999999999999709e+00
7.823999999999999844e+00
7.822000000000000064e+00
7.822000000000000064e+00
7.820999999999999730e+00
7.820999999999999730e+00
7.820999999999999730e+00
7.820999999999999730e+00
7.823999999999999844e+00
7.831000000000000405e+00
7.855000000000000426e+00
7.854000000000000092e+00
7.854000000000000092e+00
7.852999999999999758e+00
7.852999999999999758e+00
7.852999999999999758e+00
7.854000000000000092e+00
7.857999999999999652e+00
7.865999999999999659e+00
7.886999999999999567e+00
7.886000000000000121e+00
7.886000000000000121e+00
7.886000000000000121e+00
7.886000000000000121e+00
7.886000000000000121e+00
7.886999999999999567e+00
7.891000000000000014e+00
7.897999999999999687e+00
7.918999999999999595e+00
7.918000000000000149e+00
7.918000000000000149e+00
7.918000000000000149e+00
7.918000000000000149e+00
7.918000000000000149e+00
7.919999999999999929e+00
7.926000000000000156e+00
7.951999999999999957e+00
7.950999999999999623e+00
8.143000000000000682e+00
8.143000000000000682e+00
8.143000000000000682e+00
8.143000000000000682e+00
8.144999999999999574e+00
8.150000000000000355e+00
8.179000000000000270e+00
8.176999999999999602e+00
8.176000000000000156e+00
8.176000000000000156e+00
8.176000000000000156e+00
8.176000000000000156e+00
8.176000000000000156e+00
8.176999999999999602e+00
8.180999999999999162e+00
8.189000000000000057e+00
8.208999999999999631e+00
8.208000000000000185e+00
8.208000000000000185e+00
8.208000000000000185e+00
8.208000000000000185e+00
8.208000000000000185e+00
8.208999999999999631e+00
8.212999999999999190e+00
8.220000000000000639e+00
8.242000000000000881e+00
8.240999999999999659e+00
8.240000000000000213e+00
8.240000000000000213e+00
8.240000000000000213e+00
8.240000000000000213e+00
8.240999999999999659e+00
8.243999999999999773e+00
8.250999999999999446e+00
8.273999999999999133e+00
8.272999999999999687e+00
8.272000000000000242e+00
8.272000000000000242e+00
8.272000000000000242e+00
8.272000000000000242e+00
8.272999999999999687e+00
8.275000000000000355e+00
8.281000000000000583e+00
8.305999999999999162e+00
8.304999999999999716e+00
8.304999999999999716e+00
8.304000000000000270e+00
8.304000000000000270e+00
8.304000000000000270e+00
8.304000000000000270e+00
8.509000000000000341e+00
8.532999999999999474e+00
8.532000000000000028e+00
8.531000000000000583e+00
8.531000000000000583e+00
8.531000000000000583e+00
8.531000000000000583e+00
8.531000000000000583e+00
8.534000000000000696e+00
8.539999999999999147e+00
8.566000000000000725e+00
8.564999999999999503e+00
8.564000000000000057e+00
8.564000000000000057e+00
8.564000000000000057e+00
8.564000000000000057e+00
8.564000000000000057e+00
8.566000000000000725e+00
8.571999999999999176e+00
8.599000000000000199e+00
8.596999999999999531e+00
8.596999999999999531e+00
8.596000000000000085e+00
8.596000000000000085e+00
8.596000000000000085e+00
8.596000000000000085e+00
8.598000000000000753e+00
8.602999999999999758e+00
8.631999999999999673e+00
8.630000000000000782e+00
8.628999999999999559e+00
8.628999999999999559e+00
8.628999999999999559e+00
8.628999999999999559e+00
8.628999999999999559e+00
8.630000000000000782e+00
8.634000000000000341e+00
8.641999999999999460e+00
8.662000000000000810e+00
8.660999999999999588e+00
8.660999999999999588e+00
8.660999999999999588e+00
8.660999999999999588e+00
8.660999999999999588e+00
8.660999999999999588e+00
8.664999999999999147e+00
8.672000000000000597e+00
8.695000000000000284e+00
8.694000000000000838e+00
8.887000000000000455e+00
8.887000000000000455e+00
8.887000000000000455e+00
8.887000000000000455e+00
8.891000000000000014e+00
8.897000000000000242e+00
8.920999999999999375e+00
8.919999999999999929e+00
8.919000000000000483e+00
8.919000000000000483e+00
8.919000000000000483e+00
8.919000000000000483e+00
8.919000000000000483e+00
8.922000000000000597e+00
8.926999999999999602e+00
8.952999999999999403e+00
8.952999999999999403e+00
8.951999999999999957e+00
8.951000000000000512e+00
8.951000000000000512e+00
8.951000000000000512e+00
8.951000000000000512e+00
8.952999999999999403e+00
8.958999999999999631e+00
8.987000000000000099e+00
8.984999999999999432e+00
8.983999999999999986e+00
8.983999999999999986e+00
8.983999999999999986e+00
8.983999999999999986e+00
8.983999999999999986e+00
8.984999999999999432e+00
8.989000000000000767e+00
8.996999999999999886e+00
9.018000000000000682e+00
9.016999999999999460e+00
9.016999999999999460e+00
9.016999999999999460e+00
9.016999999999999460e+00
9.016999999999999460e+00
9.016999999999999460e+00
9.021000000000000796e+00
9.026999999999999247e+00
9.051000000000000156e+00
9.050000000000000711e+00
9.050000000000000711e+00
9.050000000000000711e+00
9.050000000000000711e+00
9.050000000000000711e+00
9.246999999999999886e+00
9.253000000000000114e+00
9.279999999999999361e+00
9.278999999999999915e+00
9.278000000000000469e+00
9.278000000000000469e+00
9.278000000000000469e+00
9.278000000000000469e+00
9.278000000000000469e+00
9.279999999999999361e+00
9.285999999999999588e+00
9.311999999999999389e+00
9.310999999999999943e+00
9.310000000000000497e+00
9.310000000000000497e+00
9.310000000000000497e+00
9.310000000000000497e+00
9.310000000000000497e+00
9.311999999999999389e+00
9.317999999999999616e+00
9.346000000000000085e+00
9.343999999999999417e+00
9.342999999999999972e+00
9.342999999999999972e+00
9.342999999999999972e+00
9.342999999999999972e+00
9.342999999999999972e+00
9.343999999999999417e+00
9.349000000000000199e+00
9.378999999999999559e+00
9.377000000000000668e+00
9.375999999999999446e+00
9.375000000000000000e+00
9.375000000000000000e+00
9.375000000000000000e+00
9.375000000000000000e+00
9.375999999999999446e+00
9.381000000000000227e+00
9.410999999999999588e+00
9.409000000000000696e+00
9.407999999999999474e+00
9.407000000000000028e+00
9.407000000000000028e+00
9.407000000000000028e+00
9.407000000000000028e+00
9.407999999999999474e+00
9.412000000000000810e+00
9.419999999999999929e+00
9.441000000000000725e+00
9.634000000000000341e+00
9.634000000000000341e+00
9.634000000000000341e+00
9.634000000000000341e+00
9.634000000000000341e+00
9.635999999999999233e+00
9.641999999999999460e+00
9.669000000000000483e+00
9.667999999999999261e+00
9.666999999999999815e+00
9.666000000000000369e+00
9.666000000000000369e+00
9.666000000000000369e+00
9.666000000000000369e+00
9.667999999999999261e+00
9.673000000000000043e+00
9.701999999999999957e+00
9.699999999999999289e+00
9.698999999999999844e+00
9.698999999999999844e+00
9.698999999999999844e+00
9.698999999999999844e+00
9.698999999999999844e+00
9.698999999999999844e+00
9.702999999999999403e+00
9.711000000000000298e+00
9.731999999999999318e+00
9.730999999999999872e+00
9.730999999999999872e+00
9.730999999999999872e+00
9.730999999999999872e+00
9.730999999999999872e+00
9.730999999999999872e+00
9.733999999999999986e+00
9.740000000000000213e+00
9.765000000000000568e+00
9.763999999999999346e+00
9.762999999999999901e+00
9.762999999999999901e+00
9.762999999999999901e+00
9.762999999999999901e+00
9.762999999999999901e+00
9.765000000000000568e+00
9.769999999999999574e+00
9.798000000000000043e+00
9.797000000000000597e+00
9.795999999999999375e+00
9.794999999999999929e+00
9.794999999999999929e+00
9.990000000000000213e+00
9.990000000000000213e+00
9.992000000000000881e+00
9.996000000000000441e+00
1.002500000000000036e+01
1.002299999999999969e+01
1.002299999999999969e+01
1.002200000000000024e+01
1.002200000000000024e+01
1.002200000000000024e+01
1.002200000000000024e+01
1.002299999999999969e+01
1.002599999999999980e+01
1.003299999999999947e+01
1.005599999999999916e+01
1.005499999999999972e+01
1.005499999999999972e+01
1.005499999999999972e+01
1.005400000000000027e+01
1.005400000000000027e+01
1.005400000000000027e+01
1.005499999999999972e+01
1.005799999999999983e+01
1.006400000000000006e+01
1.008799999999999919e+01
1.008699999999999974e+01
1.008600000000000030e+01
1.008600000000000030e+01
1.008600000000000030e+01
1.008600000000000030e+01
1.008600000000000030e+01
1.008699999999999974e+01
1.008900000000000041e+01
1.009500000000000064e+01
1.011999999999999922e+01
1.011999999999999922e+01
1.011899999999999977e+01
1.011899999999999977e+01
1.011899999999999977e+01
1.011899999999999977e+01
1.011899999999999977e+01
1.011899999999999977e+01
1.011999999999999922e+01
1.012400000000000055e+01
1.015300000000000047e+01
1.015099999999999980e+01
1.015099999999999980e+01
1.015000000000000036e+01
1.015000000000000036e+01
1.031300000000000061e+01
1.031300000000000061e+01
1.031300000000000061e+01
1.031600000000000072e+01
1.032199999999999918e+01
1.034600000000000009e+01
1.034500000000000064e+01
1.034500000000000064e+01
1.034500000000000064e+01
1.034500000000000064e+01
1.034500000000000064e+01
1.034500000000000064e+01
1.034500000000000064e+01
1.034600000000000009e+01
1.034999999999999964e+01
1.038000000000000078e+01
1.037899999999999956e+01
1.037800000000000011e+01
1.037800000000000011e+01
1.037800000000000011e+01
1.037700000000000067e+01
1.037700000000000067e+01
1.037700000000000067e+01
1.037800000000000011e+01
1.038000000000000078e+01
1.038400000000000034e+01
1.040700000000000003e+01
1.040399999999999991e+01
1.040199999999999925e+01
1.040199999999999925e+01
1.040399999999999991e+01
1.040600000000000058e+01
1.040799999999999947e+01
1.040799999999999947e+01
1.040799999999999947e+01
1.041099999999999959e+01
1.041600000000000037e+01
1.044200000000000017e+01
1.044100000000000072e+01
1.043999999999999950e+01
1.043999999999999950e+01
1.043999999999999950e+01
1.043999999999999950e+01
1.043999999999999950e+01
1.043999999999999950e+01
1.044100000000000072e+01
1.044400000000000084e+01
1.044899999999999984e+01
1.047400000000000020e+01
1.047300000000000075e+01
1.063000000000000078e+01
1.062899999999999956e+01
1.062899999999999956e+01
1.062899999999999956e+01
1.062899999999999956e+01
1.063199999999999967e+01
1.063700000000000045e+01
1.066300000000000026e+01
1.066200000000000081e+01
1.066099999999999959e+01
1.066099999999999959e+01
1.066099999999999959e+01
1.066099999999999959e+01
1.066099999999999959e+01
1.066099999999999959e+01
1.066099999999999959e+01
1.066399999999999970e+01
1.066999999999999993e+01
1.069500000000000028e+01
1.069400000000000084e+01
1.069299999999999962e+01
1.069299999999999962e+01
1.069299999999999962e+01
1.069299999999999962e+01
1.069299999999999962e+01
1.069299999999999962e+01
1.069299999999999962e+01
1.069699999999999918e+01
1.072799999999999976e+01
1.072600000000000087e+01
1.072499999999999964e+01
1.072499999999999964e+01
1.072499999999999964e+01
1.072499999999999964e+01
1.072499999999999964e+01
1.072499999999999964e+01
1.072499999999999964e+01
1.072700000000000031e+01
1.073199999999999932e+01
1.075799999999999912e+01
1.075699999999999967e+01
1.075600000000000023e+01
1.075600000000000023e+01
1.075600000000000023e+01
1.075600000000000023e+01
1.075600000000000023e+01
1.075600000000000023e+01
1.075699999999999967e+01
1.075999999999999979e+01
1.079199999999999982e+01
1.094599999999999973e+01
1.094599999999999973e+01
1.094599999999999973e+01
1.094599999999999973e+01
1.094599999999999973e+01
1.094699999999999918e+01
1.094800000000000040e+01
1.095299999999999940e+01
1.098000000000000043e+01
1.097899999999999920e+01
1.097799999999999976e+01
1.097799999999999976e+01
1.097799999999999976e+01
1.097799999999999976e+01
1.097799999999999976e+01
1.097799999999999976e+01
1.097799999999999976e+01
1.098099999999999987e+01
1.098600000000000065e+01
1.100999999999999979e+01
1.100900000000000034e+01
1.100900000000000034e+01
1.100900000000000034e+01
1.100900000000000034e+01
1.100999999999999979e+01
1.100999999999999979e+01
1.100999999999999979e+01
1.101099999999999923e+01
1.101500000000000057e+01
1.104299999999999926e+01
1.104199999999999982e+01
1.104100000000000037e+01
1.104100000000000037e+01
1.104100000000000037e+01
1.104100000000000037e+01
1.104100000000000037e+01
1.103999999999999915e+01
1.104100000000000037e+01
1.104299999999999926e+01
1.104899999999999949e+01
1.107399999999999984e+01
1.107300000000000040e+01
1.107300000000000040e+01
1.107300000000000040e+01
1.107300000000000040e+01
1.107300000000000040e+01
1.107300000000000040e+01
1.107300000000000040e+01
1.107399999999999984e+01
1.107799999999999940e+01
1.125999999999999979e+01
1.125999999999999979e+01
1.125999999999999979e+01
1.125999999999999979e+01
1.125999999999999979e+01
1.126200000000000045e+01
1.126800000000000068e+01
1.129199999999999982e+01
1.129100000000000037e+01
1.128999999999999915e+01
1.128999999999999915e+01
1.128999999999999915e+01
1.128999999999999915e+01
1.128999999999999915e+01
1.128999999999999915e+01
1.129100000000000037e+01
1.129499999999999993e+01
1.132399999999999984e+01
1.132199999999999918e+01
1.132099999999999973e+01
1.132099999999999973e+01
1.132099999999999973e+01
1.132099999999999973e+01
1.132099999999999973e+01
1.132099999999999973e+01
1.132099999999999973e+01
1.132399999999999984e+01
1.133000000000000007e+01
1.135299999999999976e+01
1.135200000000000031e+01
1.135200000000000031e+01
1.135200000000000031e+01
1.135200000000000031e+01
1.135200000000000031e+01
1.135200000000000031e+01
1.135200000000000031e+01
1.135299999999999976e+01
1.135800000000000054e+01
1.138400000000000034e+01
1.138299999999999912e+01
1.138299999999999912e+01
1.138199999999999967e+01
1.138199999999999967e+01
1.138199999999999967e+01
1.138199999999999967e+01
1.138199999999999967e+01
1.138299999999999912e+01
1.138700000000000045e+01
1.141699999999999982e+01
1.156700000000000017e+01
1.156700000000000017e+01
1.156700000000000017e+01
1.156700000000000017e+01
1.156900000000000084e+01
1.157399999999999984e+01
1.159900000000000020e+01
1.159800000000000075e+01
1.159800000000000075e+01
1.159800000000000075e+01
1.159800000000000075e+01
1.159800000000000075e+01
1.159800000000000075e+01
1.159800000000000075e+01
1.159900000000000020e+01
1.160200000000000031e+01
1.163199999999999967e+01
1.163000000000000078e+01
1.162899999999999956e+01
1.162899999999999956e+01
1.162800000000000011e+01
1.162800000000000011e+01
1.162800000000000011e+01
1.162800000000000011e+01
1.162899999999999956e+01
1.163100000000000023e+01
1.163700000000000045e+01
1.166099999999999959e+01
1.166000000000000014e+01
1.165900000000000070e+01
1.165900000000000070e+01
1.165900000000000070e+01
1.165900000000000070e+01
1.165900000000000070e+01
1.165900000000000070e+01
1.166099999999999959e+01
1.166499999999999915e+01
1.169200000000000017e+01
1.169100000000000072e+01
1.168999999999999950e+01
1.168999999999999950e+01
1.168999999999999950e+01
1.168999999999999950e+01
1.168999999999999950e+01
1.168999999999999950e+01
1.169100000000000072e+01
1.169500000000000028e+01
1.172400000000000020e+01
1.172199999999999953e+01
1.187400000000000055e+01
1.187500000000000000e+01
1.187899999999999956e+01
1.190799999999999947e+01
1.190600000000000058e+01
1.190499999999999936e+01
1.190499999999999936e+01
1.190499999999999936e+01
1.190499999999999936e+01
1.190499999999999936e+01
1.190499999999999936e+01
1.190600000000000058e+01
1.191099999999999959e+01
1.193800000000000061e+01
1.193699999999999939e+01
1.193599999999999994e+01
1.193599999999999994e+01
1.193599999999999994e+01
1.193599999999999994e+01
1.193599999999999994e+01
1.193599999999999994e+01
1.193699999999999939e+01
1.194200000000000017e+01
1.196899999999999942e+01
1.196799999999999997e+01
1.196700000000000053e+01
1.196599999999999930e+01
1.196599999999999930e+01
1.196599999999999930e+01
1.196599999999999930e+01
1.196599999999999930e+01
1.196799999999999997e+01
1.197199999999999953e+01
1.200000000000000000e+01
1.199799999999999933e+01
1.199799999999999933e+01
1.199699999999999989e+01
1.199699999999999989e+01
1.199699999999999989e+01
1.199699999999999989e+01
1.199699999999999989e+01
1.199799999999999933e+01
1.200200000000000067e+01
1.203200000000000003e+01
1.202999999999999936e+01
1.202899999999999991e+01
1.202800000000000047e+01
1.202800000000000047e+01
1.202800000000000047e+01
