1.591881639098062992e+09
1.591881639301790953e+09
1.591881639502123117e+09
1.591881639701611042e+09
1.591881639899072886e+09
1.591881640098392963e+09
1.591881640299034119e+09
1.591881640499093056e+09
1.591881640701797009e+09
1.591881640903301001e+09
1.591881641101875067e+09
1.591881641298873901e+09
1.591881641498879910e+09
1.591881641699527025e+09
1.591881641899003983e+09
1.591881642098140955e+09
1.591881642297818899e+09
1.591881642498297930e+09
1.591881642700197935e+09
1.591881642900331974e+09
1.591881643098752975e+09
1.591881643299864054e+09
1.591881643499869108e+09
1.591881643700612068e+09
1.591881643900774956e+09
1.591881644099407911e+09
1.591881644298913002e+09
1.591881644498961926e+09
1.591881644699453115e+09
1.591881644899065018e+09
1.591881645098881006e+09
1.591881645297538042e+09
1.591881645499123096e+09
1.591881645698925018e+09
1.591881645898864985e+09
1.591881646099183083e+09
1.591881646299038887e+09
1.591881646497692108e+09
1.591881646697390079e+09
1.591881646898224115e+09
1.591881647096853971e+09
1.591881647298352003e+09
1.591881647496109009e+09
1.591881647697211981e+09
1.591881647898350000e+09
1.591881648099221945e+09
1.591881648296884060e+09
1.591881648497333050e+09
1.591881648695175886e+09
1.591881660082541943e+09
1.591881660283577919e+09
1.591881660486958027e+09
1.591881660684075117e+09
1.591881660883107901e+09
1.591881661083242893e+09
1.591881661283540964e+09
1.591881661483499050e+09
1.591881661684462070e+09
1.591881661887259960e+09
1.591881662083595037e+09
1.591881662283982992e+09
1.591881662482827902e+09
1.591881662683517933e+09
1.591881662883940935e+09
1.591881663083750963e+09
1.591881663282156944e+09
1.591881663483807087e+09
1.591881663682162046e+09
1.591881663881829023e+09
1.591881664084250927e+09
1.591881664284188032e+09
1.591881664483905077e+09
1.591881664681858063e+09
1.591881664882782936e+09
1.591881665082539082e+09
1.591881665282419920e+09
1.591881665482492924e+09
1.591881665683794022e+09
1.591881665882463932e+09
1.591881666082362890e+09
1.591881666282516956e+09
1.591881666484152079e+09
1.591881666681065083e+09
1.591881666883097887e+09
1.591881667080490112e+09
1.591881667280863047e+09
1.591881667624739885e+09
1.591881667708408117e+09
1.591881667883038044e+09
1.591881668083061934e+09
1.591881668284929991e+09
1.591881668483778000e+09
1.591881668683629036e+09
1.591881668881670952e+09
1.591881669081667900e+09
1.591881669285331011e+09
1.591881669481479883e+09
1.591881669679347992e+09
1.591881681063112020e+09
1.591881681269598007e+09
1.591881681471008062e+09
1.591881681667938948e+09
1.591881681866661072e+09
1.591881682066895008e+09
1.591881682269311905e+09
1.591881682468245029e+09
1.591881682669734955e+09
1.591881682870184898e+09
1.591881683067702055e+09
1.591881683269855976e+09
1.591881683468058109e+09
1.591881683668212891e+09
1.591881683869544983e+09
1.591881684066834927e+09
1.591881684266047955e+09
1.591881684469659090e+09
1.591881684667862892e+09
1.591881684866063118e+09
1.591881685070158958e+09
1.591881685261570930e+09
1.591881685468094110e+09
1.591881685668587923e+09
1.591881685868515015e+09
1.591881686070061922e+09
1.591881686267183065e+09
1.591881686468385935e+09
1.591881686668958902e+09
1.591881686866369009e+09
1.591881687066097975e+09
1.591881687266149044e+09
1.591881687466262102e+09
1.591881687664143085e+09
1.591881687864048958e+09
1.591881688064116955e+09
1.591881688266304016e+09
1.591881688467628002e+09
1.591881688668898106e+09
1.591881688865062952e+09
1.591881689064217091e+09
1.591881689266163111e+09
1.591881689467499018e+09
1.591881689668504953e+09
1.591881689865417004e+09
1.591881690067178011e+09
1.591881690258543968e+09
1.591881690466768980e+09
1.591881690665096045e+09
1.591881701842089891e+09
1.591881702052948952e+09
1.591881702250921965e+09
1.591881702451517105e+09
1.591881702650558949e+09
1.591881702852185965e+09
1.591881703050762892e+09
1.591881703252254009e+09
1.591881703450314045e+09
1.591881703652607918e+09
1.591881703854872942e+09
1.591881704050282955e+09
1.591881704252803087e+09
1.591881704450453997e+09
1.591881704651299000e+09
1.591881704850086927e+09
1.591881705051565886e+09
1.591881705249280930e+09
1.591881705452316046e+09
1.591881705652086020e+09
1.591881705850112915e+09
1.591881706049896955e+09
1.591881706249660969e+09
1.591881706449469090e+09
1.591881706651993990e+09
1.591881706848906040e+09
1.591881707051117897e+09
1.591881707251604080e+09
1.591881707450390100e+09
1.591881707649806976e+09
1.591881707851280928e+09
1.591881708050986052e+09
1.591881708249967098e+09
1.591881708449218035e+09
1.591881708650015116e+09
1.591881708848143101e+09
1.591881709048072100e+09
1.591881709250895977e+09
1.591881709448982954e+09
1.591881709648308992e+09
1.591881709850070953e+09
1.591881710050273895e+09
1.591881710248845100e+09
1.591881710449028015e+09
1.591881710649224043e+09
1.591881710849023104e+09
1.591881711050368071e+09
1.591881711249541044e+09
1.591881711586870909e+09
1.591881711689518929e+09
1.591881723024951935e+09
1.591881723233855009e+09
1.591881723433337927e+09
1.591881723633577108e+09
1.591881723834034920e+09
1.591881724034034014e+09
1.591881724236324072e+09
1.591881724436045885e+09
1.591881724636223078e+09
1.591881724836039066e+09
1.591881725036448956e+09
1.591881725231473923e+09
1.591881725433995008e+09
1.591881725634073019e+09
1.591881725834655046e+09
1.591881726033435106e+09
1.591881726234744072e+09
1.591881726434262991e+09
1.591881726632514954e+09
1.591881726834316015e+09
1.591881727033442020e+09
1.591881727234683037e+09
1.591881727433506012e+09
1.591881727635215044e+09
1.591881727834286928e+09
1.591881728036516905e+09
1.591881728230998039e+09
1.591881728434911966e+09
1.591881728635498047e+09
1.591881728831029892e+09
1.591881729035597086e+09
1.591881729231704950e+09
1.591881729434365034e+09
1.591881729633019924e+09
1.591881729831299067e+09
1.591881730031805038e+09
1.591881730233289003e+09
1.591881730431351900e+09
1.591881730631968021e+09
1.591881730831183910e+09
1.591881731036166906e+09
1.591881731233892918e+09
1.591881731432306051e+09
1.591881731633955002e+09
1.591881731831517935e+09
1.591881732033305883e+09
1.591881732232534885e+09
1.591881732432173967e+09
1.591881732630155087e+09
1.591881744005965948e+09
1.591881744219378948e+09
1.591881744419822931e+09
1.591881744617822886e+09
1.591881744820117950e+09
1.591881745020045042e+09
1.591881745218666077e+09
1.591881745417717934e+09
1.591881745615938902e+09
1.591881745822381020e+09
1.591881746018836975e+09
1.591881746215694904e+09
1.591881746416733980e+09
1.591881746615992069e+09
1.591881746816555977e+09
1.591881747074661970e+09
1.591881747218103886e+09
1.591881747418400049e+09
1.591881747616149902e+09
1.591881747816620111e+09
1.591881748019112110e+09
1.591881748216818094e+09
1.591881748416482925e+09
1.591881748617391109e+09
1.591881748816687107e+09
1.591881749016223907e+09
1.591881749216252089e+09
1.591881749416450977e+09
1.591881749618300915e+09
1.591881749818000078e+09
1.591881750014332056e+09
1.591881750217356920e+09
1.591881750417150021e+09
1.591881750618077040e+09
1.591881750817118883e+09
1.591881751014621973e+09
1.591881751214111090e+09
1.591881751417170048e+09
1.591881751615331888e+09
1.591881751817419052e+09
1.591881752085766077e+09
1.591881752215025902e+09
1.591881752417906046e+09
1.591881752616466045e+09
1.591881752812977076e+09
1.591881753015003920e+09
1.591881753215480089e+09
1.591881753413120985e+09
1.591881753616204977e+09
1.591881764984256029e+09
1.591881765200748920e+09
1.591881765400744915e+09
1.591881765602567911e+09
1.591881765800617933e+09
1.591881766003222942e+09
1.591881766203259945e+09
1.591881766403625011e+09
1.591881766603494883e+09
1.591881766803248882e+09
1.591881767104041100e+09
1.591881767222423077e+09
1.591881767398627996e+09
1.591881767601176977e+09
1.591881767798898935e+09
1.591881768001183033e+09
1.591881768199050903e+09
1.591881768401400089e+09
1.591881768601278067e+09
1.591881768798856020e+09
1.591881769001291990e+09
1.591881769201694012e+09
1.591881769400119066e+09
1.591881769601564884e+09
1.591881769800930977e+09
1.591881769999017954e+09
1.591881770200222969e+09
1.591881770399621964e+09
1.591881770599390984e+09
1.591881770799655914e+09
1.591881771000994921e+09
1.591881771198391914e+09
1.591881771401017904e+09
1.591881771600929976e+09
1.591881771799681902e+09
1.591881772164274931e+09
1.591881772289948940e+09
1.591881772437172890e+09
1.591881772598647118e+09
1.591881772802592039e+09
1.591881772999567986e+09
1.591881773198616028e+09
1.591881773399543047e+09
1.591881773599113941e+09
1.591881773798614025e+09
1.591881773998182058e+09
1.591881774199434996e+09
1.591881774398960114e+09
1.591881774601658106e+09
1.591881785968739986e+09
1.591881786184973955e+09
1.591881786384895086e+09
1.591881786587604046e+09
1.591881786784852028e+09
1.591881786985317945e+09
1.591881787181210041e+09
1.591881787387516022e+09
1.591881787584465981e+09
1.591881787787117958e+09
1.591881787984846115e+09
1.591881788185184002e+09
1.591881788386809111e+09
1.591881788585483074e+09
1.591881788785743952e+09
1.591881788986243963e+09
1.591881789183461905e+09
1.591881789383095980e+09
1.591881789583338976e+09
1.591881789785176039e+09
1.591881789983908892e+09
1.591881790185935974e+09
1.591881790383450985e+09
1.591881790583368063e+09
1.591881790783171892e+09
1.591881790981854916e+09
1.591881791185698032e+09
1.591881791381263018e+09
1.591881791583337069e+09
1.591881791783337116e+09
1.591881791983612061e+09
1.591881792183007956e+09
1.591881792381793022e+09
1.591881792581819057e+09
1.591881792782632113e+09
1.591881792984844923e+09
1.591881793182564974e+09
1.591881793381897926e+09
1.591881793581896067e+09
1.591881793782366991e+09
1.591881793981750011e+09
1.591881794184171915e+09
1.591881794382496119e+09
1.591881794582257986e+09
1.591881794782315969e+09
1.591881794982083082e+09
1.591881795179707050e+09
1.591881795382169962e+09
1.591881795580605984e+09
1.591881806949165106e+09
1.591881807168973923e+09
1.591881807361876965e+09
1.591881807569144011e+09
1.591881807767932892e+09
1.591881807968449116e+09
1.591881808167155981e+09
1.591881808367156982e+09
1.591881808568644047e+09
1.591881808771667004e+09
1.591881808967489004e+09
1.591881809167429924e+09
1.591881809367444038e+09
1.591881809565444946e+09
1.591881809766241074e+09
1.591881809967513084e+09
1.591881810165765047e+09
1.591881810368181944e+09
1.591881810565521955e+09
1.591881810766457081e+09
1.591881810968228102e+09
1.591881811165543079e+09
1.591881811369565964e+09
1.591881811566015005e+09
1.591881811771503925e+09
1.591881811964541912e+09
1.591881812166129112e+09
1.591881812364286900e+09
1.591881812565085888e+09
1.591881812768475056e+09
1.591881812965678930e+09
1.591881813166626930e+09
1.591881813367281914e+09
1.591881813565824032e+09
1.591881813765599966e+09
1.591881813966427088e+09
1.591881814166987896e+09
1.591881814367623091e+09
1.591881814566898108e+09
1.591881814764899015e+09
1.591881814965162992e+09
1.591881815167490959e+09
1.591881815367152929e+09
1.591881815567447901e+09
1.591881815765327930e+09
1.591881815962939024e+09
1.591881816165285110e+09
1.591881816362915993e+09
1.591881816563508034e+09
1.591881827726594925e+09
1.591881827950726032e+09
1.591881828151760101e+09
1.591881828351579905e+09
1.591881828554779053e+09
1.591881828754175901e+09
1.591881828952697039e+09
1.591881829152606010e+09
1.591881829351814985e+09
1.591881829554815054e+09
1.591881829754144907e+09
1.591881829951122999e+09
1.591881830151326895e+09
1.591881830351911068e+09
1.591881830550961971e+09
1.591881830751503944e+09
1.591881830949745893e+09
1.591881831151716948e+09
1.591881831352058887e+09
1.591881831552087069e+09
1.591881831751924992e+09
1.591881831953412056e+09
1.591881832153285980e+09
1.591881832480218887e+09
1.591881832619117975e+09
1.591881832772314072e+09
1.591881832950606108e+09
1.591881833148689985e+09
1.591881833351294041e+09
1.591881833550910950e+09
1.591881833749062061e+09
1.591881833949178934e+09
1.591881834149750948e+09
1.591881834352304935e+09
1.591881834550894022e+09
1.591881834750852108e+09
1.591881834950479031e+09
1.591881835148578882e+09
1.591881835351241112e+09
1.591881835548404932e+09
1.591881835748516083e+09
1.591881835950885057e+09
1.591881836150466919e+09
1.591881836351073980e+09
1.591881836548554897e+09
1.591881836750205040e+09
1.591881836948546886e+09
1.591881837148591995e+09
1.591881837350356102e+09
1.591881837548213005e+09
1.591881848703488111e+09
1.591881848934338093e+09
1.591881849137571096e+09
1.591881849335026979e+09
1.591881849536082983e+09
1.591881849734947920e+09
1.591881849937565088e+09
1.591881850135588884e+09
1.591881850332870007e+09
1.591881850539027929e+09
1.591881850735157967e+09
1.591881850935818911e+09
1.591881851137092113e+09
1.591881851335486889e+09
1.591881851533780098e+09
1.591881851735328913e+09
1.591881851935431957e+09
1.591881852135968924e+09
1.591881852332612038e+09
1.591881852671643972e+09
1.591881852819530010e+09
1.591881852970298052e+09
1.591881853151689053e+09
1.591881853335011005e+09
1.591881853534262896e+09
1.591881853735819101e+09
1.591881853936949968e+09
1.591881854136662960e+09
1.591881854334829092e+09
1.591881854532310009e+09
1.591881854731749058e+09
1.591881854932142973e+09
1.591881855131942987e+09
1.591881855333868027e+09
1.591881855535032034e+09
1.591881855733664036e+09
1.591881855933013916e+09
1.591881856135215998e+09
1.591881856333201885e+09
1.591881856532181025e+09
1.591881856732053041e+09
1.591881856931718111e+09
1.591881857133771896e+09
1.591881857336132050e+09
1.591881857532398939e+09
1.591881857733663082e+09
1.591881857933602095e+09
1.591881858133317947e+09
1.591881858330670118e+09
1.591881858535080910e+09
1.591881869691117048e+09
1.591881869919709921e+09
1.591881870120147943e+09
1.591881870320018053e+09
1.591881870517455101e+09
1.591881870717770100e+09
1.591881870916229010e+09
1.591881871122049093e+09
1.591881871318856001e+09
1.591881871520787954e+09
1.591881871718947887e+09
1.591881871916754961e+09
1.591881872116626978e+09
1.591881872316726923e+09
1.591881872517127991e+09
1.591881872842065096e+09
1.591881872995788097e+09
1.591881873158272982e+09
1.591881873314482927e+09
1.591881873519421101e+09
1.591881873717303038e+09
1.591881873917309999e+09
1.591881874121798992e+09
1.591881874319442034e+09
1.591881874517395020e+09
1.591881874717189074e+09
1.591881874916845083e+09
1.591881875116879940e+09
1.591881875318417072e+09
1.591881875518338919e+09
1.591881875716450930e+09
1.591881875917454004e+09
1.591881876115814924e+09
1.591881876316654921e+09
1.591881876517719984e+09
1.591881876714863062e+09
1.591881876918006897e+09
1.591881877118436098e+09
1.591881877315768003e+09
1.591881877520258904e+09
1.591881877840696096e+09
1.591881878000737906e+09
1.591881878158054113e+09
1.591881878312825918e+09
1.591881878518074036e+09
1.591881878716188908e+09
1.591881878915327072e+09
1.591881879117116928e+09
1.591881879314315081e+09
1.591881879514349937e+09
1.591881890871695042e+09
1.591881891101387024e+09
1.591881891300700903e+09
1.591881891502562046e+09
1.591881891700014114e+09
1.591881891899873972e+09
1.591881892103316069e+09
1.591881892303175926e+09
1.591881892503367901e+09
1.591881892703730106e+09
1.591881892901628017e+09
1.591881893101999044e+09
1.591881893299297094e+09
1.591881893501728058e+09
1.591881893701472998e+09
1.591881893900104046e+09
1.591881894102392912e+09
1.591881894301855087e+09
1.591881894499936104e+09
1.591881894700913906e+09
1.591881894901141882e+09
1.591881895101048946e+09
1.591881895301717043e+09
1.591881895503556967e+09
1.591881895701340914e+09
1.591881895901453018e+09
1.591881896101195097e+09
1.591881896299447060e+09
1.591881896501243114e+09
1.591881896698110104e+09
1.591881896897872925e+09
1.591881897102471113e+09
1.591881897300859928e+09
1.591881897500111103e+09
1.591881897798532009e+09
1.591881897971028090e+09
1.591881898172113895e+09
1.591881898344196081e+09
1.591881898509896040e+09
1.591881898697968006e+09
1.591881898899046898e+09
1.591881899098912001e+09
1.591881899299213886e+09
1.591881899498855114e+09
1.591881899699142933e+09
1.591881899896991968e+09
1.591881900098100901e+09
1.591881900299221992e+09
1.591881900497545958e+09
1.591881911851886988e+09
1.591881912087366104e+09
1.591881912285022020e+09
1.591881912485687971e+09
1.591881912738339901e+09
1.591881912907800913e+09
1.591881913087147951e+09
1.591881913283811092e+09
1.591881913485105991e+09
1.591881913685776949e+09
1.591881913884089947e+09
1.591881914085078955e+09
1.591881914284059048e+09
1.591881914486290932e+09
1.591881914684184074e+09
1.591881914886540890e+09
1.591881915085962057e+09
1.591881915287257910e+09
1.591881915482705116e+09
1.591881915684946060e+09
1.591881915885421038e+09
1.591881916085846901e+09
1.591881916286766052e+09
1.591881916485760927e+09
1.591881916683634996e+09
1.591881916885481119e+09
1.591881917084530115e+09
1.591881917281004906e+09
1.591881917485044003e+09
1.591881917846909046e+09
1.591881918021513939e+09
1.591881918199507952e+09
1.591881918375612020e+09
1.591881918548314095e+09
1.591881918714051008e+09
1.591881918880970001e+09
1.591881919083803892e+09
1.591881919288227081e+09
1.591881919483899117e+09
1.591881919682559013e+09
1.591881919883766890e+09
1.591881920083379030e+09
1.591881920284758091e+09
1.591881920483992100e+09
1.591881920684936047e+09
1.591881920881150007e+09
1.591881921083826065e+09
1.591881921284357071e+09
1.591881921483422041e+09
1.591881932957925081e+09
1.591881933165904045e+09
1.591881933337851048e+09
1.591881933513772011e+09
1.591881933689348936e+09
1.591881933866333008e+09
1.591881934070595980e+09
1.591881934269242048e+09
1.591881934466978073e+09
1.591881934669603109e+09
1.591881934867631912e+09
1.591881935067395926e+09
1.591881935270941973e+09
1.591881935470076084e+09
1.591881935667584896e+09
1.591881935867466927e+09
1.591881936067363977e+09
1.591881936266661882e+09
1.591881936467293978e+09
1.591881936670454025e+09
1.591881936866453886e+09
1.591881937070199966e+09
1.591881937269406080e+09
1.591881937471184015e+09
1.591881937663669109e+09
1.591881938008001089e+09
1.591881938194282055e+09
1.591881938369935989e+09
1.591881938546148062e+09
1.591881938722059965e+09
1.591881938901082039e+09
1.591881939082952023e+09
1.591881939264718056e+09
1.591881939469734907e+09
1.591881939670919895e+09
1.591881939867501020e+09
1.591881940068057060e+09
1.591881940266593933e+09
1.591881940470217943e+09
1.591881940671154022e+09
1.591881940867389917e+09
1.591881941068485022e+09
1.591881941264492989e+09
1.591881941465523005e+09
1.591881941669261932e+09
1.591881941863748074e+09
1.591881942067426920e+09
1.591881942266325951e+09
1.591881942469330072e+09
