4.128999999999999559e+00
4.128999999999999559e+00
4.128999999999999559e+00
4.128999999999999559e+00
4.128999999999999559e+00
4.128999999999999559e+00
4.128999999999999559e+00
4.128999999999999559e+00
4.128999999999999559e+00
4.128999999999999559e+00
4.128999999999999559e+00
4.128999999999999559e+00
4.128999999999999559e+00
4.128999999999999559e+00
4.128999999999999559e+00
4.128000000000000114e+00
4.128000000000000114e+00
4.128000000000000114e+00
4.128000000000000114e+00
4.128000000000000114e+00
4.128000000000000114e+00
4.128000000000000114e+00
4.128000000000000114e+00
4.128000000000000114e+00
4.128000000000000114e+00
4.128000000000000114e+00
4.128000000000000114e+00
4.128000000000000114e+00
4.128000000000000114e+00
4.128000000000000114e+00
4.128000000000000114e+00
4.128000000000000114e+00
4.128000000000000114e+00
4.128000000000000114e+00
4.128000000000000114e+00
4.128000000000000114e+00
4.128000000000000114e+00
4.128000000000000114e+00
4.128000000000000114e+00
4.128000000000000114e+00
4.128999999999999559e+00
4.128999999999999559e+00
4.128999999999999559e+00
4.155000000000000249e+00
4.155000000000000249e+00
4.155000000000000249e+00
4.155999999999999694e+00
4.155999999999999694e+00
4.155999999999999694e+00
4.155999999999999694e+00
4.155999999999999694e+00
4.155999999999999694e+00
4.155000000000000249e+00
4.155000000000000249e+00
4.155000000000000249e+00
4.155000000000000249e+00
4.155000000000000249e+00
4.155000000000000249e+00
4.155000000000000249e+00
4.155000000000000249e+00
4.155000000000000249e+00
4.155000000000000249e+00
4.155000000000000249e+00
4.155000000000000249e+00
4.155000000000000249e+00
4.155000000000000249e+00
4.155000000000000249e+00
4.155000000000000249e+00
4.155000000000000249e+00
4.153999999999999915e+00
4.153999999999999915e+00
4.153999999999999915e+00
4.153999999999999915e+00
4.153999999999999915e+00
4.153999999999999915e+00
4.153999999999999915e+00
4.153999999999999915e+00
4.153999999999999915e+00
4.153999999999999915e+00
4.153999999999999915e+00
4.153999999999999915e+00
4.153999999999999915e+00
4.153999999999999915e+00
4.153999999999999915e+00
4.153999999999999915e+00
4.153999999999999915e+00
4.153999999999999915e+00
4.153999999999999915e+00
4.153999999999999915e+00
4.153999999999999915e+00
4.153999999999999915e+00
4.153999999999999915e+00
4.153999999999999915e+00
4.153999999999999915e+00
4.153999999999999915e+00
4.153999999999999915e+00
4.153999999999999915e+00
4.153999999999999915e+00
4.153999999999999915e+00
4.153999999999999915e+00
4.153999999999999915e+00
4.153999999999999915e+00
4.155000000000000249e+00
4.155000000000000249e+00
4.182999999999999829e+00
4.182999999999999829e+00
4.182999999999999829e+00
4.184000000000000163e+00
4.184000000000000163e+00
4.184000000000000163e+00
4.184000000000000163e+00
4.182999999999999829e+00
4.182999999999999829e+00
4.182999999999999829e+00
4.182999999999999829e+00
4.182000000000000384e+00
4.182000000000000384e+00
4.182000000000000384e+00
4.182000000000000384e+00
4.182000000000000384e+00
4.182999999999999829e+00
4.182999999999999829e+00
4.184000000000000163e+00
4.184000000000000163e+00
4.184999999999999609e+00
4.184999999999999609e+00
4.184999999999999609e+00
4.184999999999999609e+00
4.184999999999999609e+00
4.184999999999999609e+00
4.184999999999999609e+00
4.184999999999999609e+00
4.184999999999999609e+00
4.184999999999999609e+00
4.184999999999999609e+00
4.184999999999999609e+00
4.184999999999999609e+00
4.184999999999999609e+00
4.184999999999999609e+00
4.184999999999999609e+00
4.184999999999999609e+00
4.184999999999999609e+00
4.184999999999999609e+00
4.185999999999999943e+00
4.185999999999999943e+00
4.187000000000000277e+00
4.187000000000000277e+00
4.211999999999999744e+00
4.211999999999999744e+00
4.211999999999999744e+00
4.211999999999999744e+00
4.211999999999999744e+00
4.211999999999999744e+00
4.211999999999999744e+00
4.211999999999999744e+00
4.211999999999999744e+00
4.211999999999999744e+00
4.211999999999999744e+00
4.211999999999999744e+00
4.211999999999999744e+00
4.211999999999999744e+00
4.211999999999999744e+00
4.211999999999999744e+00
4.211999999999999744e+00
4.211999999999999744e+00
4.211999999999999744e+00
4.211999999999999744e+00
4.211999999999999744e+00
4.211999999999999744e+00
4.211999999999999744e+00
4.211999999999999744e+00
4.211999999999999744e+00
4.211999999999999744e+00
4.211999999999999744e+00
4.211999999999999744e+00
4.211999999999999744e+00
4.211999999999999744e+00
4.211999999999999744e+00
4.211999999999999744e+00
4.211999999999999744e+00
4.211999999999999744e+00
4.211999999999999744e+00
4.213000000000000078e+00
4.213000000000000078e+00
4.213000000000000078e+00
4.213000000000000078e+00
4.213000000000000078e+00
4.213000000000000078e+00
4.213000000000000078e+00
4.214000000000000412e+00
4.214000000000000412e+00
4.214000000000000412e+00
4.214000000000000412e+00
4.214000000000000412e+00
4.214000000000000412e+00
4.214000000000000412e+00
4.214000000000000412e+00
4.214000000000000412e+00
4.214000000000000412e+00
4.214000000000000412e+00
4.214000000000000412e+00
4.214000000000000412e+00
4.214000000000000412e+00
4.214000000000000412e+00
4.214999999999999858e+00
4.214999999999999858e+00
4.214999999999999858e+00
4.216000000000000192e+00
4.235000000000000320e+00
4.235000000000000320e+00
4.235000000000000320e+00
4.235999999999999766e+00
4.235999999999999766e+00
4.237000000000000099e+00
4.237000000000000099e+00
4.237000000000000099e+00
4.237000000000000099e+00
4.235999999999999766e+00
4.235999999999999766e+00
4.235999999999999766e+00
4.235000000000000320e+00
4.235000000000000320e+00
4.235000000000000320e+00
4.233999999999999986e+00
4.233999999999999986e+00
4.233999999999999986e+00
4.232999999999999652e+00
4.232999999999999652e+00
4.232999999999999652e+00
4.232999999999999652e+00
4.232999999999999652e+00
4.232999999999999652e+00
4.233999999999999986e+00
4.233999999999999986e+00
4.235000000000000320e+00
4.235000000000000320e+00
4.235000000000000320e+00
4.235000000000000320e+00
4.235999999999999766e+00
4.235999999999999766e+00
4.235999999999999766e+00
4.235999999999999766e+00
4.235999999999999766e+00
4.235999999999999766e+00
4.235999999999999766e+00
4.235999999999999766e+00
4.237000000000000099e+00
4.237000000000000099e+00
4.237000000000000099e+00
4.237000000000000099e+00
4.237000000000000099e+00
4.237000000000000099e+00
4.237000000000000099e+00
4.237000000000000099e+00
4.237000000000000099e+00
4.237000000000000099e+00
4.238000000000000433e+00
4.238000000000000433e+00
4.267999999999999794e+00
4.267999999999999794e+00
4.267999999999999794e+00
4.269000000000000128e+00
4.269000000000000128e+00
4.269000000000000128e+00
4.269000000000000128e+00
4.269999999999999574e+00
4.269999999999999574e+00
4.269999999999999574e+00
4.269999999999999574e+00
4.269999999999999574e+00
4.269999999999999574e+00
4.269999999999999574e+00
4.269999999999999574e+00
4.269999999999999574e+00
4.269999999999999574e+00
4.269999999999999574e+00
4.269000000000000128e+00
4.269000000000000128e+00
4.269000000000000128e+00
4.269000000000000128e+00
4.269000000000000128e+00
4.269000000000000128e+00
4.269000000000000128e+00
4.269000000000000128e+00
4.269000000000000128e+00
4.269000000000000128e+00
4.269000000000000128e+00
4.269000000000000128e+00
4.269000000000000128e+00
4.269000000000000128e+00
4.269000000000000128e+00
4.269000000000000128e+00
4.269000000000000128e+00
4.269000000000000128e+00
4.269000000000000128e+00
4.269000000000000128e+00
4.269000000000000128e+00
4.269000000000000128e+00
4.269000000000000128e+00
