1.591693088796937943e+09
1.591693089197434902e+09
1.591693089596976042e+09
1.591693089998297930e+09
1.591693090396214962e+09
1.591693090798065901e+09
1.591693091198005915e+09
1.591693091596468925e+09
1.591693091995274067e+09
1.591693092398834944e+09
1.591693092940722942e+09
1.591693093193538904e+09
1.591693093594290018e+09
1.591693093995626926e+09
1.591693094395175934e+09
1.591693094791933060e+09
1.591693095195069075e+09
1.591693095593242884e+09
1.591693095993113041e+09
1.591693096392687082e+09
1.591693096790998936e+09
1.591693097190392017e+09
1.591693097590357065e+09
1.591693098132170916e+09
1.591693098390477896e+09
1.591693098792180061e+09
1.591693099191555023e+09
1.591693099590039015e+09
1.591693099987983942e+09
1.591693100390187025e+09
1.591693100789386034e+09
1.591693101188365936e+09
1.591693101588824987e+09
1.591693101987749100e+09
1.591693102387713909e+09
1.591693102787656069e+09
1.591693103330425978e+09
1.591693103587234974e+09
1.591693103987097025e+09
1.591693104385025024e+09
1.591693104787211895e+09
1.591693105185034990e+09
1.591693105586607933e+09
1.591693105984319925e+09
1.591693106384900093e+09
1.591693106784507990e+09
1.591693107182243109e+09
1.591693107582196951e+09
1.591693107982327938e+09
1.591693108443968058e+09
1.591693108782051086e+09
1.591693109181814909e+09
1.591693109581864119e+09
1.591693109980077028e+09
1.591693110382025003e+09
1.591693110779413939e+09
1.591693111179388046e+09
1.591693111579293966e+09
1.591693111979262114e+09
1.591693112379278898e+09
1.591693112779212952e+09
1.591693113179193020e+09
1.591693113716974020e+09
1.591693113977026939e+09
1.591693114378786087e+09
1.591693114778990984e+09
1.591693115177201033e+09
1.591693115576428890e+09
1.591693115975122929e+09
1.591693116375469923e+09
1.591693116776895046e+09
1.591693117175905943e+09
1.591693117574740887e+09
1.591693117976737976e+09
1.591693118372670889e+09
1.591693118856564045e+09
1.591693119175417900e+09
1.591693119572671890e+09
1.591693119974260092e+09
1.591693120373332024e+09
1.591693120773545027e+09
1.591693121173307896e+09
1.591693121571376085e+09
1.591693121971869946e+09
1.591693122371813059e+09
1.591693122769637108e+09
1.591693123169500113e+09
1.591693123569334030e+09
1.591693123986946106e+09
1.591693124370805025e+09
1.591693124770921946e+09
1.591693125168786049e+09
1.591693125566680908e+09
1.591693125966603041e+09
1.591693126366635084e+09
1.591693126766382933e+09
1.591693127168287992e+09
1.591693127568156958e+09
1.591693127967504978e+09
1.591693128365961075e+09
1.591693128764425039e+09
1.591693129161175966e+09
1.591693129563770056e+09
1.591693129963587999e+09
1.591693130365684032e+09
1.591693130763464928e+09
1.591693131163299084e+09
1.591693131563262939e+09
1.591693131961138964e+09
1.591693132361159086e+09
1.591693132763056040e+09
1.591693133163537979e+09
1.591693133563244104e+09
1.591693134105168104e+09
1.591693134360784054e+09
1.591693134760277033e+09
1.591693135160692930e+09
1.591693135560471058e+09
1.591693135959060907e+09
1.591693136359867096e+09
1.591693136757843971e+09
1.591693137158040047e+09
1.591693137557440996e+09
1.591693137959093094e+09
1.591693138357342005e+09
1.591693138754852057e+09
1.591693139297189951e+09
1.591693139557138920e+09
1.591693139957398891e+09
1.591693140357249975e+09
1.591693140757577896e+09
1.591693141156219006e+09
1.591693141554501057e+09
1.591693141952291012e+09
1.591693142355403900e+09
1.591693142756100893e+09
1.591693143152695894e+09
1.591693143554651022e+09
1.591693143952383995e+09
1.591693144492094994e+09
1.591693144750787973e+09
1.591693145152358055e+09
1.591693145550070047e+09
1.591693145949841976e+09
1.591693146349765062e+09
1.591693146751784086e+09
1.591693147150161028e+09
1.591693147549710035e+09
1.591693147949533939e+09
1.591693148349726915e+09
