1.591705226793942928e+09
1.591705226992810011e+09
1.591705227192857981e+09
1.591705227392203093e+09
1.591705227592498064e+09
1.591705227794146061e+09
1.591705227992486954e+09
1.591705228191288948e+09
1.591705228394469976e+09
1.591705228593697071e+09
1.591705228790690899e+09
1.591705228994060040e+09
1.591705229191389084e+09
1.591705229393572092e+09
1.591705229594177961e+09
1.591705229791205883e+09
1.591705229992479086e+09
1.591705230192528009e+09
1.591705230392858028e+09
1.591705230592879057e+09
1.591705230792367935e+09
1.591705230992953062e+09
1.591705231191118002e+09
1.591705231392425060e+09
1.591705231593161106e+09
1.591705231792551994e+09
1.591705231990863085e+09
1.591705232192634106e+09
1.591705232391314983e+09
1.591705232590660095e+09
1.591705232791429996e+09
1.591705232991552114e+09
1.591705233191457033e+09
1.591705233391303062e+09
1.591705233589190006e+09
1.591705233930568933e+09
1.591705234001082897e+09
1.591705234191236973e+09
1.591705234388189077e+09
1.591705234589621067e+09
1.591705234788846016e+09
1.591705234989650965e+09
1.591705235191987038e+09
1.591705235389713049e+09
1.591705235590111971e+09
1.591705235789848089e+09
1.591705235992064953e+09
1.591705236191931963e+09
1.591705236390248060e+09
1.591705236590137959e+09
1.591705236792418003e+09
1.591705236991516113e+09
1.591705237190013885e+09
1.591705237390122890e+09
1.591705237589051008e+09
1.591705237788497925e+09
1.591705237988022089e+09
1.591705238190578938e+09
1.591705238387943029e+09
1.591705238586569071e+09
1.591705238785337925e+09
1.591705238988202095e+09
1.591705239190099955e+09
1.591705239390239954e+09
1.591705239591232061e+09
1.591705239789716005e+09
1.591705239989110947e+09
1.591705240188283920e+09
1.591705240388953924e+09
1.591705240586869001e+09
1.591705240789055109e+09
1.591705240986505032e+09
1.591705241188920975e+09
1.591705241388674021e+09
1.591705241587867022e+09
1.591705241789124012e+09
1.591705241986900091e+09
1.591705242189263105e+09
1.591705242387223959e+09
1.591705242589894056e+09
1.591705242789518118e+09
1.591705242987530947e+09
1.591705243187484980e+09
1.591705243389592886e+09
1.591705243588283062e+09
1.591705243924144983e+09
1.591705244007086992e+09
1.591705244189028025e+09
1.591705244387713909e+09
1.591705244588766098e+09
1.591705244785388947e+09
1.591705244987847090e+09
1.591705245186729908e+09
1.591705245386392117e+09
1.591705245587810993e+09
1.591705245788480043e+09
1.591705245986908913e+09
1.591705246188949108e+09
1.591705246388768911e+09
1.591705280142956972e+09
1.591705280349339008e+09
1.591705280549479008e+09
1.591705280747164011e+09
1.591705280947498083e+09
1.591705281147556067e+09
1.591705281347675085e+09
1.591705281550468922e+09
1.591705281747761965e+09
1.591705281949805021e+09
1.591705282149187088e+09
1.591705282347661972e+09
1.591705282547854900e+09
1.591705282745714903e+09
1.591705282945347071e+09
1.591705283145715952e+09
1.591705283345400095e+09
1.591705283545661926e+09
1.591705283746448040e+09
1.591705283948021889e+09
1.591705284147152901e+09
1.591705284348131895e+09
1.591705284545783997e+09
1.591705284746293068e+09
1.591705284945943117e+09
1.591705285283471107e+09
1.591705285371594906e+09
1.591705285544239044e+09
1.591705285744826078e+09
1.591705285944063902e+09
1.591705286146409988e+09
1.591705286345063925e+09
1.591705286544554949e+09
1.591705286745441914e+09
1.591705286944780111e+09
1.591705287146831036e+09
1.591705287344690084e+09
1.591705287546600103e+09
1.591705287749089956e+09
1.591705287944463015e+09
1.591705288144223928e+09
1.591705288346276045e+09
1.591705288545226097e+09
1.591705288745136023e+09
1.591705288946315050e+09
1.591705289147011042e+09
1.591705289346581936e+09
1.591705289544035912e+09
1.591705289746258974e+09
1.591705289947388887e+09
1.591705290140924931e+09
1.591705290342231989e+09
1.591705290542481899e+09
1.591705290743622065e+09
1.591705290945187092e+09
1.591705291142775059e+09
1.591705291345314980e+09
1.591705291544809103e+09
1.591705291745867014e+09
1.591705291942780972e+09
1.591705292143423080e+09
1.591705292343389988e+09
1.591705292541762114e+09
1.591705292744478941e+09
1.591705292943674088e+09
1.591705293141895056e+09
1.591705293344053984e+09
1.591705293541554928e+09
1.591705293744621038e+09
1.591705293941241026e+09
1.591705294143769026e+09
1.591705294344404936e+09
1.591705294541987896e+09
1.591705294742819071e+09
1.591705294941925049e+09
1.591705295141840935e+09
1.591705295341589928e+09
1.591705295544795036e+09
1.591705295743021965e+09
1.591705295943737030e+09
1.591705296142056942e+09
1.591705296340800047e+09
1.591705296542387009e+09
1.591705296743716002e+09
1.591705296942692995e+09
1.591705297140712023e+09
1.591705297342252016e+09
1.591705297542614937e+09
1.591705297744432926e+09
1.591705297941052914e+09
1.591705298143004894e+09
1.591705298342184067e+09
1.591705298541002989e+09
1.591705298743362904e+09
1.591705298939259052e+09
1.591705299142260075e+09
1.591705299342123032e+09
1.591705299539195061e+09
1.591705299740730047e+09
1.591705311118100882e+09
1.591705311326719999e+09
1.591705311526092052e+09
1.591705311726473093e+09
1.591705311926419020e+09
1.591705312127000093e+09
1.591705312327403069e+09
1.591705312528851986e+09
1.591705312726999998e+09
1.591705312931230068e+09
1.591705313129573107e+09
1.591705313329849958e+09
1.591705313524899006e+09
1.591705313727200031e+09
1.591705313924864054e+09
1.591705314125505924e+09
1.591705314329166889e+09
1.591705314525724888e+09
1.591705314725363970e+09
1.591705314928215027e+09
1.591705315126923084e+09
1.591705315328963041e+09
1.591705315524122000e+09
1.591705315727134943e+09
1.591705316059636116e+09
1.591705316157361031e+09
1.591705316328910112e+09
1.591705316524765015e+09
1.591705316726728916e+09
1.591705316924448967e+09
1.591705317127110958e+09
1.591705317324976921e+09
1.591705317525053024e+09
1.591705317726500988e+09
1.591705317924906969e+09
1.591705318124134064e+09
1.591705318325751066e+09
1.591705318524518967e+09
1.591705318725243092e+09
1.591705318924163103e+09
1.591705319126482010e+09
1.591705319327399015e+09
1.591705319526962996e+09
1.591705319727298021e+09
1.591705319925142050e+09
1.591705320126889944e+09
1.591705320326148033e+09
1.591705320523739100e+09
1.591705320725752115e+09
1.591705321062727928e+09
1.591705321173475027e+09
1.591705321320388079e+09
1.591705321522983074e+09
1.591705321725040913e+09
1.591705321925914049e+09
1.591705322125262022e+09
1.591705322326103926e+09
1.591705322525332928e+09
1.591705322722851992e+09
1.591705322924078941e+09
1.591705323123822927e+09
1.591705323326872110e+09
1.591705323523137093e+09
1.591705323721762896e+09
1.591705323923747063e+09
1.591705324124917030e+09
1.591705324325011015e+09
1.591705324523847103e+09
1.591705324722368956e+09
1.591705324924474955e+09
1.591705325124686956e+09
1.591705325325730085e+09
1.591705325522739887e+09
1.591705325724680901e+09
1.591705326065581083e+09
1.591705326172456026e+09
1.591705326321309090e+09
1.591705326523914099e+09
1.591705326721776962e+09
1.591705326922647953e+09
1.591705327123439074e+09
1.591705327323080063e+09
1.591705327523394108e+09
1.591705327721343994e+09
1.591705327924211025e+09
1.591705328122827053e+09
1.591705328323194027e+09
1.591705328523772955e+09
1.591705328723128080e+09
1.591705328921448946e+09
1.591705329123315096e+09
1.591705329323035002e+09
1.591705329519666910e+09
1.591705329721524000e+09
1.591705329921936989e+09
1.591705330121757984e+09
1.591705330323281050e+09
1.591705330521635056e+09
1.591705330718967915e+09
1.591705342093873024e+09
1.591705342306493044e+09
1.591705342509064913e+09
1.591705342706233978e+09
1.591705342907481909e+09
1.591705343106177092e+09
1.591705343309519053e+09
1.591705343506781101e+09
1.591705343709578037e+09
1.591705343909697056e+09
1.591705344107007027e+09
1.591705344306731939e+09
1.591705344504985094e+09
1.591705344704581022e+09
1.591705344908233881e+09
1.591705345107573986e+09
1.591705345305397034e+09
1.591705345504792929e+09
1.591705345707312107e+09
1.591705345905714989e+09
1.591705346100944042e+09
1.591705346307468891e+09
1.591705346505615950e+09
1.591705346707598925e+09
1.591705346906675100e+09
1.591705347105686903e+09
1.591705347305541039e+09
1.591705347507883072e+09
1.591705347705410004e+09
1.591705347907643080e+09
1.591705348106581926e+09
1.591705348307322979e+09
1.591705348506978035e+09
1.591705348707124949e+09
1.591705348903707981e+09
1.591705349104403973e+09
1.591705349306020975e+09
1.591705349503844023e+09
1.591705349706281900e+09
1.591705349904570103e+09
1.591705350104054928e+09
1.591705350308986902e+09
1.591705350504967928e+09
1.591705350705346107e+09
1.591705350907999992e+09
1.591705351103230000e+09
1.591705351304378033e+09
1.591705351506872892e+09
1.591705351703186989e+09
1.591705351905441999e+09
1.591705352105223894e+09
1.591705352303255081e+09
1.591705352503701925e+09
1.591705352702719927e+09
1.591705352907102108e+09
1.591705353103595018e+09
1.591705353303946018e+09
1.591705353503701925e+09
1.591705353704000950e+09
1.591705353904833078e+09
1.591705354104754925e+09
1.591705354303925991e+09
1.591705354502259016e+09
1.591705354701468945e+09
1.591705354903791904e+09
1.591705355103960991e+09
1.591705355304585934e+09
1.591705355501560926e+09
1.591705355702126980e+09
1.591705355902123928e+09
1.591705356242254019e+09
1.591705356371743917e+09
1.591705356524415970e+09
1.591705356701724052e+09
1.591705356901629925e+09
1.591705357100316048e+09
1.591705357304351091e+09
1.591705357500802994e+09
1.591705357701739073e+09
1.591705357905488014e+09
1.591705358101290941e+09
1.591705358303376913e+09
1.591705358502372026e+09
1.591705358702800989e+09
1.591705358903491020e+09
1.591705359102350950e+09
1.591705359300384045e+09
1.591705359501574993e+09
1.591705359703322887e+09
1.591705359901084900e+09
1.591705360101558924e+09
1.591705360303174019e+09
1.591705360501487017e+09
1.591705360703264952e+09
1.591705360904000044e+09
1.591705361237010002e+09
1.591705361375025034e+09
1.591705361526345015e+09
1.591705361703002930e+09
1.591705373063308001e+09
1.591705373288419962e+09
1.591705373486196041e+09
1.591705373687905073e+09
1.591705373886269093e+09
1.591705374085508108e+09
1.591705374286879063e+09
1.591705374489820004e+09
1.591705374688724041e+09
1.591705374891062975e+09
1.591705375086532116e+09
1.591705375287008047e+09
1.591705375488013029e+09
1.591705375687273979e+09
1.591705375884625912e+09
1.591705376086725950e+09
1.591705376425607920e+09
1.591705376558794022e+09
1.591705376708358049e+09
1.591705376884125948e+09
1.591705377084857941e+09
1.591705377284476995e+09
1.591705377485335112e+09
1.591705377684957981e+09
1.591705377884872913e+09
1.591705378086241007e+09
1.591705378284750938e+09
1.591705378484831095e+09
1.591705378684597969e+09
1.591705378882060051e+09
1.591705379086572886e+09
1.591705379285192013e+09
1.591705379485610008e+09
1.591705379683161020e+09
1.591705379885369062e+09
1.591705380084764004e+09
1.591705380284637928e+09
1.591705380488337994e+09
1.591705380683846951e+09
1.591705380883771896e+09
1.591705381084830999e+09
1.591705381418433905e+09
1.591705381556639910e+09
1.591705381707602978e+09
1.591705381880664110e+09
1.591705382082010031e+09
1.591705382283024073e+09
1.591705382483247042e+09
1.591705382686285019e+09
1.591705382884699106e+09
1.591705383082755089e+09
1.591705383285732985e+09
1.591705383482897043e+09
1.591705383684546947e+09
1.591705383884856939e+09
1.591705384085331917e+09
1.591705384282705069e+09
1.591705384485393047e+09
1.591705384684870958e+09
1.591705384885870934e+09
1.591705385084330082e+09
1.591705385287220955e+09
1.591705385481683969e+09
1.591705385680205107e+09
1.591705385883143902e+09
1.591705386081407070e+09
1.591705386408396959e+09
1.591705386542541027e+09
1.591705386693234921e+09
1.591705386881243944e+09
1.591705387082272053e+09
1.591705387281905890e+09
1.591705387479938030e+09
1.591705387682024002e+09
1.591705387882906914e+09
1.591705388082108974e+09
1.591705388282373905e+09
1.591705388480336905e+09
1.591705388683919907e+09
1.591705388881625891e+09
1.591705389080250978e+09
1.591705389278626919e+09
1.591705389482204914e+09
1.591705389682223082e+09
1.591705389878568888e+09
1.591705390078138113e+09
1.591705390278681993e+09
1.591705390480813980e+09
1.591705390682470083e+09
1.591705390881535053e+09
1.591705391085025072e+09
1.591705391281843901e+09
1.591705391480562925e+09
1.591705391680238008e+09
1.591705391883038044e+09
1.591705392081728935e+09
1.591705392280235052e+09
1.591705392480029106e+09
1.591705392680577040e+09
1.591705404036473989e+09
1.591705404265242100e+09
1.591705404468967915e+09
1.591705404666380882e+09
1.591705404868452072e+09
1.591705405069058895e+09
1.591705405265573025e+09
1.591705405464071989e+09
1.591705405665616035e+09
1.591705405869677067e+09
1.591705406065721035e+09
1.591705406263149023e+09
1.591705406463088989e+09
1.591705406666958094e+09
1.591705406865458012e+09
1.591705407065994978e+09
1.591705407268250942e+09
1.591705407462933064e+09
1.591705407664859056e+09
1.591705407862905979e+09
1.591705408066124916e+09
1.591705408263433933e+09
1.591705408463943005e+09
1.591705408657932043e+09
1.591705408865777016e+09
1.591705409063791990e+09
1.591705409266343117e+09
1.591705409466325045e+09
1.591705409664027929e+09
1.591705409864012003e+09
1.591705410063481092e+09
1.591705410264584064e+09
1.591705410461903095e+09
1.591705410662813902e+09
1.591705410861833096e+09
1.591705411062272072e+09
1.591705411262408018e+09
1.591705411465221882e+09
1.591705411663949966e+09
1.591705411862409115e+09
1.591705412062200069e+09
1.591705412262906075e+09
1.591705412463068962e+09
1.591705412665298939e+09
1.591705412862927914e+09
1.591705413065084934e+09
1.591705413264213085e+09
1.591705413463027000e+09
1.591705413663229942e+09
1.591705413863840103e+09
1.591705414063275099e+09
1.591705414263560057e+09
1.591705414464960098e+09
1.591705414661977053e+09
1.591705414862190962e+09
1.591705415061355114e+09
1.591705415261631966e+09
1.591705415463664055e+09
1.591705415662336111e+09
1.591705415860692024e+09
1.591705416064651012e+09
1.591705416263251066e+09
1.591705416463359118e+09
1.591705416663398027e+09
1.591705416862194061e+09
1.591705417060728073e+09
1.591705417261934996e+09
1.591705417459929943e+09
1.591705417662077904e+09
1.591705417862642050e+09
1.591705418060090065e+09
1.591705418261462927e+09
1.591705418460628986e+09
1.591705418662725925e+09
1.591705418859447002e+09
1.591705419061182976e+09
1.591705419259927988e+09
1.591705419460669041e+09
1.591705419661588907e+09
1.591705419860579967e+09
1.591705420058336973e+09
1.591705420260540962e+09
1.591705420460958958e+09
1.591705420662883043e+09
1.591705420860950947e+09
1.591705421062120914e+09
1.591705421260060072e+09
1.591705421460794926e+09
1.591705421661144018e+09
1.591705421860618114e+09
1.591705422058500051e+09
1.591705422258589983e+09
1.591705422460788965e+09
1.591705422659039021e+09
1.591705422859078884e+09
1.591705423061100960e+09
1.591705423258488894e+09
1.591705423458317041e+09
1.591705435011960030e+09
1.591705435246643066e+09
1.591705435445734024e+09
1.591705435644020081e+09
1.591705435843841076e+09
1.591705436044419050e+09
1.591705436247003078e+09
1.591705436445288897e+09
1.591705436644458055e+09
1.591705436849375010e+09
1.591705437044032097e+09
1.591705437245825052e+09
1.591705437444633007e+09
1.591705437649965048e+09
1.591705437845765114e+09
1.591705438047610044e+09
1.591705438243746996e+09
1.591705438444206953e+09
1.591705438642896891e+09
1.591705438984443903e+09
1.591705439148819923e+09
1.591705439348460913e+09
1.591705439509098053e+09
1.591705439673218966e+09
1.591705439843072891e+09
1.591705440045815945e+09
1.591705440244802952e+09
1.591705440442404985e+09
1.591705440644562006e+09
1.591705440844166040e+09
1.591705441045717001e+09
1.591705441247314930e+09
1.591705441445048094e+09
1.591705441642570019e+09
1.591705441844883919e+09
1.591705442044657946e+09
1.591705442245656967e+09
1.591705442443047047e+09
1.591705442642437935e+09
1.591705442844063044e+09
1.591705443041906118e+09
1.591705443245249987e+09
1.591705443442728996e+09
1.591705443644257069e+09
1.591705443842324972e+09
1.591705444043643951e+09
1.591705444243063927e+09
1.591705444442544937e+09
1.591705444643008947e+09
1.591705444843019962e+09
1.591705445042365074e+09
1.591705445242536068e+09
1.591705445440448999e+09
1.591705445642450094e+09
1.591705445843497992e+09
1.591705446041141033e+09
1.591705446241605043e+09
1.591705446441169977e+09
1.591705446643239021e+09
1.591705446841661930e+09
1.591705447044202089e+09
1.591705447244667053e+09
1.591705447440610886e+09
1.591705447644335985e+09
1.591705447841237068e+09
1.591705448042740107e+09
1.591705448242516994e+09
1.591705448442898989e+09
1.591705448639971018e+09
1.591705449004977942e+09
1.591705449182143927e+09
1.591705449361881971e+09
1.591705449528258085e+09
1.591705449695832968e+09
1.591705449872035027e+09
1.591705450049365044e+09
1.591705450243186951e+09
1.591705450444730997e+09
1.591705450644145966e+09
1.591705450840558052e+09
1.591705451040580034e+09
1.591705451243160009e+09
1.591705451440790892e+09
1.591705451643621922e+09
1.591705451841505051e+09
1.591705452041625977e+09
1.591705452242749929e+09
1.591705452441370964e+09
1.591705452641161919e+09
1.591705452838761091e+09
1.591705453038522005e+09
1.591705453244734049e+09
1.591705453439996004e+09
1.591705453640592098e+09
1.591705453842319965e+09
1.591705454038526058e+09
1.591705454239734888e+09
1.591705454441386938e+09
1.591705454638691902e+09
1.591705465785792112e+09
1.591705466027105093e+09
1.591705466227601051e+09
1.591705466426512957e+09
1.591705466626153946e+09
1.591705466825491905e+09
1.591705467026339054e+09
1.591705467229001045e+09
1.591705467423705101e+09
1.591705467626149893e+09
1.591705467828418016e+09
1.591705468027333021e+09
1.591705468224790096e+09
1.591705468429210901e+09
1.591705468624294996e+09
1.591705468824803114e+09
1.591705469160170078e+09
1.591705469353507042e+09
1.591705469535620928e+09
1.591705469711225986e+09
1.591705469886477947e+09
1.591705470067955017e+09
1.591705470248183012e+09
1.591705470426932096e+09
1.591705470626519918e+09
1.591705470827088118e+09
1.591705471025636911e+09
1.591705471223798990e+09
1.591705471425740957e+09
1.591705471626981974e+09
1.591705471828259945e+09
1.591705472023638964e+09
1.591705472228419065e+09
1.591705472424370050e+09
1.591705472622972965e+09
1.591705472823196888e+09
1.591705473023747921e+09
1.591705473221939087e+09
1.591705473423208952e+09
1.591705473619031906e+09
1.591705473822757006e+09
1.591705474020917892e+09
1.591705474221864939e+09
1.591705474422655106e+09
1.591705474621176004e+09
1.591705474825933933e+09
1.591705475020523071e+09
1.591705475224510908e+09
1.591705475419990063e+09
1.591705475622653961e+09
1.591705475821944952e+09
1.591705476023129940e+09
1.591705476224138975e+09
1.591705476419378996e+09
1.591705476624859095e+09
1.591705476823431969e+09
1.591705477021738052e+09
1.591705477220550060e+09
1.591705477423882008e+09
1.591705477625240088e+09
1.591705477822668076e+09
1.591705478022032022e+09
1.591705478219682932e+09
1.591705478420618057e+09
1.591705478620121956e+09
1.591705478822741985e+09
1.591705479099129915e+09
1.591705479308247089e+09
1.591705479494790077e+09
1.591705479673553944e+09
1.591705479863289118e+09
1.591705480049658060e+09
1.591705480231573105e+09
1.591705480418699980e+09
1.591705480621607065e+09
1.591705480819123983e+09
1.591705481017107964e+09
1.591705481218642950e+09
1.591705481418507099e+09
1.591705481619647026e+09
1.591705481824184895e+09
1.591705482019948006e+09
1.591705482219085932e+09
1.591705482419620991e+09
1.591705482617559910e+09
1.591705482823127985e+09
1.591705483021498919e+09
1.591705483216934919e+09
1.591705483418529034e+09
1.591705483614289045e+09
1.591705483820693970e+09
1.591705484018850088e+09
1.591705484217856884e+09
1.591705484419400930e+09
1.591705484623001099e+09
1.591705484819927931e+09
1.591705485020181894e+09
1.591705485218696117e+09
1.591705485416691065e+09
1.591705485617542982e+09
1.591705496961647987e+09
1.591705497206063986e+09
1.591705497403383970e+09
1.591705497604820967e+09
1.591705497805854082e+09
1.591705498005549908e+09
1.591705498205091000e+09
1.591705498406438112e+09
1.591705498606513023e+09
1.591705498805876970e+09
1.591705499000535011e+09
1.591705499250364065e+09
1.591705499446629047e+09
1.591705499637093067e+09
1.591705499827697039e+09
1.591705500022828102e+09
1.591705500219806910e+09
1.591705500414864063e+09
1.591705500608505964e+09
1.591705500807566881e+09
1.591705501004992008e+09
1.591705501205394983e+09
1.591705501405483961e+09
1.591705501604012966e+09
1.591705501806129932e+09
1.591705502006417036e+09
1.591705502205121994e+09
1.591705502407879114e+09
1.591705502604362965e+09
1.591705502804753065e+09
1.591705503003863096e+09
1.591705503205512047e+09
1.591705503413255930e+09
1.591705503613114119e+09
1.591705503802655935e+09
1.591705504005553961e+09
1.591705504348824978e+09
1.591705504547974110e+09
1.591705504748018026e+09
1.591705504942002058e+09
1.591705505133995056e+09
1.591705505364291906e+09
1.591705505556905031e+09
1.591705505750884056e+09
1.591705505948043108e+09
1.591705506138391018e+09
1.591705506374149084e+09
1.591705506576385975e+09
1.591705506774853945e+09
1.591705506979559898e+09
1.591705507186985970e+09
1.591705507395159006e+09
1.591705507590663910e+09
1.591705507795661926e+09
1.591705507999876022e+09
1.591705508195523977e+09
1.591705508401895046e+09
1.591705508596916914e+09
1.591705508797255039e+09
1.591705509005824089e+09
1.591705509207632065e+09
1.591705509481508017e+09
1.591705509685497999e+09
1.591705509882846117e+09
1.591705510085901976e+09
1.591705510286492109e+09
1.591705510494003057e+09
1.591705510695971966e+09
1.591705510895606041e+09
1.591705511100497961e+09
1.591705511334753990e+09
1.591705511534029007e+09
1.591705511736231089e+09
1.591705511933857918e+09
1.591705512130790949e+09
1.591705512365398884e+09
1.591705512569664955e+09
1.591705512780504942e+09
1.591705512981756926e+09
1.591705513189508915e+09
1.591705513398889065e+09
1.591705513600104094e+09
1.591705513806451082e+09
1.591705514011878014e+09
1.591705514213371992e+09
1.591705514415196896e+09
1.591705514617274046e+09
1.591705514817295074e+09
1.591705515018667936e+09
1.591705515216978073e+09
1.591705515428236961e+09
1.591705515631848097e+09
1.591705515842279911e+09
1.591705516045011044e+09
1.591705516252664089e+09
1.591705516465861082e+09
1.591705516673917055e+09
1.591705527937525988e+09
1.591705528184252024e+09
1.591705528394313097e+09
1.591705528597932100e+09
1.591705528810972929e+09
1.591705529013087034e+09
1.591705529215084076e+09
1.591705529476821899e+09
1.591705529676652908e+09
1.591705529887079954e+09
1.591705530091634035e+09
1.591705530323283911e+09
1.591705530523919106e+09
1.591705530735179901e+09
1.591705530946311951e+09
1.591705531148077965e+09
1.591705531388489008e+09
1.591705531589979887e+09
1.591705531802196026e+09
1.591705532006968975e+09
1.591705532214301109e+09
1.591705532423962116e+09
1.591705532628700018e+09
1.591705532834971905e+09
1.591705533040858030e+09
1.591705533242113113e+09
1.591705533451683044e+09
1.591705533659357071e+09
1.591705533865988970e+09
1.591705534068882942e+09
1.591705534276565075e+09
1.591705534556926966e+09
1.591705534771351099e+09
1.591705534979100943e+09
1.591705535193244934e+09
1.591705535405002117e+09
1.591705535611061096e+09
1.591705535822870970e+09
1.591705536039112091e+09
1.591705536247234106e+09
1.591705536460824966e+09
1.591705536667360067e+09
1.591705536880817890e+09
1.591705537095983982e+09
1.591705537328844070e+09
1.591705537543196917e+09
1.591705537749269009e+09
1.591705537963903904e+09
1.591705538173918962e+09
1.591705538394377947e+09
1.591705538600450039e+09
1.591705538809561014e+09
1.591705539022315025e+09
1.591705539237251043e+09
1.591705539449843884e+09
1.591705539654824972e+09
1.591705539871067047e+09
1.591705540087371111e+09
1.591705540297467947e+09
1.591705540510849953e+09
1.591705540723050117e+09
1.591705540930908918e+09
1.591705541144159079e+09
1.591705541388757944e+09
1.591705541607237101e+09
1.591705541825263977e+09
1.591705542039531946e+09
1.591705542255635023e+09
1.591705542470968962e+09
1.591705542684885025e+09
1.591705542905985117e+09
1.591705543129681110e+09
1.591705543381927013e+09
1.591705543597713947e+09
1.591705543809093952e+09
1.591705544024184942e+09
1.591705544241671085e+09
1.591705544455522060e+09
1.591705544810708046e+09
1.591705545028665066e+09
1.591705545243612051e+09
1.591705545462354898e+09
1.591705545679054976e+09
1.591705545898060083e+09
1.591705546110097885e+09
1.591705546362287045e+09
1.591705546577378988e+09
1.591705546790786982e+09
1.591705547004388094e+09
1.591705547223251104e+09
1.591705547441124916e+09
1.591705547659921885e+09
1.591705558908092022e+09
1.591705559165808916e+09
1.591705559405951977e+09
1.591705559625410080e+09
1.591705559859407902e+09
1.591705560079317093e+09
1.591705560455861092e+09
1.591705560680759907e+09
1.591705560899590969e+09
1.591705561121294975e+09
1.591705561379940987e+09
1.591705561598037958e+09
1.591705561817246914e+09
1.591705562038876057e+09
1.591705562255717039e+09
1.591705562481931925e+09
1.591705562710309029e+09
1.591705562938580990e+09
1.591705563160693884e+09
1.591705563396258116e+09
1.591705563624819040e+09
1.591705563855479002e+09
1.591705564075872898e+09
1.591705564302828074e+09
1.591705564533534050e+09
1.591705564762562037e+09
1.591705564984667063e+09
1.591705565254437923e+09
1.591705565483829021e+09
1.591705565707159042e+09
1.591705565939308882e+09
1.591705566167740107e+09
1.591705566403100967e+09
1.591705566628722906e+09
1.591705566852883101e+09
1.591705567077985048e+09
1.591705567299819946e+09
1.591705567537718058e+09
1.591705567762074947e+09
1.591705567988594055e+09
1.591705568216329098e+09
1.591705568456911087e+09
1.591705568680705070e+09
1.591705568917949915e+09
1.591705569142496109e+09
1.591705569406264067e+09
1.591705569634716034e+09
1.591705569857429981e+09
1.591705570087408066e+09
1.591705570485791922e+09
1.591705570717957973e+09
1.591705570945677042e+09
1.591705571178977966e+09
1.591705571407632113e+09
1.591705571633948088e+09
1.591705571867357016e+09
1.591705572092653036e+09
1.591705572348748922e+09
1.591705572583843946e+09
1.591705572819267988e+09
1.591705573046231031e+09
1.591705573273082972e+09
1.591705573512530088e+09
1.591705573744896889e+09
1.591705573973157883e+09
1.591705574201232910e+09
1.591705574432738066e+09
1.591705574665322065e+09
1.591705574897881985e+09
1.591705575136754036e+09
1.591705575548237085e+09
1.591705575776943922e+09
1.591705576015275955e+09
1.591705576243989944e+09
1.591705576477303028e+09
1.591705576706820965e+09
1.591705576934309959e+09
1.591705577174731016e+09
1.591705577414082050e+09
1.591705577651477098e+09
1.591705577885114908e+09
1.591705578120373011e+09
1.591705578392384052e+09
1.591705578622828007e+09
1.591705590081346989e+09
1.591705590341080904e+09
1.591705590573951006e+09
1.591705590806812048e+09
1.591705591189863920e+09
1.591705591426620960e+09
1.591705591656622887e+09
1.591705591895386934e+09
1.591705592132112980e+09
1.591705592400587082e+09
1.591705592638304949e+09
1.591705592868251085e+09
1.591705593104810953e+09
1.591705593368071079e+09
1.591705593599085093e+09
1.591705593835078001e+09
1.591705594064363003e+09
1.591705594306904078e+09
1.591705594541938066e+09
1.591705594780178070e+09
1.591705595016072989e+09
1.591705595254518032e+09
1.591705595491991043e+09
1.591705595721986055e+09
1.591705596020478964e+09
1.591705596248168945e+09
1.591705596483721018e+09
1.591705596721756935e+09
1.591705596954969883e+09
1.591705597188484907e+09
1.591705597421410084e+09
1.591705597653918028e+09
1.591705597889571905e+09
1.591705598122091055e+09
1.591705598396541119e+09
1.591705598629945993e+09
1.591705598862185955e+09
1.591705599102498055e+09
1.591705599365940094e+09
1.591705599606163025e+09
1.591705599837728024e+09
1.591705600071276903e+09
1.591705600310821056e+09
1.591705600554595947e+09
1.591705600793726921e+09
1.591705601150064945e+09
1.591705601414962053e+09
1.591705601657880068e+09
1.591705601891896963e+09
1.591705602135170937e+09
1.591705602403548002e+09
1.591705602638648033e+09
1.591705602875825882e+09
1.591705603114710093e+09
1.591705603383054972e+09
1.591705603621242046e+09
1.591705603860626936e+09
1.591705604096021891e+09
1.591705604368882895e+09
1.591705604608668089e+09
1.591705604851653099e+09
1.591705605094229937e+09
1.591705605357336998e+09
1.591705605605665922e+09
1.591705605841706991e+09
1.591705606176475048e+09
1.591705606423135996e+09
1.591705606665909052e+09
1.591705606914388895e+09
1.591705607158962011e+09
1.591705607410991907e+09
1.591705607650767088e+09
1.591705607891171932e+09
1.591705608127593040e+09
1.591705608406958103e+09
1.591705608651818991e+09
1.591705608895755053e+09
1.591705609133321047e+09
1.591705609416274071e+09
1.591705609657088995e+09
1.591705621054162979e+09
1.591705621363235950e+09
1.591705621600873947e+09
1.591705621851979017e+09
1.591705622088543892e+09
1.591705622357054949e+09
1.591705622601381063e+09
1.591705622846573114e+09
1.591705623084860086e+09
1.591705623326809883e+09
1.591705623573903084e+09
1.591705623817553997e+09
1.591705624057094097e+09
1.591705624301233053e+09
1.591705624550446987e+09
1.591705624795159101e+09
1.591705625043478012e+09
1.591705625287273884e+09
1.591705625534692049e+09
1.591705625785954952e+09
1.591705626035192013e+09
1.591705626402134895e+09
1.591705626650088072e+09
1.591705626897147894e+09
1.591705627157744884e+09
1.591705627421215057e+09
1.591705627678404093e+09
1.591705627926692009e+09
1.591705628170283079e+09
1.591705628424462080e+09
1.591705628669105053e+09
1.591705628913569927e+09
1.591705629168157101e+09
1.591705629421032906e+09
1.591705629676506042e+09
1.591705629929318905e+09
1.591705630184505939e+09
1.591705630433437109e+09
1.591705630675554037e+09
1.591705630918658018e+09
1.591705631163297892e+09
1.591705631423542976e+09
1.591705631670646906e+09
1.591705631918860912e+09
1.591705632170502901e+09
1.591705632431912899e+09
1.591705632679732084e+09
1.591705632935178995e+09
1.591705633188230038e+09
1.591705633446867943e+09
1.591705633698395014e+09
1.591705633945801973e+09
1.591705634204720020e+09
1.591705634460146904e+09
1.591705634716903925e+09
1.591705634985488892e+09
1.591705635238760948e+09
1.591705635498959064e+09
1.591705635751210928e+09
1.591705635999954939e+09
1.591705636298149109e+09
1.591705636551794052e+09
1.591705636802525043e+09
1.591705637058748960e+09
1.591705637307748079e+09
1.591705637564631939e+09
1.591705637820297956e+09
1.591705638072366953e+09
1.591705638327574968e+09
1.591705638580661058e+09
1.591705638843094110e+09
1.591705639093761921e+09
1.591705639383038998e+09
1.591705639644614935e+09
1.591705639904613018e+09
1.591705640160120964e+09
1.591705640428837061e+09
1.591705640683101892e+09
1.591705652025432110e+09
1.591705652293122053e+09
1.591705652554032087e+09
1.591705652812216997e+09
1.591705653067956924e+09
1.591705653328881025e+09
1.591705653594532967e+09
1.591705653852219105e+09
1.591705654111459970e+09
1.591705654404813051e+09
1.591705654663394928e+09
1.591705654922816992e+09
1.591705655182951927e+09
1.591705655448856115e+09
1.591705655711554050e+09
1.591705655970309019e+09
1.591705656226111889e+09
1.591705656487807989e+09
1.591705656747186899e+09
1.591705657097470045e+09
1.591705657392669916e+09
1.591705657656483889e+09
1.591705657917522907e+09
1.591705658185817957e+09
1.591705658450408936e+09
1.591705658720997095e+09
1.591705658977161884e+09
1.591705659237930059e+09
1.591705659500576973e+09
1.591705659762569904e+09
1.591705660021877050e+09
1.591705660284784079e+09
1.591705660551392078e+09
1.591705660811736107e+09
1.591705661074491024e+09
1.591705661334691048e+09
1.591705661596690893e+09
1.591705661862046003e+09
1.591705662263358116e+09
1.591705662526413918e+09
1.591705662787110090e+09
1.591705663043864965e+09
1.591705663304653883e+09
1.591705663568684101e+09
1.591705663828726053e+09
1.591705664093410969e+09
1.591705664380467892e+09
1.591705664645756960e+09
1.591705664910212994e+09
1.591705665173012972e+09
1.591705665438266039e+09
1.591705665697160006e+09
1.591705665961823940e+09
1.591705666218638897e+09
1.591705666486063957e+09
1.591705666749749899e+09
1.591705667021430969e+09
1.591705667288701057e+09
1.591705667558255911e+09
1.591705667821666956e+09
1.591705668085767031e+09
1.591705668350064039e+09
1.591705668618263960e+09
1.591705668884717941e+09
1.591705669147337914e+09
1.591705669440148115e+09
1.591705669699971914e+09
1.591705669964355946e+09
1.591705670231882095e+09
1.591705670495562077e+09
1.591705670759939909e+09
1.591705671023049116e+09
1.591705671287425041e+09
1.591705671562266111e+09
1.591705682997968912e+09
1.591705683269769907e+09
1.591705683536005020e+09
1.591705683801441908e+09
1.591705684069561958e+09
1.591705684336257935e+09
1.591705684604640961e+09
1.591705684879054070e+09
1.591705685147263050e+09
1.591705685446868896e+09
1.591705685718704939e+09
1.591705685981926918e+09
1.591705686257858038e+09
1.591705686527264118e+09
1.591705686795587063e+09
1.591705687078049898e+09
1.591705687358474016e+09
1.591705687634998083e+09
1.591705687900418043e+09
1.591705688180023909e+09
1.591705688450814962e+09
1.591705688727128983e+09
1.591705688995835066e+09
1.591705689271408081e+09
1.591705689551259995e+09
1.591705689824213982e+09
1.591705690100229979e+09
1.591705690418911934e+09
1.591705690690062046e+09
1.591705690960583925e+09
1.591705691233055115e+09
1.591705691508164883e+09
1.591705691782830954e+09
1.591705692052192926e+09
1.591705692324654102e+09
1.591705692601340055e+09
1.591705693021414042e+09
1.591705693295866013e+09
1.591705693573359013e+09
1.591705693848891973e+09
1.591705694120065928e+09
1.591705694432526112e+09
1.591705694701971054e+09
1.591705694974898100e+09
1.591705695251528978e+09
1.591705695537928104e+09
1.591705695809489965e+09
1.591705696089828968e+09
1.591705696394879103e+09
1.591705696670183897e+09
1.591705696948708057e+09
1.591705697220374107e+09
1.591705697496942997e+09
1.591705697769511938e+09
1.591705698039134026e+09
1.591705698314062119e+09
1.591705698594624996e+09
1.591705698872786999e+09
1.591705699146322966e+09
1.591705699452485085e+09
1.591705699733298063e+09
1.591705700011593103e+09
1.591705700289799929e+09
1.591705700566014051e+09
1.591705700840236902e+09
1.591705701123600006e+09
1.591705701436253071e+09
1.591705701718921900e+09
1.591705701992650032e+09
1.591705702266942978e+09
1.591705702546471119e+09
1.591705713768130064e+09
1.591705714048667908e+09
1.591705714320764065e+09
1.591705714601952076e+09
1.591705714881047010e+09
1.591705715154298067e+09
1.591705715445090055e+09
1.591705715722565889e+09
1.591705716002182007e+09
1.591705716283014059e+09
1.591705716567426920e+09
1.591705716845277071e+09
1.591705717118989944e+09
1.591705717434119940e+09
1.591705717712090969e+09
1.591705717991389990e+09
1.591705718268872976e+09
1.591705718691147089e+09
1.591705718968930960e+09
1.591705719253010035e+09
1.591705719527606964e+09
1.591705719802690983e+09
1.591705720076702118e+09
1.591705720357464075e+09
1.591705720637084961e+09
1.591705720910310030e+09
1.591705721191376925e+09
1.591705721478981972e+09
1.591705721757143974e+09
1.591705722046735048e+09
1.591705722322937012e+09
1.591705722604716063e+09
1.591705722882989883e+09
1.591705723159259081e+09
1.591705723455497980e+09
1.591705723734572887e+09
1.591705724011373997e+09
1.591705724291887999e+09
1.591705724583770990e+09
1.591705724862601995e+09
1.591705725142956018e+09
1.591705725448812008e+09
1.591705725732583046e+09
1.591705726024775982e+09
1.591705726307888985e+09
1.591705726593878031e+09
1.591705726881757975e+09
1.591705727161703110e+09
1.591705727453560114e+09
1.591705727736476898e+09
1.591705728015127897e+09
1.591705728299530029e+09
1.591705728720777035e+09
1.591705729001679897e+09
1.591705729286187887e+09
1.591705729574693918e+09
1.591705729857918978e+09
1.591705730138973951e+09
1.591705730450714111e+09
1.591705730730201006e+09
1.591705731020468950e+09
1.591705731304212093e+09
1.591705731598890066e+09
1.591705731886925936e+09
1.591705732174415112e+09
1.591705732463749886e+09
1.591705732747826099e+09
1.591705733040097952e+09
1.591705733323191881e+09
1.591705744939630032e+09
1.591705745224324942e+09
1.591705745509952068e+09
1.591705745798892021e+09
1.591705746089303017e+09
1.591705746413501978e+09
1.591705746699266911e+09
1.591705746993122101e+09
1.591705747277136087e+09
1.591705747570097923e+09
1.591705747858577967e+09
1.591705748143158913e+09
1.591705748460072994e+09
1.591705748881371975e+09
1.591705749173438072e+09
1.591705749470503092e+09
1.591705749766031027e+09
1.591705750064357996e+09
1.591705750374003887e+09
1.591705750674067974e+09
1.591705750971043110e+09
1.591705751257062912e+09
1.591705751546324968e+09
1.591705751836986065e+09
1.591705752137469053e+09
1.591705752474946976e+09
1.591705752770015955e+09
1.591705753071367025e+09
1.591705753369378090e+09
1.591705753696346045e+09
1.591705753996495008e+09
1.591705754288885117e+09
1.591705754588382006e+09
1.591705754883470058e+09
1.591705755178908110e+09
1.591705755484321117e+09
1.591705755777204990e+09
1.591705756074007034e+09
1.591705756374150038e+09
1.591705756676726103e+09
1.591705756974188089e+09
1.591705757269504070e+09
1.591705757575062990e+09
1.591705757873908043e+09
1.591705758172100067e+09
1.591705758467808962e+09
1.591705758883315086e+09
1.591705759178838968e+09
1.591705759486363888e+09
1.591705759783411980e+09
1.591705760076538086e+09
1.591705760375479937e+09
1.591705760683374882e+09
1.591705760973313093e+09
1.591705761270529985e+09
1.591705761571384907e+09
1.591705761862519979e+09
1.591705762154766083e+09
1.591705762463594913e+09
1.591705762763921976e+09
1.591705763067270041e+09
1.591705763362015963e+09
1.591705763670074940e+09
1.591705763961731911e+09
1.591705764263457060e+09
1.591705764554789066e+09
1.591705775907716036e+09
1.591705776220026016e+09
1.591705776527391911e+09
1.591705776824955940e+09
1.591705777120904922e+09
1.591705777463526964e+09
1.591705777763024092e+09
1.591705778064956903e+09
1.591705778370194912e+09
1.591705778678148985e+09
1.591705779123714924e+09
1.591705779459769964e+09
1.591705779766505957e+09
1.591705780069288015e+09
1.591705780375433922e+09
1.591705780681078911e+09
1.591705780981215000e+09
1.591705781293008089e+09
1.591705781599297047e+09
1.591705781905083895e+09
1.591705782205713987e+09
1.591705782509018898e+09
1.591705782808433056e+09
1.591705783108114958e+09
1.591705783456566095e+09
1.591705783754156113e+09
1.591705784194278955e+09
1.591705784497306108e+09
1.591705784797841072e+09
1.591705785097870111e+09
1.591705785433367014e+09
1.591705785739547014e+09
1.591705786042998075e+09
1.591705786342405081e+09
1.591705786647994995e+09
1.591705786942313910e+09
1.591705787242388010e+09
1.591705787549154043e+09
1.591705787852030993e+09
1.591705788152714014e+09
1.591705788469304085e+09
1.591705788764581919e+09
1.591705789207226992e+09
1.591705789511889935e+09
1.591705789812423944e+09
1.591705790107930899e+09
1.591705790448105097e+09
1.591705790747317076e+09
1.591705791044874907e+09
1.591705791349875927e+09
1.591705791656250000e+09
1.591705791954742908e+09
1.591705792256346941e+09
1.591705792564811945e+09
1.591705792866066933e+09
1.591705793164588928e+09
1.591705793477607965e+09
1.591705793786472082e+09
1.591705794237709999e+09
1.591705794541964054e+09
1.591705794847961903e+09
1.591705795150753021e+09
1.591705795478537083e+09
1.591705806679845095e+09
1.591705806985882998e+09
1.591705807289380074e+09
1.591705807605849981e+09
1.591705807915093899e+09
1.591705808225883007e+09
1.591705808538502932e+09
1.591705808854897022e+09
1.591705809276916027e+09
1.591705809588386059e+09
1.591705809896430969e+09
1.591705810208246946e+09
1.591705810520019054e+09
1.591705810829248905e+09
1.591705811134066105e+09
1.591705811493998051e+09
1.591705811802160025e+09
1.591705812117049932e+09
1.591705812467030048e+09
1.591705812776205063e+09
1.591705813086491108e+09
1.591705813425483942e+09
1.591705813746099949e+09
1.591705814053220987e+09
1.591705814370614052e+09
1.591705814685230970e+09
1.591705814993550062e+09
1.591705815311213970e+09
1.591705815630945921e+09
1.591705815947822094e+09
1.591705816255083084e+09
1.591705816575150967e+09
1.591705816885479927e+09
1.591705817193893909e+09
1.591705817510961056e+09
1.591705817830246925e+09
1.591705818141544104e+09
1.591705818481342077e+09
1.591705818791410923e+09
1.591705819099075079e+09
1.591705819442755938e+09
1.591705819754549026e+09
1.591705820067675114e+09
1.591705820380296946e+09
1.591705820693870068e+09
1.591705821003721952e+09
1.591705821312803984e+09
1.591705821634093046e+09
1.591705821945579052e+09
1.591705822265795946e+09
1.591705822584410906e+09
1.591705822896476030e+09
1.591705823221527100e+09
1.591705823538470984e+09
1.591705823862884998e+09
1.591705824174127102e+09
1.591705824489584923e+09
1.591705824807521105e+09
1.591705825129715919e+09
1.591705825482554913e+09
1.591705825796896935e+09
1.591705826117111921e+09
1.591705826472079039e+09
1.591705837850991011e+09
1.591705838169797897e+09
1.591705838491617918e+09
1.591705838811959982e+09
1.591705839133881092e+09
1.591705839488862038e+09
1.591705839804291964e+09
1.591705840122663021e+09
1.591705840473031044e+09
1.591705840791119099e+09
1.591705841114017963e+09
1.591705841472455025e+09
1.591705841787609100e+09
1.591705842107201099e+09
1.591705842462460995e+09
1.591705842782507896e+09
1.591705843097410917e+09
1.591705843454051971e+09
1.591705843778633118e+09
1.591705844092844009e+09
1.591705844447063923e+09
1.591705844765650988e+09
1.591705845150441885e+09
1.591705845491101027e+09
1.591705845825093985e+09
1.591705846148658037e+09
1.591705846497606993e+09
1.591705846827662945e+09
1.591705847155457020e+09
1.591705847493330956e+09
1.591705847820213079e+09
1.591705848158263922e+09
1.591705848499583960e+09
1.591705848826766968e+09
1.591705849151052952e+09
1.591705849493505955e+09
1.591705849821419001e+09
1.591705850293045998e+09
1.591705850617171049e+09
1.591705850944133043e+09
1.591705851275821924e+09
1.591705851600285053e+09
1.591705851924118042e+09
1.591705852250314951e+09
1.591705852581124067e+09
1.591705852909168959e+09
1.591705853240998030e+09
1.591705853569768906e+09
1.591705853900511026e+09
1.591705854225097895e+09
1.591705854556984901e+09
1.591705854882852077e+09
1.591705855354932070e+09
1.591705855685009956e+09
1.591705856014573097e+09
1.591705856339684010e+09
1.591705856668840885e+09
1.591705857002043009e+09
1.591705857332556009e+09
1.591705868824291945e+09
1.591705869150047064e+09
1.591705869496134996e+09
1.591705869819861889e+09
1.591705870147383928e+09
1.591705870504379034e+09
1.591705870838052988e+09
1.591705871166587114e+09
1.591705871505000114e+09
1.591705871836644888e+09
1.591705872170835972e+09
1.591705872502777100e+09
1.591705872834769011e+09
1.591705873157469034e+09
1.591705873495452881e+09
1.591705873827594042e+09
1.591705874162149906e+09
1.591705874496489048e+09
1.591705874826435089e+09
1.591705875163434029e+09
1.591705875496598959e+09
1.591705875888987064e+09
1.591705876215444088e+09
1.591705876544823885e+09
1.591705876875400066e+09
1.591705877198857069e+09
1.591705877537615061e+09
1.591705877873033047e+09
1.591705878213083982e+09
1.591705878543400049e+09
1.591705878877815962e+09
1.591705879213952065e+09
1.591705879550009966e+09
1.591705879885572910e+09
1.591705880225907087e+09
1.591705880562233925e+09
1.591705881036169052e+09
1.591705881366872072e+09
1.591705881706645012e+09
1.591705882042278051e+09
1.591705882377187967e+09
1.591705882707067013e+09
1.591705883043651104e+09
1.591705883379085064e+09
1.591705883714864016e+09
1.591705884044682026e+09
1.591705884376185894e+09
1.591705884717995882e+09
1.591705885048182011e+09
1.591705885383789062e+09
1.591705885719654083e+09
1.591705886063117981e+09
1.591705886395260096e+09
1.591705886730427980e+09
1.591705887073142052e+09
1.591705887409298897e+09
1.591705887748222113e+09
1.591705888083523035e+09
1.591705888446814060e+09
1.591705899994044065e+09
1.591705900335905075e+09
1.591705900671987057e+09
1.591705901008429050e+09
1.591705901454092979e+09
1.591705901799007893e+09
1.591705902137356997e+09
1.591705902509361982e+09
1.591705902847826004e+09
1.591705903183825016e+09
1.591705903526902914e+09
1.591705903866416931e+09
1.591705904201788902e+09
1.591705904549942970e+09
1.591705904886596918e+09
1.591705905218550920e+09
1.591705905567476988e+09
1.591705905906467915e+09
1.591705906240982056e+09
1.591705906584469080e+09
1.591705906920335054e+09
1.591705907264712095e+09
1.591705907605206013e+09
1.591705907947839975e+09
1.591705908280168056e+09
1.591705908624955893e+09
1.591705908966165066e+09
1.591705909301670074e+09
1.591705909647840023e+09
1.591705909981612921e+09
1.591705910324909925e+09
1.591705910672410965e+09
1.591705911006011009e+09
1.591705911418144941e+09
1.591705911760806084e+09
1.591705912100791931e+09
1.591705912478065968e+09
1.591705912819143057e+09
1.591705913164834023e+09
1.591705913515584946e+09
1.591705913850610971e+09
1.591705914190773964e+09
1.591705914535006046e+09
1.591705914884186983e+09
1.591705915218750954e+09
1.591705915555967093e+09
1.591705915895554066e+09
1.591705916371762991e+09
1.591705916725248098e+09
1.591705917078739882e+09
1.591705917453883886e+09
1.591705917796251059e+09
1.591705918133982897e+09
1.591705918512542963e+09
1.591705918853230953e+09
1.591705919202533007e+09
1.591705919549964905e+09
1.591705930961042881e+09
1.591705931297491074e+09
1.591705931786621094e+09
1.591705932129709959e+09
1.591705932504391909e+09
1.591705932844052076e+09
1.591705933189557076e+09
1.591705933533591032e+09
1.591705933872826099e+09
1.591705934219111919e+09
1.591705934566113949e+09
1.591705934917314053e+09
1.591705935258408070e+09
1.591705935607656956e+09
1.591705935955250025e+09
1.591705936304523945e+09
1.591705936799108982e+09
1.591705937145174980e+09
1.591705937512454987e+09
1.591705937869119883e+09
1.591705938225514889e+09
1.591705938586282969e+09
1.591705938942691088e+09
1.591705939298722029e+09
1.591705939655884981e+09
1.591705940025305033e+09
1.591705940378528118e+09
1.591705940735971928e+09
1.591705941084681988e+09
1.591705941472029924e+09
1.591705941827235937e+09
1.591705942184340000e+09
1.591705942545902967e+09
1.591705942895617008e+09
1.591705943251799107e+09
1.591705943606663942e+09
1.591705943964350939e+09
1.591705944319688082e+09
1.591705944675437927e+09
1.591705945031507969e+09
1.591705945393877029e+09
1.591705945748507977e+09
1.591705946105812073e+09
1.591705946612935066e+09
1.591705946966023922e+09
1.591705947327655077e+09
1.591705947683661938e+09
1.591705948035614014e+09
1.591705948385437965e+09
1.591705948745637894e+09
1.591705949097152948e+09
1.591705949484967947e+09
1.591705949840883970e+09
1.591705950194772005e+09
1.591705950552866936e+09
1.591705961935595036e+09
1.591705962409615040e+09
1.591705962764569044e+09
1.591705963120888948e+09
1.591705963509382010e+09
1.591705963875125885e+09
1.591705964234605074e+09
1.591705964599390984e+09
1.591705964948860884e+09
1.591705965308841944e+09
1.591705965667038918e+09
1.591705966023011923e+09
1.591705966378971100e+09
1.591705966737816095e+09
1.591705967103694916e+09
1.591705967521112919e+09
1.591705967876297951e+09
1.591705968244021893e+09
1.591705968603226900e+09
1.591705968956460953e+09
1.591705969317825079e+09
1.591705969684753895e+09
1.591705970040499926e+09
1.591705970396157026e+09
1.591705970767509937e+09
1.591705971124469995e+09
1.591705971518692017e+09
1.591705971886221886e+09
1.591705972244824886e+09
1.591705972663249969e+09
1.591705973025765896e+09
1.591705973384974957e+09
1.591705973747469902e+09
1.591705974109411001e+09
1.591705974502616882e+09
1.591705974861006021e+09
1.591705975217967987e+09
1.591705975581104040e+09
1.591705975942792892e+09
1.591705976303858042e+09
1.591705976665621996e+09
1.591705977027081013e+09
1.591705977502847910e+09
1.591705977867135048e+09
1.591705978235646963e+09
1.591705978597198963e+09
1.591705978961133003e+09
1.591705979323930979e+09
1.591705979689368010e+09
1.591705980049619913e+09
1.591705980413238049e+09
1.591705980775115967e+09
1.591705981140120029e+09
1.591705981536159039e+09
1.591705993117594004e+09
1.591705993512537956e+09
1.591705993878134012e+09
1.591705994240581989e+09
1.591705994609714985e+09
1.591705994974288940e+09
1.591705995334758043e+09
1.591705995701006889e+09
1.591705996060965061e+09
1.591705996427953959e+09
1.591705996787372112e+09
1.591705997158252954e+09
1.591705997536720037e+09
1.591705997903377056e+09
1.591705998352379084e+09
1.591705998718571901e+09
1.591705999087250948e+09
1.591705999452711105e+09
1.591705999824783087e+09
1.591706000190686941e+09
1.591706000561826944e+09
1.591706000928978920e+09
1.591706001294286966e+09
1.591706001665646076e+09
1.591706002040864944e+09
1.591706002408207893e+09
1.591706002782876968e+09
1.591706003291801929e+09
1.591706003662659883e+09
1.591706004029685020e+09
1.591706004399123907e+09
1.591706004768352032e+09
1.591706005132493973e+09
1.591706005538348913e+09
1.591706005911575079e+09
1.591706006275346994e+09
1.591706006647416115e+09
1.591706007019895077e+09
1.591706007388020992e+09
1.591706007760647058e+09
1.591706008132464886e+09
1.591706008559022903e+09
1.591706008927030087e+09
1.591706009295234919e+09
1.591706009670597076e+09
1.591706010036163092e+09
1.591706010404270887e+09
1.591706010772298098e+09
1.591706011145396948e+09
1.591706011549900055e+09
1.591706011926805973e+09
1.591706012294698954e+09
1.591706012672095060e+09
1.591706024274878979e+09
1.591706024653745890e+09
1.591706025022769928e+09
1.591706025396733046e+09
1.591706025765285969e+09
1.591706026130177975e+09
1.591706026527779102e+09
1.591706026899563074e+09
1.591706027267910004e+09
1.591706027642657042e+09
1.591706028009197950e+09
1.591706028383147001e+09
1.591706028762449026e+09
1.591706029139674902e+09
1.591706029540561914e+09
1.591706029908057928e+09
1.591706030279259920e+09
1.591706030651815891e+09
1.591706031016674995e+09
1.591706031384387016e+09
1.591706031756731033e+09
1.591706032132841110e+09
1.591706032541949987e+09
1.591706032913908005e+09
1.591706033296334028e+09
1.591706033670366049e+09
1.591706034183521032e+09
1.591706034563365936e+09
1.591706034938532114e+09
1.591706035319598913e+09
1.591706035695746899e+09
1.591706036075514078e+09
1.591706036450884104e+09
1.591706036831711054e+09
1.591706037214426994e+09
1.591706037589322090e+09
1.591706037963447094e+09
1.591706038333784103e+09
1.591706038713334084e+09
1.591706039228796959e+09
1.591706039603360891e+09
1.591706039975052118e+09
1.591706040352121115e+09
1.591706040728385925e+09
1.591706041098141909e+09
1.591706041500668049e+09
1.591706041875134945e+09
1.591706042245136976e+09
1.591706042617296934e+09
1.591706042994628906e+09
1.591706043378613949e+09
1.591706043763067007e+09
1.591706055242770910e+09
1.591706055622489929e+09
1.591706055995805979e+09
1.591706056371917009e+09
1.591706056752367973e+09
1.591706057128458023e+09
1.591706057536748886e+09
1.591706057915298939e+09
1.591706058288526058e+09
1.591706058669302940e+09
1.591706059043880939e+09
1.591706059529242992e+09
1.591706059923691034e+09
1.591706060305680990e+09
1.591706060686028957e+09
1.591706061071037054e+09
1.591706061451411963e+09
1.591706061828795910e+09
1.591706062204555035e+09
1.591706062588665962e+09
1.591706062970381975e+09
1.591706063347213030e+09
1.591706063733366013e+09
1.591706064116388083e+09
1.591706064524444103e+09
1.591706064902821064e+09
1.591706065281884909e+09
1.591706065668797016e+09
1.591706066061333895e+09
1.591706066440448046e+09
1.591706066822619915e+09
1.591706067209115028e+09
1.591706067594146013e+09
1.591706067977576971e+09
1.591706068364161015e+09
1.591706068754290104e+09
1.591706069135478020e+09
1.591706069686547041e+09
1.591706070069200993e+09
1.591706070456051111e+09
1.591706070840745926e+09
1.591706071217061043e+09
1.591706071596209049e+09
1.591706071988570929e+09
1.591706072373159885e+09
1.591706072760761023e+09
1.591706073148719072e+09
1.591706073559163094e+09
1.591706073946090937e+09
1.591706074330128908e+09
1.591706074794756889e+09
1.591706086413387060e+09
1.591706086802839041e+09
1.591706087190957069e+09
1.591706087591381073e+09
1.591706087983592033e+09
1.591706088386965036e+09
1.591706088782110929e+09
1.591706089163593054e+09
1.591706089553405046e+09
1.591706089943485022e+09
1.591706090451778889e+09
1.591706090843435049e+09
1.591706091223799944e+09
1.591706091610541105e+09
1.591706091993294954e+09
1.591706092381584883e+09
1.591706092768335104e+09
1.591706093159434080e+09
1.591706093555157900e+09
1.591706093939425945e+09
1.591706094327049971e+09
1.591706094713004112e+09
1.591706095098519087e+09
1.591706095542381048e+09
1.591706095927553892e+09
1.591706096310952902e+09
1.591706096701111078e+09
1.591706097090711117e+09
1.591706097513200998e+09
1.591706097898760080e+09
1.591706098292643070e+09
1.591706098684966087e+09
1.591706099075047016e+09
1.591706099470962048e+09
1.591706099859113932e+09
1.591706100365156889e+09
1.591706100754913092e+09
1.591706101140261889e+09
1.591706101564165115e+09
1.591706101955390930e+09
1.591706102341519117e+09
1.591706102734333038e+09
1.591706103120974064e+09
1.591706103548422098e+09
1.591706103934408903e+09
1.591706104326920986e+09
1.591706104724278927e+09
1.591706105111299992e+09
1.591706105677016973e+09
1.591706117176857948e+09
1.591706117569664955e+09
1.591706117958317041e+09
1.591706118358186007e+09
1.591706118752115011e+09
1.591706119144273043e+09
1.591706119567387104e+09
1.591706119963016033e+09
1.591706120353756905e+09
1.591706120754926920e+09
1.591706121282550097e+09
1.591706121680080891e+09
1.591706122077775002e+09
1.591706122470247030e+09
1.591706122862260103e+09
1.591706123257056952e+09
1.591706123665131092e+09
1.591706124066493988e+09
1.591706124464503050e+09
1.591706124869276047e+09
1.591706125274912119e+09
1.591706125683882952e+09
1.591706126191529989e+09
1.591706126597217083e+09
1.591706126996813059e+09
1.591706127401310921e+09
1.591706127805784941e+09
1.591706128206803083e+09
1.591706128614989996e+09
1.591706129013571024e+09
1.591706129414083958e+09
1.591706129817751884e+09
1.591706130222724915e+09
1.591706130623168945e+09
1.591706131086699963e+09
1.591706131486258030e+09
1.591706131892263889e+09
1.591706132296318054e+09
1.591706132704551935e+09
1.591706133106060982e+09
1.591706133546753883e+09
1.591706133954966068e+09
1.591706134357604980e+09
1.591706134765855074e+09
1.591706135171001911e+09
1.591706135584525108e+09
1.591706135988708973e+09
1.591706136399283886e+09
1.591706136815058947e+09
1.591706148349814892e+09
1.591706148750382900e+09
1.591706149154764891e+09
1.591706149571002960e+09
1.591706149965030909e+09
1.591706150369257927e+09
1.591706150768284082e+09
1.591706151174732924e+09
1.591706151568414927e+09
1.591706151960266113e+09
1.591706152360130072e+09
1.591706152761133909e+09
1.591706153161062956e+09
1.591706153569437981e+09
1.591706153967226982e+09
1.591706154366384029e+09
1.591706154768202066e+09
1.591706155171492100e+09
1.591706155579483986e+09
1.591706155981270075e+09
1.591706156523899078e+09
1.591706156924552917e+09
1.591706157328052998e+09
1.591706157733788013e+09
1.591706158139272928e+09
1.591706158572473049e+09
1.591706158969808102e+09
1.591706159371701002e+09
1.591706159774430990e+09
1.591706160176193953e+09
1.591706160584131956e+09
1.591706160980019093e+09
1.591706161527090073e+09
1.591706161928268909e+09
1.591706162327114105e+09
1.591706162735976934e+09
1.591706163141066074e+09
1.591706163584827900e+09
1.591706163990005016e+09
1.591706164392072916e+09
1.591706164792268038e+09
1.591706165196175098e+09
1.591706165605026007e+09
1.591706166021877050e+09
1.591706166566943884e+09
1.591706166974028111e+09
1.591706167376463890e+09
1.591706167781522989e+09
1.591706179311750889e+09
1.591706179718306065e+09
1.591706180132725954e+09
1.591706180575026989e+09
1.591706180976233006e+09
1.591706181379854918e+09
1.591706181904009104e+09
1.591706182306545019e+09
1.591706182711954117e+09
1.591706183117403984e+09
1.591706183555058956e+09
1.591706183961476088e+09
1.591706184371692896e+09
1.591706184777307034e+09
1.591706185192590952e+09
1.591706185614063025e+09
1.591706186015949011e+09
1.591706186417932987e+09
1.591706186938569069e+09
1.591706187344940901e+09
1.591706187751163960e+09
1.591706188163784027e+09
1.591706188578043938e+09
1.591706188989214897e+09
1.591706189400765896e+09
1.591706189811482906e+09
1.591706190221437931e+09
1.591706190633415937e+09
1.591706191043386936e+09
1.591706191450342894e+09
1.591706191979196072e+09
1.591706192393023014e+09
1.591706192813277006e+09
1.591706193234196901e+09
1.591706193652751923e+09
1.591706194069371939e+09
1.591706194485054016e+09
1.591706194903398991e+09
1.591706195312726974e+09
1.591706195727199078e+09
1.591706196139699936e+09
1.591706196582963943e+09
1.591706196995878935e+09
1.591706197409837008e+09
1.591706197826658010e+09
1.591706198243540049e+09
1.591706198657721043e+09
1.591706210083030939e+09
1.591706210534754038e+09
1.591706210945759058e+09
1.591706211359309912e+09
1.591706211770953894e+09
1.591706212183867931e+09
1.591706212596956015e+09
1.591706213011770964e+09
1.591706213420381069e+09
1.591706213835187912e+09
1.591706214246038914e+09
1.591706214659657001e+09
1.591706215078376055e+09
1.591706215519206047e+09
1.591706215935256004e+09
1.591706216351982117e+09
1.591706216768424034e+09
1.591706217184060097e+09
1.591706217597413063e+09
1.591706218012597084e+09
1.591706218428437948e+09
1.591706218840179920e+09
1.591706219252579927e+09
1.591706219671255112e+09
1.591706220088063002e+09
1.591706220524877071e+09
1.591706220945046902e+09
1.591706221361507893e+09
1.591706221773091078e+09
1.591706222192549944e+09
1.591706222721555948e+09
1.591706223133304119e+09
1.591706223590611935e+09
1.591706224008611917e+09
1.591706224425870895e+09
1.591706224850363016e+09
1.591706225261982918e+09
1.591706225681243896e+09
1.591706226098237038e+09
1.591706226546267033e+09
1.591706226958519936e+09
1.591706227376262903e+09
1.591706227863874912e+09
1.591706228279473066e+09
1.591706228698518038e+09
1.591706229115669966e+09
1.591706229567795992e+09
1.591706241049966097e+09
1.591706241465224028e+09
1.591706241893663883e+09
1.591706242314435005e+09
1.591706242745507956e+09
1.591706243172266960e+09
1.591706243642803907e+09
1.591706244066962004e+09
1.591706244492939949e+09
1.591706244918942928e+09
1.591706245344084978e+09
1.591706245766891956e+09
1.591706246195538998e+09
1.591706246618813038e+09
1.591706247048958063e+09
1.591706247464288950e+09
1.591706247889210939e+09
1.591706248420228958e+09
1.591706248853169918e+09
1.591706249281573057e+09
1.591706249714096069e+09
1.591706250136820078e+09
1.591706250590755939e+09
1.591706251016905069e+09
1.591706251451071978e+09
1.591706251870270967e+09
1.591706252295809031e+09
1.591706252722475052e+09
1.591706253151294947e+09
1.591706253702621937e+09
1.591706254132491112e+09
1.591706254596818924e+09
1.591706255025475979e+09
1.591706255452467918e+09
1.591706255881426096e+09
1.591706256305115938e+09
1.591706256736006021e+09
1.591706257157780886e+09
1.591706257604084015e+09
1.591706258037336111e+09
1.591706258469017982e+09
1.591706258896653891e+09
1.591706259320255041e+09
1.591706259747937918e+09
1.591706260179842949e+09
1.591706260614311934e+09
1.591706272228873014e+09
1.591706272664211988e+09
1.591706273103488922e+09
1.591706273574167013e+09
1.591706274008044004e+09
1.591706274439158916e+09
1.591706274878078938e+09
1.591706275309267044e+09
1.591706275745490074e+09
1.591706276183727026e+09
1.591706276617703915e+09
1.591706277055558920e+09
1.591706277491164923e+09
1.591706277946986914e+09
1.591706278384943008e+09
1.591706278826426029e+09
1.591706279410902977e+09
1.591706279851219893e+09
1.591706280285541058e+09
1.591706280724730968e+09
1.591706281164954901e+09
1.591706281604963064e+09
1.591706282041690111e+09
1.591706282481354952e+09
1.591706282920845985e+09
1.591706283364685059e+09
1.591706283808698893e+09
1.591706284402280092e+09
1.591706284842869997e+09
1.591706285282578945e+09
1.591706285736824036e+09
1.591706286178060055e+09
1.591706286617928982e+09
1.591706287054933071e+09
1.591706287504014969e+09
1.591706287947808981e+09
1.591706288381711960e+09
1.591706288821027994e+09
1.591706289406394005e+09
1.591706289848810911e+09
1.591706290289439917e+09
1.591706290733952999e+09
1.591706291177628994e+09
1.591706291623595953e+09
1.591706303196487904e+09
1.591706303755490065e+09
1.591706304195842028e+09
1.591706304654983044e+09
1.591706305096740007e+09
1.591706305573899984e+09
1.591706306025223017e+09
1.591706306470141888e+09
1.591706306913577080e+09
1.591706307362504005e+09
1.591706307808562040e+09
1.591706308258922100e+09
1.591706308813570976e+09
1.591706309257853031e+09
1.591706309698596954e+09
1.591706310138865948e+09
1.591706310627701998e+09
1.591706311068531990e+09
1.591706311511277914e+09
1.591706311955800056e+09
1.591706312405395031e+09
1.591706312857881069e+09
1.591706313305866003e+09
1.591706313865394115e+09
1.591706314309206009e+09
1.591706314752897024e+09
1.591706315199492931e+09
1.591706315651840925e+09
1.591706316099112988e+09
1.591706316578660011e+09
1.591706317026417971e+09
1.591706317467910051e+09
1.591706317920530081e+09
1.591706318365974903e+09
1.591706318926681042e+09
1.591706319368061066e+09
1.591706319815291882e+09
1.591706320266546011e+09
1.591706320713753939e+09
1.591706321160789967e+09
1.591706321620321035e+09
1.591706322075027943e+09
1.591706322529103041e+09
1.591706345144032001e+09
1.591706345616219997e+09
1.591706346060697079e+09
1.591706346492614031e+09
1.591706346937453032e+09
1.591706347375231981e+09
1.591706347813167095e+09
1.591706348250809908e+09
1.591706348687798023e+09
1.591706349127177000e+09
1.591706349600836992e+09
1.591706350185231924e+09
1.591706350626606941e+09
1.591706351062778950e+09
1.591706351498514891e+09
1.591706351941833973e+09
1.591706352381807089e+09
1.591706352827379942e+09
1.591706353262211084e+09
1.591706353702773094e+09
1.591706354148113966e+09
1.591706354619921923e+09
1.591706355207079887e+09
1.591706355646353006e+09
1.591706356087423086e+09
1.591706356561098099e+09
1.591706357003420115e+09
1.591706357441440105e+09
1.591706357889758110e+09
1.591706358327644110e+09
1.591706358769651890e+09
1.591706359209619999e+09
1.591706359662007093e+09
1.591706360244750977e+09
1.591706360691402912e+09
1.591706361145379066e+09
1.591706361625747919e+09
1.591706362074862957e+09
1.591706362525144100e+09
1.591706362970534086e+09
1.591706363417484045e+09
1.591706363865226030e+09
1.591706364307631969e+09
1.591706364751935959e+09
1.591706376308435917e+09
1.591706376763148069e+09
1.591706377204207897e+09
1.591706377658644915e+09
1.591706378116270065e+09
1.591706378603266001e+09
1.591706379048751116e+09
1.591706379497669935e+09
1.591706379947372913e+09
1.591706380393290997e+09
1.591706380892932892e+09
1.591706381335208893e+09
1.591706381791637897e+09
1.591706382245310068e+09
1.591706382694044113e+09
1.591706383139494896e+09
1.591706383623094082e+09
1.591706384074759960e+09
1.591706384517838955e+09
1.591706384963246107e+09
1.591706385416733027e+09
1.591706386016757965e+09
1.591706386473387957e+09
1.591706386924961090e+09
1.591706387381664991e+09
1.591706387836949110e+09
1.591706388282830000e+09
1.591706388735934019e+09
1.591706389189508915e+09
1.591706389643781900e+09
1.591706390089019060e+09
1.591706390532155037e+09
1.591706391036043882e+09
1.591706391484030008e+09
1.591706391939448118e+09
1.591706392395697117e+09
1.591706392852276087e+09
1.591706393302134991e+09
1.591706393757324934e+09
1.591706394203725100e+09
1.591706394666193008e+09
1.591706395122603893e+09
1.591706395608091116e+09
1.591706407280498981e+09
1.591706407736325979e+09
1.591706408192831039e+09
1.591706408657599926e+09
1.591706409123477936e+09
1.591706409615149021e+09
1.591706410073580027e+09
1.591706410526977062e+09
1.591706410979829073e+09
1.591706411575505018e+09
1.591706412033591986e+09
1.591706412492762089e+09
1.591706412953622103e+09
1.591706413418637037e+09
1.591706413885199070e+09
1.591706414338864088e+09
1.591706414790924072e+09
1.591706415249591112e+09
1.591706415712188959e+09
1.591706416275801897e+09
1.591706416733395100e+09
1.591706417196055889e+09
1.591706417661988020e+09
1.591706418124660015e+09
1.591706418620985031e+09
1.591706419081958055e+09
1.591706419537081003e+09
1.591706420006982088e+09
1.591706420474412918e+09
1.591706420940150023e+09
1.591706421443356991e+09
1.591706421907814026e+09
1.591706422371125937e+09
1.591706422834933996e+09
1.591706423294624090e+09
1.591706423764653921e+09
1.591706424223368883e+09
1.591706424688627005e+09
1.591706425150420904e+09
1.591706425637677908e+09
1.591706426094835997e+09
1.591706426728247881e+09
1.591706438250253916e+09
1.591706438718400955e+09
1.591706439175767899e+09
1.591706439648914099e+09
1.591706440114538908e+09
1.591706440614650011e+09
1.591706441078843117e+09
1.591706441542387962e+09
1.591706442011436939e+09
1.591706442481867075e+09
1.591706442947000980e+09
1.591706443406218052e+09
1.591706443870527983e+09
1.591706444346506119e+09
1.591706444817552090e+09
1.591706445281280994e+09
1.591706445750722885e+09
1.591706446218453884e+09
1.591706446681849003e+09
1.591706447225532055e+09
1.591706447696597099e+09
1.591706448165077925e+09
1.591706448636270046e+09
1.591706449097804070e+09
1.591706449591403008e+09
1.591706450057084084e+09
1.591706450520082951e+09
1.591706450993068933e+09
1.591706451457011938e+09
1.591706451920578003e+09
1.591706452433960915e+09
1.591706452906037092e+09
1.591706453373780966e+09
1.591706453841768026e+09
1.591706454310971975e+09
1.591706454786720037e+09
1.591706455254530907e+09
1.591706455717643976e+09
1.591706456181323051e+09
1.591706456654107094e+09
1.591706457226803064e+09
1.591706457698474884e+09
1.591706469421552896e+09
1.591706469889799118e+09
1.591706470353266954e+09
1.591706470825514078e+09
1.591706471292224884e+09
1.591706471760977983e+09
1.591706472225469112e+09
1.591706472801887035e+09
1.591706473264851093e+09
1.591706473735990047e+09
1.591706474202804089e+09
1.591706474674474955e+09
1.591706475146857977e+09
1.591706475636233091e+09
1.591706476104335070e+09
1.591706476611620903e+09
1.591706477082559109e+09
1.591706477595205069e+09
1.591706478211411953e+09
1.591706478688895941e+09
1.591706479163558006e+09
1.591706479643742085e+09
1.591706480132641077e+09
1.591706480640666008e+09
1.591706481119846106e+09
1.591706481630033016e+09
1.591706482107232094e+09
1.591706482618016005e+09
1.591706483235878944e+09
1.591706483712856054e+09
1.591706484185772896e+09
1.591706484666163921e+09
1.591706485144212008e+09
1.591706485649929047e+09
1.591706486121501923e+09
1.591706486630045891e+09
1.591706487107403040e+09
1.591706487621840954e+09
1.591706488238388062e+09
1.591706488712677002e+09
1.591706500384850025e+09
1.591706500859884024e+09
1.591706501326765060e+09
1.591706501802680016e+09
1.591706502275229931e+09
1.591706502748613119e+09
1.591706503217437029e+09
1.591706503692121029e+09
1.591706504164872885e+09
1.591706504799272060e+09
1.591706505267668009e+09
1.591706505745821953e+09
1.591706506221652031e+09
1.591706506693485975e+09
1.591706507160851955e+09
1.591706507649050951e+09
1.591706508124609947e+09
1.591706508638202906e+09
1.591706509107599974e+09
1.591706509749589920e+09
1.591706510223315001e+09
1.591706510707452059e+09
1.591706511179394007e+09
1.591706511652347088e+09
1.591706512119203091e+09
1.591706512627568960e+09
1.591706513102416039e+09
1.591706513617522001e+09
1.591706514100261927e+09
1.591706514730606079e+09
1.591706515199609041e+09
1.591706515676129103e+09
1.591706516148483038e+09
1.591706516644834042e+09
1.591706517117682934e+09
1.591706517628209114e+09
1.591706518102294922e+09
1.591706518614772081e+09
1.591706519093511105e+09
1.591706519707572937e+09
1.591706531358732939e+09
1.591706531845580101e+09
1.591706532328844070e+09
1.591706532816956043e+09
1.591706533303203106e+09
1.591706533789160967e+09
1.591706534267340899e+09
1.591706534817358017e+09
1.591706535303870916e+09
1.591706535788710117e+09
1.591706536271702051e+09
1.591706536749145985e+09
1.591706537227541924e+09
1.591706537712939978e+09
1.591706538184526920e+09
1.591706538665091038e+09
1.591706539146048069e+09
1.591706539751914978e+09
1.591706540230587959e+09
1.591706540716034889e+09
1.591706541197650909e+09
1.591706541676579952e+09
1.591706542157804012e+09
1.591706542645124912e+09
1.591706543123298883e+09
1.591706543644664049e+09
1.591706544131211042e+09
1.591706544757687092e+09
1.591706545238898993e+09
1.591706545722469091e+09
1.591706546211358070e+09
1.591706546689910889e+09
1.591706547168062925e+09
1.591706547658545017e+09
1.591706548136331081e+09
1.591706548645956993e+09
1.591706549124291897e+09
1.591706549653877974e+09
1.591706550179815054e+09
1.591706550662333965e+09
1.591706562126831055e+09
1.591706562644857883e+09
1.591706563135675907e+09
1.591706563651473999e+09
1.591706564149955988e+09
1.591706564652205944e+09
1.591706565141324043e+09
1.591706565793916941e+09
1.591706566280672073e+09
1.591706566769314051e+09
1.591706567250256062e+09
1.591706567742302895e+09
1.591706568236227036e+09
1.591706568724538088e+09
1.591706569214363098e+09
1.591706569707968950e+09
1.591706570200881004e+09
1.591706570844559908e+09
1.591706571338848114e+09
1.591706571826782942e+09
1.591706572310741901e+09
1.591706572800940037e+09
1.591706573285876036e+09
1.591706573779263973e+09
1.591706574261596918e+09
1.591706574754753113e+09
1.591706575242393017e+09
1.591706575875046015e+09
1.591706576362385035e+09
1.591706576865003109e+09
1.591706577351006031e+09
1.591706577848345995e+09
1.591706578341901064e+09
1.591706578832187891e+09
1.591706579321017027e+09
1.591706579820926905e+09
1.591706580317449093e+09
1.591706580958436966e+09
1.591706581458093882e+09
1.591706581949291945e+09
1.591706593693914890e+09
1.591706594182241917e+09
1.591706594664706945e+09
1.591706595154227018e+09
1.591706595652244091e+09
1.591706596166085958e+09
1.591706596654273987e+09
1.591706597150837898e+09
1.591706597653278112e+09
1.591706598138705015e+09
1.591706598652977943e+09
1.591706599144440889e+09
1.591706599658740044e+09
1.591706600153697968e+09
1.591706600655977964e+09
1.591706601172053099e+09
1.591706601672756910e+09
1.591706602161170006e+09
1.591706602657758951e+09
1.591706603152504921e+09
1.591706603667522907e+09
1.591706604170558929e+09
1.591706604665411949e+09
1.591706605153604031e+09
1.591706605661564112e+09
1.591706606174863100e+09
1.591706606667093039e+09
1.591706607164758921e+09
1.591706607655491114e+09
1.591706608147325993e+09
1.591706608660401106e+09
1.591706609155714989e+09
1.591706609665817976e+09
1.591706610161149025e+09
1.591706610677170038e+09
1.591706611212409019e+09
1.591706611718427896e+09
1.591706612219986916e+09
1.591706612722374916e+09
1.591706613225760937e+09
1.591706624869915962e+09
1.591706625370367050e+09
1.591706625876184940e+09
1.591706626429496050e+09
1.591706626942292929e+09
1.591706627446835041e+09
1.591706627954859972e+09
1.591706628465913057e+09
1.591706628980915070e+09
1.591706629492328882e+09
1.591706630005214930e+09
1.591706630520848989e+09
1.591706631040226936e+09
1.591706631692461014e+09
1.591706632206145048e+09
1.591706632714534044e+09
1.591706633225204945e+09
1.591706633736974955e+09
1.591706634251741886e+09
1.591706634762332916e+09
1.591706635279581070e+09
1.591706635794637918e+09
1.591706636406333923e+09
1.591706636923604012e+09
1.591706637443109035e+09
1.591706637963445902e+09
1.591706638480597019e+09
1.591706638996195078e+09
1.591706639510586977e+09
1.591706640026989937e+09
1.591706640534358025e+09
1.591706641055555105e+09
1.591706641675494909e+09
1.591706642193969965e+09
1.591706642710791111e+09
1.591706643217252970e+09
1.591706643728404045e+09
1.591706644237225056e+09
1.591706655825066090e+09
1.591706656334103107e+09
1.591706656846719980e+09
1.591706657395850897e+09
1.591706657910449028e+09
1.591706658418536901e+09
1.591706658930521011e+09
1.591706659439107895e+09
1.591706659947199106e+09
1.591706660452959061e+09
1.591706660961472034e+09
1.591706661475951910e+09
1.591706661985649109e+09
1.591706662541184902e+09
1.591706663054704905e+09
1.591706663558733940e+09
1.591706664070987940e+09
1.591706664579693079e+09
1.591706665089119911e+09
1.591706665635601997e+09
1.591706666142426968e+09
1.591706666672049046e+09
1.591706667292876005e+09
1.591706667806663036e+09
1.591706668316903114e+09
1.591706668831787109e+09
1.591706669343686104e+09
1.591706669857568026e+09
1.591706670378372908e+09
1.591706670886375904e+09
1.591706671395488977e+09
1.591706671912339926e+09
1.591706672464365959e+09
1.591706672971549988e+09
1.591706673483742952e+09
1.591706673999281883e+09
1.591706674513242006e+09
1.591706675037667036e+09
1.591706675551161051e+09
1.591706686995862007e+09
1.591706687505491972e+09
1.591706688154493093e+09
1.591706688667749882e+09
1.591706689172272921e+09
1.591706689680753946e+09
1.591706690186183929e+09
1.591706690696825981e+09
1.591706691204193115e+09
1.591706691720271111e+09
1.591706692233583927e+09
1.591706692847387075e+09
1.591706693356714010e+09
1.591706693872220039e+09
1.591706694387476921e+09
1.591706694911952972e+09
1.591706695429160118e+09
1.591706695953954935e+09
1.591706696468544960e+09
1.591706696990168095e+09
1.591706697505094051e+09
1.591706698165582895e+09
1.591706698691159964e+09
1.591706699200294971e+09
1.591706699713668108e+09
1.591706700226609945e+09
1.591706700742955923e+09
1.591706701258373022e+09
1.591706701776185989e+09
1.591706702298865080e+09
1.591706702918445110e+09
1.591706703429709911e+09
1.591706703944725037e+09
1.591706704460700035e+09
1.591706704978184938e+09
1.591706705490220070e+09
1.591706706017847061e+09
1.591706706548199892e+09
1.591706718168030977e+09
1.591706718838344097e+09
1.591706719359747887e+09
1.591706719888933897e+09
1.591706720410732985e+09
1.591706720937056065e+09
1.591706721471338034e+09
1.591706721989036083e+09
1.591706722504596949e+09
1.591706723023628950e+09
1.591706723565018892e+09
1.591706724089688063e+09
1.591706724651437998e+09
1.591706725185367107e+09
1.591706725706712008e+09
1.591706726228760004e+09
1.591706726750355005e+09
1.591706727274461985e+09
1.591706727794356108e+09
1.591706728314919949e+09
1.591706728876851082e+09
1.591706729394077063e+09
1.591706729916475058e+09
1.591706730444961071e+09
1.591706730978365898e+09
1.591706731500832081e+09
1.591706732029531002e+09
1.591706732553587914e+09
1.591706733086050987e+09
1.591706733634293079e+09
1.591706734153327942e+09
1.591706734689527035e+09
1.591706735220264912e+09
1.591706735745094061e+09
1.591706736271509886e+09
1.591706736794946909e+09
1.591706737316519976e+09
1.591706737844665051e+09
1.591706749530735016e+09
1.591706750049221039e+09
1.591706750563903093e+09
1.591706751090066910e+09
1.591706751643606901e+09
1.591706752156992912e+09
1.591706752680028915e+09
1.591706753205940962e+09
1.591706753733081102e+09
1.591706754347743034e+09
1.591706754867017031e+09
1.591706755385664940e+09
1.591706755905158043e+09
1.591706756419703960e+09
1.591706756941675901e+09
1.591706757463505983e+09
1.591706757988549948e+09
1.591706758505579948e+09
1.591706759025583982e+09
1.591706759691447020e+09
1.591706760210463047e+09
1.591706760736392975e+09
1.591706761254949093e+09
1.591706761784235954e+09
1.591706762302068949e+09
1.591706762827194929e+09
1.591706763349023104e+09
1.591706763872605085e+09
1.591706764397952080e+09
1.591706764928497076e+09
1.591706765457243919e+09
1.591706765977879047e+09
1.591706766498764038e+09
1.591706767034127951e+09
1.591706767553841114e+09
1.591706768080440998e+09
1.591706768637687922e+09
1.591706769169250965e+09
1.591706781095762014e+09
1.591706781654720068e+09
1.591706782185988903e+09
1.591706782707865000e+09
1.591706783226645947e+09
1.591706783755064964e+09
1.591706784284457922e+09
1.591706784811158895e+09
1.591706785379081011e+09
1.591706785913203955e+09
1.591706786437010050e+09
1.591706786966245890e+09
1.591706787485582113e+09
1.591706788008445024e+09
1.591706788530098915e+09
1.591706789063280106e+09
1.591706789587256908e+09
1.591706790119119883e+09
1.591706790676064014e+09
1.591706791211986065e+09
1.591706791740286112e+09
1.591706792259280920e+09
1.591706792791793108e+09
1.591706793310231924e+09
1.591706793838825941e+09
1.591706794360409021e+09
1.591706794890403032e+09
1.591706795554053068e+09
1.591706796082829952e+09
1.591706796637387991e+09
1.591706797166624069e+09
1.591706797694802046e+09
1.591706798218801975e+09
1.591706798749944925e+09
1.591706799279524088e+09
1.591706799811820030e+09
1.591706800461860895e+09
1.591706812058664083e+09
1.591706812587178946e+09
1.591706813117562056e+09
1.591706813678740025e+09
1.591706814211683989e+09
1.591706814747479916e+09
1.591706815283190012e+09
1.591706815879627943e+09
1.591706816421713114e+09
1.591706816955151081e+09
1.591706817494817019e+09
1.591706818036264896e+09
1.591706818574743986e+09
1.591706819113948107e+09
1.591706819687195063e+09
1.591706820218180895e+09
1.591706820755229950e+09
1.591706821286784887e+09
1.591706821826252937e+09
1.591706822356316090e+09
1.591706822897439003e+09
1.591706823430228949e+09
1.591706823974523067e+09
1.591706824510622978e+09
1.591706825051815033e+09
1.591706825590627909e+09
1.591706826277124882e+09
1.591706826814944029e+09
1.591706827363081932e+09
1.591706827920552969e+09
1.591706828467586040e+09
1.591706829005125046e+09
1.591706829541212082e+09
1.591706830087335110e+09
1.591706830660038948e+09
1.591706831345489025e+09
1.591706843033934116e+09
1.591706843575670004e+09
1.591706844119164944e+09
1.591706844706979990e+09
1.591706845251996994e+09
1.591706845798667908e+09
1.591706846436971903e+09
1.591706846990355015e+09
1.591706847535959005e+09
1.591706848082741976e+09
1.591706848653956890e+09
1.591706849197757006e+09
1.591706849749907970e+09
1.591706850299287081e+09
1.591706850847223997e+09
1.591706851486368895e+09
1.591706852032900095e+09
1.591706852580177069e+09
1.591706853126214981e+09
1.591706853705245018e+09
1.591706854255517960e+09
1.591706854813718081e+09
1.591706855355381966e+09
1.591706855911473989e+09
1.591706856558367014e+09
1.591706857108258963e+09
1.591706857689893007e+09
1.591706858241724014e+09
1.591706858796066999e+09
1.591706859346160889e+09
1.591706859905802011e+09
1.591706860455620050e+09
1.591706861003897905e+09
1.591706861645890951e+09
1.591706862194536924e+09
1.591706862744092941e+09
1.591706874398504972e+09
1.591706874938803911e+09
1.591706875478876114e+09
1.591706876019922972e+09
1.591706876561937094e+09
1.591706877203682899e+09
1.591706877744688988e+09
1.591706878296993017e+09
1.591706878836041927e+09
1.591706879380407095e+09
1.591706879924379110e+09
1.591706880463300943e+09
1.591706881004244089e+09
1.591706881545608997e+09
1.591706882088104963e+09
1.591706882666743040e+09
1.591706883204478979e+09
1.591706883750230074e+09
1.591706884289216995e+09
1.591706884843605995e+09
1.591706885394623041e+09
1.591706885939800978e+09
1.591706886489622116e+09
1.591706887036927938e+09
1.591706887706643105e+09
1.591706888251421928e+09
1.591706888807189941e+09
1.591706889353060961e+09
1.591706889902101994e+09
1.591706890450265884e+09
1.591706891005506992e+09
1.591706891554544926e+09
1.591706892101886988e+09
1.591706892828541994e+09
1.591706893375900984e+09
1.591706893935290098e+09
1.591706905572078943e+09
1.591706906127681017e+09
1.591706906710244894e+09
1.591706907259042978e+09
1.591706907912980080e+09
1.591706908463973999e+09
1.591706909025109053e+09
1.591706909584284067e+09
1.591706910141207933e+09
1.591706910714782953e+09
1.591706911269654036e+09
1.591706911831597090e+09
1.591706912387758970e+09
1.591706913033144951e+09
1.591706913590502977e+09
1.591706914149873972e+09
1.591706914707082987e+09
1.591706915258563042e+09
1.591706915821938992e+09
1.591706916372023106e+09
1.591706916928139925e+09
1.591706917485397100e+09
1.591706918134076118e+09
1.591706918717714071e+09
1.591706919277960062e+09
1.591706919841167927e+09
1.591706920398704052e+09
1.591706920966200113e+09
1.591706921525002956e+09
1.591706922089415073e+09
1.591706922685797930e+09
1.591706923283272982e+09
1.591706923845704079e+09
1.591706924401772022e+09
1.591706924963088989e+09
1.591706947923085928e+09
1.591706948480386019e+09
1.591706949148989916e+09
1.591706949717101097e+09
1.591706950278346062e+09
1.591706950849901915e+09
1.591706951414468050e+09
1.591706951980345964e+09
1.591706952539298058e+09
1.591706953099131107e+09
1.591706953695436001e+09
1.591706954290793896e+09
1.591706954852299929e+09
1.591706955411053896e+09
1.591706955972127914e+09
1.591706956532350063e+09
1.591706957089411974e+09
1.591706957674552917e+09
1.591706958241777897e+09
1.591706958808157921e+09
1.591706959406924963e+09
1.591706959967365980e+09
1.591706960524460077e+09
1.591706961093285084e+09
1.591706961695661068e+09
1.591706962257101059e+09
1.591706962828994989e+09
1.591706963388925076e+09
1.591706963954642057e+09
1.591706964554703951e+09
1.591706965119991064e+09
1.591706965716120005e+09
1.591706966274960995e+09
1.591706966836462975e+09
1.591706967401648998e+09
1.591706979085354090e+09
1.591706979707137108e+09
1.591706980265887022e+09
1.591706980824841976e+09
1.591706981378962994e+09
1.591706981933893919e+09
1.591706982493103027e+09
1.591706983050710917e+09
1.591706983610311985e+09
1.591706984167927980e+09
1.591706984814202070e+09
1.591706985373476982e+09
1.591706985934654951e+09
1.591706986491338015e+09
1.591706987046560049e+09
1.591706987606466055e+09
1.591706988165329933e+09
1.591706988730125904e+09
1.591706989294570923e+09
1.591706989994836092e+09
1.591706990556459904e+09
1.591706991116137981e+09
1.591706991713473082e+09
1.591706992268692970e+09
1.591706992830954075e+09
1.591706993385854959e+09
1.591706993944730997e+09
1.591706994597270966e+09
1.591706995161886930e+09
1.591706995725120068e+09
1.591706996281770945e+09
1.591706996846903086e+09
1.591706997413270950e+09
1.591706997977984905e+09
1.591706998540455103e+09
