1.469000000000000083e+00
1.469000000000000083e+00
1.469000000000000083e+00
1.469000000000000083e+00
1.469000000000000083e+00
1.469000000000000083e+00
1.469000000000000083e+00
1.469000000000000083e+00
1.469000000000000083e+00
1.469000000000000083e+00
1.469000000000000083e+00
1.469000000000000083e+00
1.469000000000000083e+00
1.469000000000000083e+00
1.469000000000000083e+00
1.469000000000000083e+00
1.469000000000000083e+00
1.469000000000000083e+00
1.469000000000000083e+00
1.469000000000000083e+00
1.469000000000000083e+00
1.469000000000000083e+00
1.469000000000000083e+00
1.469000000000000083e+00
1.469000000000000083e+00
1.469000000000000083e+00
1.469000000000000083e+00
1.469000000000000083e+00
1.469000000000000083e+00
1.469000000000000083e+00
1.469000000000000083e+00
1.469000000000000083e+00
1.469000000000000083e+00
1.469000000000000083e+00
1.469000000000000083e+00
1.469000000000000083e+00
1.469000000000000083e+00
1.469000000000000083e+00
1.469000000000000083e+00
1.469000000000000083e+00
1.469000000000000083e+00
1.469000000000000083e+00
1.469000000000000083e+00
1.469000000000000083e+00
1.469000000000000083e+00
1.469000000000000083e+00
1.469000000000000083e+00
1.469000000000000083e+00
1.469000000000000083e+00
1.469000000000000083e+00
1.469000000000000083e+00
1.469000000000000083e+00
1.469000000000000083e+00
1.469000000000000083e+00
1.469000000000000083e+00
1.469000000000000083e+00
1.469000000000000083e+00
1.469000000000000083e+00
1.469000000000000083e+00
1.469000000000000083e+00
1.469000000000000083e+00
1.469000000000000083e+00
1.469000000000000083e+00
1.469000000000000083e+00
1.469000000000000083e+00
1.469000000000000083e+00
1.469000000000000083e+00
1.469000000000000083e+00
1.469000000000000083e+00
1.469000000000000083e+00
1.469000000000000083e+00
1.469000000000000083e+00
1.469000000000000083e+00
1.469000000000000083e+00
1.469000000000000083e+00
1.469000000000000083e+00
1.469000000000000083e+00
1.469000000000000083e+00
1.469000000000000083e+00
1.469000000000000083e+00
1.469000000000000083e+00
1.469000000000000083e+00
1.469000000000000083e+00
1.467999999999999972e+00
1.467999999999999972e+00
1.467999999999999972e+00
1.467999999999999972e+00
1.467999999999999972e+00
1.467999999999999972e+00
1.467999999999999972e+00
1.467999999999999972e+00
1.467999999999999972e+00
1.467999999999999972e+00
1.467999999999999972e+00
1.467999999999999972e+00
1.467999999999999972e+00
1.467999999999999972e+00
1.467999999999999972e+00
1.467999999999999972e+00
1.467999999999999972e+00
1.469000000000000083e+00
1.493999999999999995e+00
1.493999999999999995e+00
1.493999999999999995e+00
1.493999999999999995e+00
1.493999999999999995e+00
1.493999999999999995e+00
1.493999999999999995e+00
1.493999999999999995e+00
1.493999999999999995e+00
1.493999999999999995e+00
1.493999999999999995e+00
1.493999999999999995e+00
1.493999999999999995e+00
1.493999999999999995e+00
1.493999999999999995e+00
1.493999999999999995e+00
1.493999999999999995e+00
1.493999999999999995e+00
1.493999999999999995e+00
1.493999999999999995e+00
1.493999999999999995e+00
1.493999999999999995e+00
1.493999999999999995e+00
1.493999999999999995e+00
1.493999999999999995e+00
1.493999999999999995e+00
1.493999999999999995e+00
1.493999999999999995e+00
1.493999999999999995e+00
1.493999999999999995e+00
1.493999999999999995e+00
1.493999999999999995e+00
1.493999999999999995e+00
1.493999999999999995e+00
1.493999999999999995e+00
1.493999999999999995e+00
1.493999999999999995e+00
1.493999999999999995e+00
1.493999999999999995e+00
1.493999999999999995e+00
1.493999999999999995e+00
1.493999999999999995e+00
1.493999999999999995e+00
1.493999999999999995e+00
1.493999999999999995e+00
1.493999999999999995e+00
1.493999999999999995e+00
1.493999999999999995e+00
1.493999999999999995e+00
1.493999999999999995e+00
1.493999999999999995e+00
1.493999999999999995e+00
1.493999999999999995e+00
1.493999999999999995e+00
1.493999999999999995e+00
1.493999999999999995e+00
1.493999999999999995e+00
1.493999999999999995e+00
1.493999999999999995e+00
1.493999999999999995e+00
1.493999999999999995e+00
1.493999999999999995e+00
1.493999999999999995e+00
1.493999999999999995e+00
1.493999999999999995e+00
1.493999999999999995e+00
1.493999999999999995e+00
1.493999999999999995e+00
1.493999999999999995e+00
1.493999999999999995e+00
1.493999999999999995e+00
1.493999999999999995e+00
1.493999999999999995e+00
1.495000000000000107e+00
1.495000000000000107e+00
1.495000000000000107e+00
1.495000000000000107e+00
1.495000000000000107e+00
1.495000000000000107e+00
1.495000000000000107e+00
1.495000000000000107e+00
1.495000000000000107e+00
1.495000000000000107e+00
1.495000000000000107e+00
1.495000000000000107e+00
1.495000000000000107e+00
1.495000000000000107e+00
1.495000000000000107e+00
1.495000000000000107e+00
1.495000000000000107e+00
1.495000000000000107e+00
1.495000000000000107e+00
1.495000000000000107e+00
1.495000000000000107e+00
1.495000000000000107e+00
1.495000000000000107e+00
1.495000000000000107e+00
1.495000000000000107e+00
1.495000000000000107e+00
1.495000000000000107e+00
1.495000000000000107e+00
1.495000000000000107e+00
1.495000000000000107e+00
1.495000000000000107e+00
1.495000000000000107e+00
1.495000000000000107e+00
1.495000000000000107e+00
1.495000000000000107e+00
1.495000000000000107e+00
1.495000000000000107e+00
1.495000000000000107e+00
1.495000000000000107e+00
1.495000000000000107e+00
1.495000000000000107e+00
1.495000000000000107e+00
1.495000000000000107e+00
1.495000000000000107e+00
1.495000000000000107e+00
1.495000000000000107e+00
1.495000000000000107e+00
1.495000000000000107e+00
1.495000000000000107e+00
1.495000000000000107e+00
1.493999999999999995e+00
1.493999999999999995e+00
1.493999999999999995e+00
1.493999999999999995e+00
1.493999999999999995e+00
1.493999999999999995e+00
1.493999999999999995e+00
1.493999999999999995e+00
1.493999999999999995e+00
1.493999999999999995e+00
1.493999999999999995e+00
1.493999999999999995e+00
1.493999999999999995e+00
1.493999999999999995e+00
1.493999999999999995e+00
1.493999999999999995e+00
1.493999999999999995e+00
1.493999999999999995e+00
1.493999999999999995e+00
1.493999999999999995e+00
1.493999999999999995e+00
1.493999999999999995e+00
1.493999999999999995e+00
1.493999999999999995e+00
1.493999999999999995e+00
1.493999999999999995e+00
1.495000000000000107e+00
1.522999999999999909e+00
1.522999999999999909e+00
1.522999999999999909e+00
1.522000000000000020e+00
1.522000000000000020e+00
1.520999999999999908e+00
1.520999999999999908e+00
1.520000000000000018e+00
1.520000000000000018e+00
1.520000000000000018e+00
1.518999999999999906e+00
1.518999999999999906e+00
1.518000000000000016e+00
1.518000000000000016e+00
1.518000000000000016e+00
1.518000000000000016e+00
1.518000000000000016e+00
1.518000000000000016e+00
1.518000000000000016e+00
1.518000000000000016e+00
1.518999999999999906e+00
1.518999999999999906e+00
1.518999999999999906e+00
1.518999999999999906e+00
1.520000000000000018e+00
1.520000000000000018e+00
1.520000000000000018e+00
1.520000000000000018e+00
1.520999999999999908e+00
1.520999999999999908e+00
1.520999999999999908e+00
1.520999999999999908e+00
1.522000000000000020e+00
1.522000000000000020e+00
1.522000000000000020e+00
1.522000000000000020e+00
1.522000000000000020e+00
1.522000000000000020e+00
1.522000000000000020e+00
1.522000000000000020e+00
1.522000000000000020e+00
1.522000000000000020e+00
1.522000000000000020e+00
1.522999999999999909e+00
1.522999999999999909e+00
1.522999999999999909e+00
1.522999999999999909e+00
1.522999999999999909e+00
