1.591712337720391035e+09
1.591712337921818018e+09
1.591712338119262934e+09
1.591712338318532944e+09
1.591712338521661043e+09
1.591712338721504927e+09
1.591712338921870947e+09
1.591712339121695995e+09
1.591712339321263075e+09
1.591712339521501064e+09
1.591712339718719959e+09
1.591712339919672012e+09
1.591712340117918015e+09
1.591712340319987059e+09
1.591712340517971992e+09
1.591712340718385935e+09
1.591712340918045998e+09
1.591712341118320942e+09
1.591712341318146944e+09
1.591712341519252062e+09
1.591712341719477892e+09
1.591712341917129040e+09
1.591712342119028091e+09
1.591712342318351984e+09
1.591712342660372019e+09
1.591712342726152897e+09
1.591712342919840097e+09
1.591712343119996071e+09
1.591712343318203926e+09
1.591712343518548965e+09
1.591712343716614008e+09
1.591712343918908119e+09
1.591712344118068933e+09
1.591712344316912889e+09
1.591712344516746998e+09
1.591712344718594074e+09
1.591712344916758060e+09
1.591712345118570089e+09
1.591712345316699028e+09
1.591712345517045021e+09
1.591712345718810081e+09
1.591712345918442965e+09
1.591712346117269039e+09
1.591712346317188978e+09
1.591712346518347025e+09
1.591712346717338085e+09
1.591712346916939974e+09
1.591712347115367889e+09
1.591712347315253019e+09
1.591712347514043093e+09
1.591712347717113972e+09
1.591712347917066097e+09
1.591712348115509033e+09
1.591712348315598965e+09
1.591712348515789032e+09
1.591712348715419054e+09
1.591712348917913914e+09
1.591712349115468025e+09
1.591712349316622972e+09
1.591712349516818047e+09
1.591712349715748072e+09
1.591712349918034077e+09
1.591712350117295980e+09
1.591712350316441059e+09
1.591712350516056061e+09
1.591712350714514971e+09
1.591712350915282965e+09
1.591712351113939047e+09
1.591712351314114094e+09
1.591712351516206026e+09
1.591712351714118004e+09
1.591712351915225029e+09
1.591712352116230011e+09
1.591712352316416979e+09
1.591712352652932882e+09
1.591712352726690054e+09
1.591712352916011095e+09
1.591712353117636919e+09
1.591712353316838026e+09
1.591712353515860081e+09
1.591712353715403080e+09
1.591712353913975000e+09
1.591712354112787962e+09
1.591712354316931963e+09
1.591712354514121056e+09
1.591712354713414907e+09
1.591712354916549921e+09
1.591712355113830090e+09
1.591712355315624952e+09
1.591712355516865969e+09
1.591712355713763952e+09
1.591712355915489912e+09
1.591712356115511894e+09
1.591712356313534021e+09
1.591712356517288923e+09
1.591712356715334892e+09
1.591712356913723946e+09
1.591712357115175962e+09
1.591712357313343048e+09
1.591712357644588947e+09
1.591712357723778963e+09
1.591712357913197041e+09
1.591712358111803055e+09
1.591712358311877966e+09
1.591712358514338970e+09
1.591712358711890936e+09
1.591712358914040089e+09
1.591712359113922119e+09
1.591712359314042091e+09
1.591712359513963938e+09
1.591712359711946964e+09
1.591712359914577007e+09
1.591712360111941099e+09
1.591712360312053919e+09
1.591712360512222052e+09
1.591712360712094069e+09
1.591712360910442114e+09
1.591712361110007048e+09
1.591712361309830904e+09
1.591712361511904955e+09
1.591712361712289095e+09
1.591712361912260056e+09
1.591712362112850904e+09
1.591712362310806036e+09
1.591712362512964964e+09
1.591712362709271908e+09
1.591712362911094904e+09
1.591712363111335039e+09
1.591712363314157963e+09
1.591712363511454105e+09
1.591712363712676048e+09
1.591712363911504984e+09
1.591712364111957073e+09
1.591712364308998108e+09
1.591712364512147903e+09
1.591712364709151983e+09
1.591712364911904097e+09
1.591712365111717939e+09
1.591712365311873913e+09
1.591712365509732008e+09
1.591712365712280035e+09
1.591712365911781073e+09
1.591712366112060070e+09
1.591712366309815884e+09
1.591712366512110949e+09
1.591712366711961985e+09
1.591712366909888983e+09
1.591712367110023022e+09
1.591712367310302019e+09
1.591712367630175114e+09
1.591712367719177961e+09
1.591712367909382105e+09
1.591712368107615948e+09
1.591712368309667110e+09
1.591712368509674072e+09
1.591712368707544088e+09
1.591712368908499956e+09
1.591712369130487919e+09
1.591712369306452036e+09
1.591712369508090019e+09
1.591712369708029032e+09
1.591712369908170938e+09
1.591712370107821941e+09
1.591712370308834076e+09
1.591712370508814096e+09
1.591712370708626032e+09
1.591712370909579992e+09
1.591712371108380079e+09
1.591712371308588982e+09
1.591712371506947041e+09
1.591712371708677053e+09
1.591712371906821966e+09
1.591712372106302977e+09
1.591712372308768034e+09
1.591712372507193089e+09
1.591712372703555107e+09
1.591712372909581900e+09
1.591712373107595921e+09
1.591712373309437990e+09
1.591712373509900093e+09
1.591712373707298040e+09
1.591712373908147097e+09
1.591712374107356071e+09
1.591712374308824062e+09
1.591712374508217096e+09
1.591712374705826044e+09
1.591712374905590057e+09
1.591712375106338024e+09
1.591712375307317972e+09
1.591712375508342981e+09
1.591712375707381964e+09
1.591712375908042908e+09
1.591712376107608080e+09
1.591712376308417082e+09
1.591712376506350994e+09
1.591712376706021070e+09
1.591712376907558918e+09
1.591712377108889103e+09
1.591712377306648016e+09
1.591712377509963989e+09
1.591712377704616070e+09
1.591712377906533003e+09
1.591712378104882956e+09
1.591712378306255102e+09
1.591712378506325006e+09
1.591712378706298113e+09
1.591712378906318903e+09
1.591712379106681108e+09
1.591712379307148933e+09
1.591712379507419109e+09
1.591712379704524040e+09
1.591712379905107021e+09
1.591712380107238054e+09
1.591712380306864977e+09
1.591712380506115913e+09
1.591712380706358910e+09
1.591712380907242060e+09
1.591712381105957031e+09
1.591712381305445910e+09
1.591712381505620003e+09
1.591712381705091000e+09
1.591712381903237104e+09
1.591712382103020906e+09
1.591712382304847002e+09
1.591712382506309032e+09
1.591712382846751928e+09
1.591712382946352005e+09
1.591712383102647066e+09
1.591712383305196047e+09
1.591712383504112959e+09
1.591712383702903032e+09
1.591712383903223038e+09
1.591712384103254080e+09
1.591712384303211927e+09
1.591712384503112078e+09
1.591712384704899073e+09
1.591712384903354883e+09
1.591712385104254961e+09
1.591712385301738024e+09
1.591712385505285978e+09
1.591712385702194929e+09
1.591712385903836012e+09
1.591712386103905916e+09
1.591712386301891088e+09
1.591712386504651070e+09
1.591712386702348948e+09
1.591712386903697968e+09
1.591712387106024981e+09
1.591712387302603960e+09
1.591712387504226923e+09
1.591712387857898951e+09
1.591712387962773085e+09
1.591712388108499050e+09
1.591712388302297115e+09
1.591712388501120090e+09
1.591712388702455044e+09
1.591712388900481939e+09
1.591712389102413893e+09
1.591712389300390959e+09
1.591712389502600908e+09
1.591712389702632904e+09
1.591712389903307915e+09
1.591712390100603104e+09
1.591712390301126957e+09
1.591712390502785921e+09
1.591712390702831030e+09
1.591712390903208971e+09
1.591712391103313923e+09
1.591712391300843954e+09
1.591712391500655890e+09
1.591712391702037096e+09
1.591712391900481939e+09
1.591712392100879908e+09
1.591712392300808907e+09
1.591712392499442101e+09
1.591712392851074934e+09
1.591712392960213900e+09
1.591712393110006094e+09
1.591712393299741030e+09
1.591712393500104904e+09
1.591712393699503899e+09
1.591712393902050972e+09
1.591712394098912954e+09
1.591712394301570892e+09
1.591712394500818968e+09
1.591712394699294090e+09
1.591712394900155067e+09
1.591712395097032070e+09
1.591712395299351931e+09
1.591712395497041941e+09
1.591712395698717117e+09
1.591712395897568941e+09
1.591712396100156069e+09
1.591712396297184944e+09
1.591712396499317884e+09
1.591712396699990988e+09
1.591712396897845030e+09
1.591712397097955942e+09
1.591712397297772884e+09
