3.944999999999999840e+00
3.947000000000000064e+00
3.978000000000000203e+00
3.976999999999999869e+00
3.975999999999999979e+00
3.975999999999999979e+00
3.975999999999999979e+00
3.978000000000000203e+00
3.983000000000000096e+00
3.991999999999999993e+00
4.011000000000000121e+00
4.009999999999999787e+00
4.009000000000000341e+00
4.009000000000000341e+00
4.009999999999999787e+00
4.014000000000000234e+00
4.022000000000000242e+00
4.044999999999999929e+00
4.043999999999999595e+00
4.043000000000000149e+00
4.041999999999999815e+00
4.041999999999999815e+00
4.043999999999999595e+00
4.051000000000000156e+00
4.059999999999999609e+00
4.076999999999999957e+00
4.075999999999999623e+00
4.075000000000000178e+00
4.075000000000000178e+00
4.075999999999999623e+00
4.078999999999999737e+00
4.086999999999999744e+00
4.110999999999999766e+00
4.110000000000000320e+00
4.108999999999999986e+00
4.108999999999999986e+00
4.108999999999999986e+00
4.110999999999999766e+00
4.118000000000000327e+00
4.126999999999999780e+00
4.144000000000000128e+00
4.142999999999999794e+00
4.142000000000000348e+00
4.142000000000000348e+00
4.142000000000000348e+00
4.145999999999999908e+00
4.152999999999999581e+00
4.177999999999999936e+00
4.176999999999999602e+00
4.176000000000000156e+00
4.176000000000000156e+00
4.176000000000000156e+00
4.176999999999999602e+00
4.182999999999999829e+00
4.192000000000000171e+00
4.211000000000000298e+00
4.209999999999999964e+00
4.208999999999999631e+00
4.208999999999999631e+00
4.208999999999999631e+00
4.211999999999999744e+00
4.219000000000000306e+00
4.246000000000000441e+00
4.245000000000000107e+00
4.243999999999999773e+00
4.243000000000000327e+00
4.243000000000000327e+00
4.243999999999999773e+00
4.248999999999999666e+00
4.258000000000000007e+00
4.267000000000000348e+00
4.274000000000000021e+00
4.277000000000000135e+00
4.277999999999999581e+00
4.277999999999999581e+00
4.277999999999999581e+00
4.280000000000000249e+00
4.317000000000000171e+00
4.312999999999999723e+00
4.312000000000000277e+00
4.310999999999999943e+00
4.310999999999999943e+00
4.310999999999999943e+00
4.314000000000000057e+00
4.322000000000000064e+00
4.347999999999999865e+00
4.346000000000000085e+00
4.344999999999999751e+00
4.344999999999999751e+00
4.344999999999999751e+00
4.344999999999999751e+00
4.350999999999999979e+00
4.358999999999999986e+00
4.379999999999999893e+00
4.378999999999999559e+00
4.378000000000000114e+00
4.378000000000000114e+00
4.378000000000000114e+00
4.379999999999999893e+00
4.386000000000000121e+00
4.394999999999999574e+00
4.413000000000000256e+00
4.411999999999999922e+00
4.411999999999999922e+00
4.411999999999999922e+00
4.411999999999999922e+00
4.415000000000000036e+00
4.423000000000000043e+00
4.447000000000000064e+00
4.445999999999999730e+00
4.445999999999999730e+00
4.445000000000000284e+00
4.445000000000000284e+00
4.447000000000000064e+00
4.451999999999999957e+00
4.461000000000000298e+00
4.480000000000000426e+00
4.480000000000000426e+00
4.479000000000000092e+00
4.479000000000000092e+00
4.479000000000000092e+00
4.480999999999999872e+00
4.487000000000000099e+00
4.496000000000000441e+00
4.514000000000000234e+00
4.512999999999999901e+00
4.512999999999999901e+00
4.512999999999999901e+00
4.512999999999999901e+00
4.517000000000000348e+00
4.525000000000000355e+00
4.549000000000000377e+00
4.548000000000000043e+00
4.546999999999999709e+00
4.546999999999999709e+00
4.546999999999999709e+00
4.548000000000000043e+00
4.554000000000000270e+00
4.562999999999999723e+00
4.581999999999999851e+00
4.581000000000000405e+00
4.581000000000000405e+00
4.581000000000000405e+00
4.581000000000000405e+00
4.581999999999999851e+00
4.589000000000000412e+00
4.597999999999999865e+00
4.605999999999999872e+00
4.612000000000000099e+00
4.850999999999999979e+00
4.855999999999999872e+00
4.863999999999999879e+00
4.886999999999999567e+00
4.886000000000000121e+00
4.884999999999999787e+00
4.884000000000000341e+00
4.884000000000000341e+00
4.886000000000000121e+00
4.892000000000000348e+00
4.900999999999999801e+00
4.919999999999999929e+00
4.918999999999999595e+00
4.918000000000000149e+00
4.918000000000000149e+00
4.918000000000000149e+00
4.919999999999999929e+00
4.926000000000000156e+00
4.934999999999999609e+00
4.953999999999999737e+00
4.953000000000000291e+00
4.951999999999999957e+00
4.951999999999999957e+00
4.953000000000000291e+00
4.956000000000000405e+00
4.964000000000000412e+00
4.988000000000000433e+00
4.988000000000000433e+00
4.987000000000000099e+00
4.985999999999999766e+00
4.985999999999999766e+00
4.987000000000000099e+00
4.993000000000000327e+00
5.001999999999999780e+00
5.022000000000000242e+00
5.020999999999999908e+00
5.019999999999999574e+00
5.019999999999999574e+00
5.019999999999999574e+00
5.022000000000000242e+00
5.027999999999999581e+00
5.036999999999999922e+00
5.056000000000000050e+00
5.054999999999999716e+00
5.054000000000000270e+00
5.054000000000000270e+00
5.054000000000000270e+00
5.057999999999999829e+00
5.065000000000000391e+00
5.091000000000000192e+00
5.089000000000000412e+00
5.088000000000000078e+00
5.088000000000000078e+00
5.088000000000000078e+00
5.089000000000000412e+00
5.092999999999999972e+00
5.102000000000000313e+00
5.123999999999999666e+00
5.123000000000000220e+00
5.121999999999999886e+00
5.121999999999999886e+00
5.121999999999999886e+00
5.123000000000000220e+00
5.128999999999999559e+00
5.137999999999999901e+00
5.157000000000000028e+00
5.155999999999999694e+00
5.155999999999999694e+00
5.155000000000000249e+00
5.155000000000000249e+00
5.157000000000000028e+00
5.161999999999999922e+00
5.171000000000000263e+00
5.190999999999999837e+00
5.190000000000000391e+00
5.189000000000000057e+00
5.189000000000000057e+00
5.189000000000000057e+00
5.192000000000000171e+00
5.198000000000000398e+00
5.206999999999999851e+00
5.216000000000000192e+00
5.221000000000000085e+00
5.224000000000000199e+00
5.224000000000000199e+00
5.224000000000000199e+00
5.224999999999999645e+00
5.227000000000000313e+00
5.259999999999999787e+00
5.258000000000000007e+00
5.258000000000000007e+00
5.256999999999999673e+00
5.256999999999999673e+00
5.258000000000000007e+00
5.261999999999999567e+00
5.270999999999999908e+00
5.293000000000000149e+00
5.291999999999999815e+00
5.291000000000000369e+00
5.291000000000000369e+00
5.291000000000000369e+00
5.291999999999999815e+00
5.298000000000000043e+00
5.307000000000000384e+00
5.325999999999999623e+00
5.325000000000000178e+00
5.325000000000000178e+00
5.323999999999999844e+00
5.323999999999999844e+00
5.325999999999999623e+00
5.331999999999999851e+00
5.341000000000000192e+00
5.360000000000000320e+00
5.358999999999999986e+00
5.357999999999999652e+00
5.357999999999999652e+00
5.357999999999999652e+00
5.362000000000000099e+00
5.368999999999999773e+00
5.394999999999999574e+00
5.394000000000000128e+00
5.392999999999999794e+00
5.392999999999999794e+00
5.392000000000000348e+00
5.392999999999999794e+00
5.397999999999999687e+00
5.407000000000000028e+00
5.416000000000000369e+00
5.423000000000000043e+00
5.426999999999999602e+00
5.427999999999999936e+00
5.427999999999999936e+00
5.427999999999999936e+00
5.429000000000000270e+00
5.432999999999999829e+00
5.461999999999999744e+00
5.461000000000000298e+00
5.461000000000000298e+00
5.461000000000000298e+00
5.461000000000000298e+00
5.464000000000000412e+00
5.471000000000000085e+00
5.498000000000000220e+00
5.496999999999999886e+00
5.496000000000000441e+00
5.495000000000000107e+00
5.495000000000000107e+00
5.495000000000000107e+00
5.500000000000000000e+00
5.759999999999999787e+00
5.764999999999999680e+00
5.767999999999999794e+00
5.769000000000000128e+00
5.769000000000000128e+00
5.769000000000000128e+00
5.772000000000000242e+00
5.804000000000000270e+00
5.802999999999999936e+00
5.801999999999999602e+00
5.801999999999999602e+00
5.801999999999999602e+00
5.802999999999999936e+00
5.809000000000000163e+00
5.817999999999999616e+00
5.838000000000000078e+00
5.836999999999999744e+00
5.836000000000000298e+00
5.836000000000000298e+00
5.836000000000000298e+00
5.839999999999999858e+00
5.847000000000000419e+00
5.873000000000000220e+00
5.871000000000000441e+00
5.871000000000000441e+00
5.871000000000000441e+00
5.871000000000000441e+00
5.871999999999999886e+00
5.878000000000000114e+00
5.887999999999999901e+00
5.905999999999999694e+00
5.905999999999999694e+00
5.905000000000000249e+00
5.905000000000000249e+00
5.905000000000000249e+00
5.908000000000000362e+00
5.915000000000000036e+00
5.942999999999999616e+00
5.940999999999999837e+00
5.940000000000000391e+00
5.939000000000000057e+00
5.939000000000000057e+00
5.940000000000000391e+00
5.945999999999999730e+00
5.953999999999999737e+00
5.974999999999999645e+00
5.974000000000000199e+00
5.974000000000000199e+00
5.972999999999999865e+00
5.972999999999999865e+00
5.974999999999999645e+00
5.982000000000000206e+00
5.990999999999999659e+00
6.000000000000000000e+00
6.004999999999999893e+00
6.008000000000000007e+00
6.009000000000000341e+00
6.009000000000000341e+00
6.009999999999999787e+00
6.011999999999999567e+00
6.043999999999999595e+00
6.043000000000000149e+00
6.041999999999999815e+00
6.041999999999999815e+00
6.041999999999999815e+00
6.043999999999999595e+00
6.049999999999999822e+00
6.059000000000000163e+00
6.078000000000000291e+00
6.076999999999999957e+00
6.075999999999999623e+00
6.075999999999999623e+00
6.076999999999999957e+00
6.081000000000000405e+00
6.089000000000000412e+00
6.113000000000000433e+00
6.112000000000000099e+00
6.110999999999999766e+00
6.110999999999999766e+00
6.110999999999999766e+00
6.113000000000000433e+00
6.118999999999999773e+00
6.128999999999999559e+00
6.147000000000000242e+00
6.145999999999999908e+00
6.144999999999999574e+00
6.144999999999999574e+00
6.144999999999999574e+00
6.149000000000000021e+00
6.155999999999999694e+00
6.182999999999999829e+00
6.181000000000000050e+00
6.181000000000000050e+00
6.179999999999999716e+00
6.179999999999999716e+00
6.181000000000000050e+00
6.187000000000000277e+00
6.195999999999999730e+00
6.216000000000000192e+00
6.214999999999999858e+00
6.214999999999999858e+00
6.214999999999999858e+00
6.214999999999999858e+00
6.216999999999999638e+00
6.222999999999999865e+00
6.232000000000000206e+00
6.251000000000000334e+00
6.250000000000000000e+00
6.248999999999999666e+00
6.248999999999999666e+00
6.250000000000000000e+00
6.253999999999999559e+00
6.261999999999999567e+00
6.285000000000000142e+00
6.283999999999999808e+00
6.283000000000000362e+00
6.283000000000000362e+00
6.283000000000000362e+00
6.285000000000000142e+00
6.291000000000000369e+00
6.301000000000000156e+00
6.318999999999999950e+00
6.317999999999999616e+00
6.317000000000000171e+00
6.317000000000000171e+00
6.317999999999999616e+00
6.320999999999999730e+00
6.328999999999999737e+00
6.355000000000000426e+00
6.352999999999999758e+00
6.352000000000000313e+00
6.350999999999999979e+00
6.350999999999999979e+00
6.352999999999999758e+00
6.358999999999999986e+00
6.368000000000000327e+00
6.387999999999999901e+00
6.386999999999999567e+00
6.386000000000000121e+00
6.386000000000000121e+00
6.386000000000000121e+00
6.387999999999999901e+00
6.394999999999999574e+00
6.424000000000000377e+00
6.421999999999999709e+00
6.421000000000000263e+00
6.419999999999999929e+00
6.419999999999999929e+00
6.421000000000000263e+00
6.426999999999999602e+00
6.693999999999999950e+00
6.693999999999999950e+00
6.695000000000000284e+00
6.698000000000000398e+00
6.706000000000000405e+00
6.730999999999999872e+00
6.730000000000000426e+00
6.729000000000000092e+00
6.729000000000000092e+00
6.729000000000000092e+00
6.730999999999999872e+00
6.737000000000000099e+00
6.746999999999999886e+00
6.764999999999999680e+00
6.764000000000000234e+00
6.762999999999999901e+00
6.762999999999999901e+00
6.762999999999999901e+00
6.767000000000000348e+00
6.774000000000000021e+00
6.799999999999999822e+00
6.799000000000000377e+00
6.798000000000000043e+00
6.798000000000000043e+00
6.798000000000000043e+00
6.799000000000000377e+00
6.804000000000000270e+00
6.812999999999999723e+00
6.831999999999999851e+00
6.831999999999999851e+00
6.831999999999999851e+00
6.831999999999999851e+00
6.831999999999999851e+00
6.834999999999999964e+00
6.841999999999999638e+00
6.868999999999999773e+00
6.866999999999999993e+00
6.865999999999999659e+00
6.865000000000000213e+00
6.865000000000000213e+00
6.866999999999999993e+00
6.871999999999999886e+00
6.881000000000000227e+00
6.902000000000000135e+00
6.900999999999999801e+00
6.900000000000000355e+00
6.900000000000000355e+00
6.900000000000000355e+00
6.902999999999999581e+00
6.910000000000000142e+00
6.918999999999999595e+00
6.926999999999999602e+00
6.932999999999999829e+00
6.934999999999999609e+00
6.935999999999999943e+00
6.935999999999999943e+00
6.937000000000000277e+00
6.940000000000000391e+00
6.971000000000000085e+00
6.969999999999999751e+00
6.969000000000000306e+00
6.969000000000000306e+00
6.969000000000000306e+00
6.971000000000000085e+00
6.977999999999999758e+00
6.987000000000000099e+00
6.996000000000000441e+00
7.001000000000000334e+00
7.003999999999999559e+00
7.003999999999999559e+00
7.004999999999999893e+00
7.006000000000000227e+00
7.008000000000000007e+00
7.040000000000000036e+00
7.038999999999999702e+00
7.038000000000000256e+00
7.038000000000000256e+00
7.038000000000000256e+00
7.040000000000000036e+00
7.046000000000000263e+00
7.054999999999999716e+00
7.073999999999999844e+00
7.073000000000000398e+00
7.073000000000000398e+00
7.073000000000000398e+00
7.073000000000000398e+00
7.076999999999999957e+00
7.086000000000000298e+00
7.108999999999999986e+00
7.107999999999999652e+00
7.107999999999999652e+00
7.107000000000000206e+00
7.107000000000000206e+00
7.110000000000000320e+00
7.115999999999999659e+00
7.126000000000000334e+00
7.142999999999999794e+00
7.142000000000000348e+00
7.141000000000000014e+00
7.141000000000000014e+00
7.142000000000000348e+00
7.144999999999999574e+00
7.152999999999999581e+00
7.177999999999999936e+00
7.176000000000000156e+00
7.174999999999999822e+00
7.174999999999999822e+00
7.174999999999999822e+00
7.176000000000000156e+00
7.182000000000000384e+00
7.192000000000000171e+00
7.211000000000000298e+00
7.209999999999999964e+00
7.208999999999999631e+00
7.208999999999999631e+00
7.208999999999999631e+00
7.211000000000000298e+00
7.219000000000000306e+00
7.246000000000000441e+00
7.243999999999999773e+00
7.243000000000000327e+00
7.243000000000000327e+00
7.243000000000000327e+00
7.243999999999999773e+00
7.248999999999999666e+00
7.258000000000000007e+00
7.277999999999999581e+00
7.277999999999999581e+00
7.277000000000000135e+00
7.277000000000000135e+00
7.277000000000000135e+00
7.278999999999999915e+00
7.285999999999999588e+00
7.294999999999999929e+00
7.302999999999999936e+00
7.309000000000000163e+00
7.310999999999999943e+00
7.312000000000000277e+00
7.312000000000000277e+00
7.312999999999999723e+00
7.315999999999999837e+00
7.347000000000000419e+00
7.346000000000000085e+00
7.344999999999999751e+00
7.344999999999999751e+00
7.344999999999999751e+00
7.347000000000000419e+00
7.352999999999999758e+00
7.362000000000000099e+00
7.618000000000000327e+00
7.618999999999999773e+00
7.621999999999999886e+00
7.629999999999999893e+00
7.655000000000000249e+00
7.653999999999999915e+00
7.652999999999999581e+00
7.652999999999999581e+00
7.652999999999999581e+00
7.653999999999999915e+00
7.660000000000000142e+00
7.668999999999999595e+00
7.689000000000000057e+00
7.687999999999999723e+00
7.687000000000000277e+00
7.687000000000000277e+00
7.687000000000000277e+00
7.690000000000000391e+00
7.697000000000000064e+00
7.724999999999999645e+00
7.722999999999999865e+00
7.722000000000000419e+00
7.721000000000000085e+00
7.721000000000000085e+00
7.722000000000000419e+00
7.727000000000000313e+00
7.735000000000000320e+00
7.745000000000000107e+00
7.751999999999999780e+00
7.754999999999999893e+00
7.756000000000000227e+00
7.756000000000000227e+00
7.756000000000000227e+00
7.758000000000000007e+00
7.793999999999999595e+00
7.791000000000000369e+00
7.790000000000000036e+00
7.788999999999999702e+00
7.788999999999999702e+00
7.790000000000000036e+00
7.793999999999999595e+00
7.801999999999999602e+00
7.825999999999999623e+00
7.823999999999999844e+00
7.823999999999999844e+00
7.823000000000000398e+00
7.823000000000000398e+00
7.825999999999999623e+00
7.833000000000000185e+00
7.841999999999999638e+00
7.858999999999999986e+00
7.857999999999999652e+00
7.857999999999999652e+00
7.857999999999999652e+00
7.857999999999999652e+00
7.860999999999999766e+00
7.868999999999999773e+00
7.894999999999999574e+00
7.892999999999999794e+00
7.892000000000000348e+00
7.892000000000000348e+00
7.892000000000000348e+00
7.892999999999999794e+00
7.899000000000000021e+00
7.907000000000000028e+00
7.927999999999999936e+00
7.926999999999999602e+00
7.926000000000000156e+00
7.926000000000000156e+00
7.926000000000000156e+00
7.927999999999999936e+00
7.934000000000000163e+00
7.942999999999999616e+00
7.961000000000000298e+00
7.961000000000000298e+00
7.959999999999999964e+00
7.959999999999999964e+00
7.961000000000000298e+00
7.964999999999999858e+00
7.972999999999999865e+00
7.996999999999999886e+00
7.996000000000000441e+00
7.995000000000000107e+00
7.993999999999999773e+00
7.993999999999999773e+00
7.996999999999999886e+00
8.003999999999999559e+00
8.012999999999999901e+00
8.028999999999999915e+00
8.029999999999999361e+00
8.029999999999999361e+00
8.028000000000000469e+00
8.026999999999999247e+00
8.031000000000000583e+00
8.038000000000000256e+00
8.064000000000000057e+00
8.061999999999999389e+00
8.060999999999999943e+00
8.060999999999999943e+00
8.060000000000000497e+00
8.061999999999999389e+00
8.067999999999999616e+00
8.076999999999999957e+00
8.096000000000000085e+00
8.095000000000000639e+00
8.095000000000000639e+00
8.093999999999999417e+00
8.095000000000000639e+00
8.096999999999999531e+00
8.103999999999999204e+00
8.132999999999999119e+00
8.130000000000000782e+00
8.128999999999999559e+00
8.128999999999999559e+00
8.128999999999999559e+00
8.130000000000000782e+00
8.134999999999999787e+00
8.144000000000000128e+00
8.153999999999999915e+00
8.160999999999999588e+00
8.164999999999999147e+00
8.166000000000000369e+00
8.166000000000000369e+00
8.166000000000000369e+00
8.167999999999999261e+00
8.204000000000000625e+00
8.199999999999999289e+00
8.198999999999999844e+00
8.198999999999999844e+00
8.198000000000000398e+00
8.198999999999999844e+00
8.202999999999999403e+00
8.211000000000000298e+00
8.236000000000000654e+00
8.233999999999999986e+00
8.233000000000000540e+00
8.233000000000000540e+00
8.233000000000000540e+00
8.234999999999999432e+00
8.240999999999999659e+00
8.250000000000000000e+00
8.268000000000000682e+00
8.268000000000000682e+00
8.266999999999999460e+00
8.266999999999999460e+00
8.266999999999999460e+00
8.269999999999999574e+00
8.278000000000000469e+00
8.304000000000000270e+00
8.555999999999999162e+00
8.579000000000000625e+00
8.577999999999999403e+00
8.576999999999999957e+00
8.576999999999999957e+00
8.577999999999999403e+00
8.580999999999999517e+00
8.589000000000000412e+00
8.599000000000000199e+00
8.606999999999999318e+00
8.612000000000000099e+00
8.612999999999999545e+00
8.612999999999999545e+00
8.612999999999999545e+00
8.614000000000000767e+00
8.617000000000000881e+00
8.647000000000000242e+00
8.646000000000000796e+00
8.646000000000000796e+00
8.644999999999999574e+00
8.646000000000000796e+00
8.650000000000000355e+00
8.657000000000000028e+00
8.682000000000000384e+00
8.680999999999999162e+00
8.679999999999999716e+00
8.679999999999999716e+00
8.679999999999999716e+00
8.682999999999999829e+00
8.689999999999999503e+00
8.699999999999999289e+00
8.715999999999999304e+00
8.714999999999999858e+00
8.714000000000000412e+00
8.714000000000000412e+00
8.714999999999999858e+00
8.720000000000000639e+00
8.727999999999999758e+00
8.737999999999999545e+00
8.744999999999999218e+00
8.747999999999999332e+00
8.750000000000000000e+00
8.750000000000000000e+00
8.750000000000000000e+00
8.752000000000000668e+00
8.787000000000000810e+00
8.784000000000000696e+00
8.782999999999999474e+00
8.782999999999999474e+00
8.782000000000000028e+00
8.784000000000000696e+00
8.788999999999999702e+00
8.798000000000000043e+00
8.819000000000000838e+00
8.817999999999999616e+00
8.817000000000000171e+00
8.817000000000000171e+00
8.817000000000000171e+00
8.820000000000000284e+00
8.827999999999999403e+00
8.853999999999999204e+00
8.852999999999999758e+00
8.852000000000000313e+00
8.851000000000000867e+00
8.851000000000000867e+00
8.853999999999999204e+00
8.859999999999999432e+00
8.869999999999999218e+00
8.887999999999999901e+00
8.885999999999999233e+00
8.885999999999999233e+00
8.885999999999999233e+00
8.885999999999999233e+00
8.891000000000000014e+00
8.898999999999999133e+00
8.922000000000000597e+00
8.920999999999999375e+00
8.920999999999999375e+00
8.919999999999999929e+00
8.919999999999999929e+00
8.925000000000000711e+00
8.932999999999999829e+00
8.942999999999999616e+00
8.951000000000000512e+00
8.955000000000000071e+00
8.955999999999999517e+00
8.955999999999999517e+00
8.955999999999999517e+00
8.957000000000000739e+00
8.961000000000000298e+00
8.990999999999999659e+00
8.990000000000000213e+00
8.989000000000000767e+00
8.989000000000000767e+00
8.990000000000000213e+00
8.993999999999999773e+00
9.003000000000000114e+00
9.012000000000000455e+00
9.019999999999999574e+00
9.022999999999999687e+00
9.023999999999999133e+00
9.025000000000000355e+00
9.025000000000000355e+00
9.026999999999999247e+00
9.060999999999999943e+00
9.058999999999999275e+00
9.057999999999999829e+00
9.057000000000000384e+00
9.057000000000000384e+00
9.060000000000000497e+00
9.067000000000000171e+00
9.076999999999999957e+00
9.092999999999999972e+00
9.092000000000000526e+00
9.092000000000000526e+00
9.092000000000000526e+00
9.092999999999999972e+00
9.098000000000000753e+00
9.105999999999999872e+00
9.115999999999999659e+00
9.122999999999999332e+00
9.125999999999999446e+00
9.127000000000000668e+00
9.127000000000000668e+00
9.127000000000000668e+00
9.130000000000000782e+00
9.163999999999999702e+00
9.162000000000000810e+00
9.160999999999999588e+00
9.160000000000000142e+00
9.160000000000000142e+00
9.162000000000000810e+00
9.167999999999999261e+00
9.176999999999999602e+00
9.195999999999999730e+00
9.195000000000000284e+00
9.194000000000000838e+00
9.194000000000000838e+00
9.194000000000000838e+00
9.198000000000000398e+00
9.205999999999999517e+00
9.230999999999999872e+00
9.230000000000000426e+00
9.228999999999999204e+00
9.227999999999999758e+00
9.227999999999999758e+00
9.230999999999999872e+00
9.237999999999999545e+00
9.505000000000000782e+00
9.512000000000000455e+00
9.521000000000000796e+00
9.539999999999999147e+00
9.538999999999999702e+00
9.538000000000000256e+00
9.538000000000000256e+00
9.538000000000000256e+00
9.541999999999999815e+00
9.550000000000000711e+00
9.574999999999999289e+00
9.573000000000000398e+00
9.571999999999999176e+00
9.571999999999999176e+00
9.571999999999999176e+00
9.574999999999999289e+00
9.583000000000000185e+00
9.592000000000000526e+00
9.601000000000000867e+00
9.605999999999999872e+00
9.606999999999999318e+00
9.606999999999999318e+00
9.606999999999999318e+00
9.608000000000000540e+00
9.612000000000000099e+00
9.641999999999999460e+00
9.641000000000000014e+00
9.640000000000000568e+00
9.640000000000000568e+00
9.640000000000000568e+00
9.644000000000000128e+00
9.651999999999999247e+00
9.676999999999999602e+00
9.676000000000000156e+00
9.675000000000000711e+00
9.673999999999999488e+00
9.673999999999999488e+00
9.676999999999999602e+00
9.685000000000000497e+00
9.695000000000000284e+00
9.702999999999999403e+00
9.708000000000000185e+00
9.710000000000000853e+00
9.710000000000000853e+00
9.710000000000000853e+00
9.711000000000000298e+00
9.714000000000000412e+00
9.743999999999999773e+00
9.743999999999999773e+00
9.743000000000000327e+00
9.743000000000000327e+00
9.743000000000000327e+00
9.746000000000000441e+00
9.753999999999999559e+00
9.779999999999999361e+00
9.778000000000000469e+00
9.776999999999999247e+00
9.776999999999999247e+00
9.776999999999999247e+00
9.778999999999999915e+00
9.785999999999999588e+00
9.795999999999999375e+00
9.813000000000000611e+00
9.811999999999999389e+00
9.810999999999999943e+00
9.810999999999999943e+00
9.811999999999999389e+00
9.817000000000000171e+00
9.824999999999999289e+00
9.835000000000000853e+00
9.842000000000000526e+00
9.845000000000000639e+00
9.846000000000000085e+00
9.846999999999999531e+00
9.846999999999999531e+00
9.849000000000000199e+00
9.882999999999999119e+00
9.881000000000000227e+00
9.880000000000000782e+00
9.878999999999999559e+00
9.878999999999999559e+00
9.881000000000000227e+00
9.887000000000000455e+00
9.896000000000000796e+00
9.914999999999999147e+00
9.913999999999999702e+00
9.913000000000000256e+00
9.913000000000000256e+00
9.913999999999999702e+00
9.916999999999999815e+00
9.925000000000000711e+00
9.949999999999999289e+00
9.948999999999999844e+00
9.948000000000000398e+00
9.946999999999999176e+00
9.946999999999999176e+00
9.949999999999999289e+00
9.957000000000000739e+00
9.965999999999999304e+00
9.983000000000000540e+00
9.981999999999999318e+00
9.981999999999999318e+00
9.981999999999999318e+00
9.981999999999999318e+00
9.987000000000000099e+00
9.994999999999999218e+00
1.001800000000000068e+01
1.001699999999999946e+01
1.001600000000000001e+01
1.001600000000000001e+01
1.001600000000000001e+01
1.001999999999999957e+01
1.002800000000000047e+01
1.003700000000000081e+01
1.004499999999999993e+01
1.005000000000000071e+01
1.005199999999999960e+01
1.005199999999999960e+01
1.005199999999999960e+01
1.005300000000000082e+01
1.005599999999999916e+01
1.008699999999999974e+01
1.008600000000000030e+01
1.008600000000000030e+01
1.008500000000000085e+01
1.008500000000000085e+01
1.008900000000000041e+01
1.009600000000000009e+01
1.012199999999999989e+01
1.012100000000000044e+01
1.011999999999999922e+01
1.011899999999999977e+01
1.011899999999999977e+01
1.012100000000000044e+01
1.012700000000000067e+01
1.046000000000000085e+01
1.046000000000000085e+01
1.046299999999999919e+01
1.047000000000000064e+01
1.048000000000000043e+01
1.049600000000000044e+01
1.049499999999999922e+01
1.049399999999999977e+01
1.049399999999999977e+01
1.049499999999999922e+01
1.050000000000000000e+01
1.050900000000000034e+01
1.051800000000000068e+01
1.052500000000000036e+01
1.052899999999999991e+01
1.052999999999999936e+01
1.052999999999999936e+01
1.052999999999999936e+01
1.053200000000000003e+01
1.056600000000000072e+01
1.056400000000000006e+01
1.056300000000000061e+01
1.056300000000000061e+01
1.056199999999999939e+01
1.056400000000000006e+01
1.057000000000000028e+01
1.057900000000000063e+01
1.059900000000000020e+01
1.059800000000000075e+01
1.059699999999999953e+01
1.059699999999999953e+01
1.059699999999999953e+01
1.060100000000000087e+01
1.060800000000000054e+01
1.063400000000000034e+01
1.063199999999999967e+01
1.063100000000000023e+01
1.063100000000000023e+01
1.063100000000000023e+01
1.063299999999999912e+01
1.064000000000000057e+01
1.065000000000000036e+01
1.066699999999999982e+01
1.066600000000000037e+01
1.066499999999999915e+01
1.066499999999999915e+01
1.066600000000000037e+01
1.067099999999999937e+01
1.067900000000000027e+01
1.070199999999999996e+01
1.069999999999999929e+01
1.069999999999999929e+01
1.069899999999999984e+01
1.069899999999999984e+01
1.070400000000000063e+01
1.071199999999999974e+01
1.072100000000000009e+01
1.073000000000000043e+01
1.073399999999999999e+01
1.073499999999999943e+01
1.073499999999999943e+01
1.073499999999999943e+01
1.073600000000000065e+01
1.074000000000000021e+01
1.076900000000000013e+01
1.076800000000000068e+01
1.076800000000000068e+01
1.076800000000000068e+01
1.076800000000000068e+01
1.077299999999999969e+01
1.078200000000000003e+01
1.080400000000000027e+01
1.080300000000000082e+01
1.080300000000000082e+01
1.080199999999999960e+01
1.080199999999999960e+01
1.080700000000000038e+01
1.081499999999999950e+01
1.082499999999999929e+01
1.083300000000000018e+01
1.083699999999999974e+01
1.083799999999999919e+01
1.083799999999999919e+01
1.083799999999999919e+01
1.083900000000000041e+01
1.084299999999999997e+01
1.087199999999999989e+01
1.087100000000000044e+01
1.086999999999999922e+01
1.086999999999999922e+01
1.087100000000000044e+01
1.087599999999999945e+01
1.088400000000000034e+01
1.089300000000000068e+01
1.090099999999999980e+01
1.090399999999999991e+01
1.090499999999999936e+01
1.090600000000000058e+01
1.090600000000000058e+01
1.090799999999999947e+01
1.094200000000000017e+01
1.093999999999999950e+01
1.093900000000000006e+01
1.093800000000000061e+01
1.093800000000000061e+01
1.093999999999999950e+01
1.094599999999999973e+01
1.095500000000000007e+01
1.097400000000000020e+01
1.097300000000000075e+01
1.097300000000000075e+01
1.097199999999999953e+01
1.097300000000000075e+01
1.097700000000000031e+01
1.098399999999999999e+01
1.100900000000000034e+01
1.100799999999999912e+01
1.100699999999999967e+01
1.100699999999999967e+01
1.100699999999999967e+01
1.100999999999999979e+01
1.101699999999999946e+01
1.102599999999999980e+01
