4.708000000000000185e+00
4.708000000000000185e+00
4.708000000000000185e+00
4.708000000000000185e+00
4.708000000000000185e+00
4.708000000000000185e+00
4.708000000000000185e+00
4.708000000000000185e+00
4.708000000000000185e+00
4.708000000000000185e+00
4.708000000000000185e+00
4.708000000000000185e+00
4.708000000000000185e+00
4.708000000000000185e+00
4.708000000000000185e+00
4.708000000000000185e+00
4.708000000000000185e+00
4.708000000000000185e+00
4.708000000000000185e+00
4.708000000000000185e+00
4.708000000000000185e+00
4.708000000000000185e+00
4.708000000000000185e+00
4.708000000000000185e+00
4.708000000000000185e+00
4.708000000000000185e+00
4.708000000000000185e+00
4.708000000000000185e+00
4.708000000000000185e+00
4.708000000000000185e+00
4.708999999999999631e+00
4.708999999999999631e+00
4.709999999999999964e+00
4.735000000000000320e+00
4.735999999999999766e+00
4.735999999999999766e+00
4.735999999999999766e+00
4.735999999999999766e+00
4.735999999999999766e+00
4.735999999999999766e+00
4.735000000000000320e+00
4.735000000000000320e+00
4.735000000000000320e+00
4.735000000000000320e+00
4.735000000000000320e+00
4.735999999999999766e+00
4.735999999999999766e+00
4.735999999999999766e+00
4.735999999999999766e+00
4.735999999999999766e+00
4.735999999999999766e+00
4.735999999999999766e+00
4.735999999999999766e+00
4.735999999999999766e+00
4.735999999999999766e+00
4.735999999999999766e+00
4.735999999999999766e+00
4.735999999999999766e+00
4.735000000000000320e+00
4.735000000000000320e+00
4.735000000000000320e+00
4.735000000000000320e+00
4.735000000000000320e+00
4.735000000000000320e+00
4.735000000000000320e+00
4.735000000000000320e+00
4.735000000000000320e+00
4.735000000000000320e+00
4.735000000000000320e+00
4.735000000000000320e+00
4.735000000000000320e+00
4.735000000000000320e+00
4.735000000000000320e+00
4.735000000000000320e+00
4.735000000000000320e+00
4.735000000000000320e+00
4.735000000000000320e+00
4.735000000000000320e+00
4.735000000000000320e+00
4.735000000000000320e+00
4.735000000000000320e+00
4.735000000000000320e+00
4.735000000000000320e+00
4.735999999999999766e+00
4.735999999999999766e+00
4.735999999999999766e+00
4.764000000000000234e+00
4.764000000000000234e+00
4.762999999999999901e+00
4.762999999999999901e+00
4.762999999999999901e+00
4.762999999999999901e+00
4.762999999999999901e+00
4.762999999999999901e+00
4.762999999999999901e+00
4.762999999999999901e+00
4.762999999999999901e+00
4.762999999999999901e+00
4.762999999999999901e+00
4.762999999999999901e+00
4.762999999999999901e+00
4.762999999999999901e+00
4.762999999999999901e+00
4.762999999999999901e+00
4.762999999999999901e+00
4.762999999999999901e+00
4.762999999999999901e+00
4.762999999999999901e+00
4.762999999999999901e+00
4.762999999999999901e+00
4.762999999999999901e+00
4.762999999999999901e+00
4.762999999999999901e+00
4.762999999999999901e+00
4.762999999999999901e+00
4.762999999999999901e+00
4.762999999999999901e+00
4.764000000000000234e+00
4.764000000000000234e+00
4.764000000000000234e+00
4.764000000000000234e+00
4.764000000000000234e+00
4.764000000000000234e+00
4.764000000000000234e+00
4.764000000000000234e+00
4.764000000000000234e+00
4.764000000000000234e+00
4.764000000000000234e+00
4.764000000000000234e+00
4.764000000000000234e+00
4.764000000000000234e+00
4.764000000000000234e+00
4.764000000000000234e+00
4.764000000000000234e+00
4.764000000000000234e+00
4.764000000000000234e+00
4.764999999999999680e+00
4.791000000000000369e+00
4.791000000000000369e+00
4.791000000000000369e+00
4.791000000000000369e+00
4.791000000000000369e+00
4.791000000000000369e+00
4.791000000000000369e+00
4.791000000000000369e+00
4.791000000000000369e+00
4.791000000000000369e+00
4.791999999999999815e+00
4.791999999999999815e+00
4.791999999999999815e+00
4.791999999999999815e+00
4.791999999999999815e+00
4.791999999999999815e+00
4.791999999999999815e+00
4.791999999999999815e+00
4.791999999999999815e+00
4.791999999999999815e+00
4.791999999999999815e+00
4.791999999999999815e+00
4.791999999999999815e+00
4.791999999999999815e+00
4.791999999999999815e+00
4.791999999999999815e+00
4.791999999999999815e+00
4.791999999999999815e+00
4.791999999999999815e+00
4.791999999999999815e+00
4.791999999999999815e+00
4.791999999999999815e+00
4.791999999999999815e+00
4.791999999999999815e+00
4.791999999999999815e+00
4.791999999999999815e+00
4.791999999999999815e+00
4.791999999999999815e+00
4.791999999999999815e+00
4.791999999999999815e+00
4.791999999999999815e+00
4.791999999999999815e+00
4.791999999999999815e+00
4.791999999999999815e+00
4.791999999999999815e+00
4.791999999999999815e+00
4.791999999999999815e+00
4.791999999999999815e+00
4.791999999999999815e+00
4.791999999999999815e+00
4.791999999999999815e+00
4.791999999999999815e+00
4.791999999999999815e+00
4.818999999999999950e+00
4.818999999999999950e+00
4.818999999999999950e+00
4.818999999999999950e+00
4.818999999999999950e+00
4.818999999999999950e+00
4.818999999999999950e+00
4.818999999999999950e+00
4.818999999999999950e+00
4.818999999999999950e+00
4.818999999999999950e+00
4.818999999999999950e+00
4.818999999999999950e+00
4.818999999999999950e+00
4.818999999999999950e+00
4.818999999999999950e+00
4.818999999999999950e+00
4.818999999999999950e+00
4.818999999999999950e+00
4.818999999999999950e+00
4.818999999999999950e+00
4.818999999999999950e+00
4.818999999999999950e+00
4.818999999999999950e+00
4.818999999999999950e+00
4.817999999999999616e+00
4.817999999999999616e+00
4.817999999999999616e+00
4.817999999999999616e+00
4.817999999999999616e+00
4.817999999999999616e+00
4.817999999999999616e+00
4.817999999999999616e+00
4.817999999999999616e+00
4.817999999999999616e+00
4.817999999999999616e+00
4.817999999999999616e+00
4.817999999999999616e+00
4.817999999999999616e+00
4.817999999999999616e+00
4.817999999999999616e+00
4.817999999999999616e+00
4.817999999999999616e+00
4.817999999999999616e+00
4.817999999999999616e+00
4.818999999999999950e+00
4.818999999999999950e+00
4.844999999999999751e+00
4.844999999999999751e+00
4.844999999999999751e+00
4.844999999999999751e+00
4.844999999999999751e+00
4.844999999999999751e+00
4.844999999999999751e+00
4.844999999999999751e+00
4.844999999999999751e+00
4.844999999999999751e+00
4.844999999999999751e+00
4.844999999999999751e+00
4.844999999999999751e+00
4.844999999999999751e+00
4.844999999999999751e+00
4.844999999999999751e+00
4.844999999999999751e+00
4.844999999999999751e+00
4.844999999999999751e+00
4.844999999999999751e+00
4.844999999999999751e+00
4.844999999999999751e+00
4.844999999999999751e+00
4.844999999999999751e+00
4.844999999999999751e+00
4.844999999999999751e+00
4.844999999999999751e+00
4.844999999999999751e+00
4.844999999999999751e+00
4.844999999999999751e+00
4.844999999999999751e+00
4.844999999999999751e+00
4.844999999999999751e+00
4.844999999999999751e+00
4.844999999999999751e+00
4.844999999999999751e+00
4.844999999999999751e+00
4.844999999999999751e+00
4.844999999999999751e+00
4.844999999999999751e+00
4.844999999999999751e+00
4.844999999999999751e+00
4.844999999999999751e+00
4.844999999999999751e+00
4.844999999999999751e+00
4.844999999999999751e+00
4.844999999999999751e+00
4.844999999999999751e+00
4.844999999999999751e+00
4.844999999999999751e+00
4.844999999999999751e+00
4.844999999999999751e+00
4.844999999999999751e+00
4.844999999999999751e+00
4.844999999999999751e+00
4.844999999999999751e+00
4.844999999999999751e+00
4.844999999999999751e+00
4.844999999999999751e+00
4.846000000000000085e+00
4.873999999999999666e+00
4.873999999999999666e+00
4.873999999999999666e+00
