1.591769934598469019e+09
1.591769934801676989e+09
1.591769935003942966e+09
1.591769935203845978e+09
1.591769935403310061e+09
1.591769935601834059e+09
1.591769935804045916e+09
1.591769936001930952e+09
1.591769936202029943e+09
1.591769936404453039e+09
1.591769936604182959e+09
1.591769936802093029e+09
1.591769937002063990e+09
1.591769937202126026e+09
1.591769937403075933e+09
1.591769937602521896e+09
1.591769937802663088e+09
1.591769938138870955e+09
1.591769938201617002e+09
1.591769938402810097e+09
1.591769938603054047e+09
1.591769938802599907e+09
1.591769939000865936e+09
1.591769939200696945e+09
1.591769939403517962e+09
1.591769939601285934e+09
1.591769939801642895e+09
1.591769940001168966e+09
1.591769940200781107e+09
1.591769940401141882e+09
1.591769940601722956e+09
1.591769940799791098e+09
1.591769941001653910e+09
1.591769941199438095e+09
1.591769941399245024e+09
1.591769941599729061e+09
1.591769941800468922e+09
1.591769942001568079e+09
1.591769942200289965e+09
1.591769942399367094e+09
1.591769942599524975e+09
1.591769942799448013e+09
1.591769942994873047e+09
1.591769943199480057e+09
1.591769943399506092e+09
1.591769943597840071e+09
1.591769943797616005e+09
1.591769943997909069e+09
1.591769944197714090e+09
1.591769944398014069e+09
1.591769944597742081e+09
1.591769944797990084e+09
1.591769944997745991e+09
1.591769945199311972e+09
1.591769945399929047e+09
1.591769945599478960e+09
1.591769945799870014e+09
1.591769945998168945e+09
1.591769946201937914e+09
1.591769946396970987e+09
1.591769946598579884e+09
1.591769946797909975e+09
1.591769946998284101e+09
1.591769947196336031e+09
1.591769947400074959e+09
1.591769947596790075e+09
1.591769947798582077e+09
1.591769947995255947e+09
1.591769948196449995e+09
1.591769948396716118e+09
1.591769948597940922e+09
1.591769948798831940e+09
1.591769948996485949e+09
1.591769949198178053e+09
1.591769949397983074e+09
1.591769949596879005e+09
1.591769949794572115e+09
1.591769949997260094e+09
1.591769950194675922e+09
1.591769950396434069e+09
1.591769950596791983e+09
1.591769950798449993e+09
1.591769950995064020e+09
1.591769951194905043e+09
1.591769951395052910e+09
1.591769951594960928e+09
1.591769951797305107e+09
1.591769951994846106e+09
1.591769952196995020e+09
1.591769952396425009e+09
1.591769952595330954e+09
1.591769952795146942e+09
1.591769952993547916e+09
1.591769953193186045e+09
1.591769953393568993e+09
1.591769953593147039e+09
1.591769953795413017e+09
1.591769953995295048e+09
1.591769954196034908e+09
1.591769954393248081e+09
1.591769954594046116e+09
1.591769954795407057e+09
1.591769954995801926e+09
1.591769955193351984e+09
1.591769955393677950e+09
1.591769955593543053e+09
1.591769955794001102e+09
1.591769955993562937e+09
1.591769956195852041e+09
1.591769956391546011e+09
1.591769956591716051e+09
1.591769956791990995e+09
1.591769956994060040e+09
1.591769957191787004e+09
1.591769957394129038e+09
1.591769957591833115e+09
1.591769957792311907e+09
1.591769958120325089e+09
1.591769958201086998e+09
1.591769958392137051e+09
1.591769958593728065e+09
1.591769958793565035e+09
1.591769958989895105e+09
1.591769959192853928e+09
1.591769959392163038e+09
1.591769959590363026e+09
1.591769959790321112e+09
1.591769959993145943e+09
1.591769960192467928e+09
1.591769960390628099e+09
1.591769960592432976e+09
1.591769960790999889e+09
1.591769960994332075e+09
1.591769961190639019e+09
1.591769961392817020e+09
1.591769961590003967e+09
1.591769961790560007e+09
1.591769961992924929e+09
1.591769962191740036e+09
1.591769962390660048e+09
1.591769962588320971e+09
1.591769962790539026e+09
1.591769963111459970e+09
1.591769963201186895e+09
1.591769963391237974e+09
1.591769963588685036e+09
1.591769963789932966e+09
1.591769963989414930e+09
1.591769964188904047e+09
1.591769964390997887e+09
1.591769964588874102e+09
1.591769964787647009e+09
1.591769964989629030e+09
1.591769965190469027e+09
1.591769965388669014e+09
1.591769965588159084e+09
1.591769965789041042e+09
1.591769966009903908e+09
1.591769966189939976e+09
1.591769966387485027e+09
1.591769966588696957e+09
1.591769966787708998e+09
1.591769966990322113e+09
1.591769967188961983e+09
1.591769967387574911e+09
1.591769967589505911e+09
1.591769967789284945e+09
1.591769968102121115e+09
1.591769968192172050e+09
1.591769968387378931e+09
1.591769968587452888e+09
1.591769968787786007e+09
1.591769968988543987e+09
1.591769969185292006e+09
1.591769969387523890e+09
1.591769969585514069e+09
1.591769969788613081e+09
1.591769969992782116e+09
1.591769970186657906e+09
1.591769970386034966e+09
1.591769970589040041e+09
1.591769970788395882e+09
1.591769970987492085e+09
1.591769971185503960e+09
1.591769971385622978e+09
1.591769971585464001e+09
1.591769971785535097e+09
1.591769971986057997e+09
1.591769972185583115e+09
1.591769972385701895e+09
1.591769972585745096e+09
1.591769972786000967e+09
1.591769972986141920e+09
1.591769973181497097e+09
1.591769973386352062e+09
1.591769973584583044e+09
1.591769973784643888e+09
1.591769973986464977e+09
1.591769974184853077e+09
1.591769974384465933e+09
1.591769974585918903e+09
1.591769974784662962e+09
1.591769974983777046e+09
1.591769975182684898e+09
1.591769975384562969e+09
1.591769975582909107e+09
1.591769975784531116e+09
1.591769975982712984e+09
1.591769976184578896e+09
1.591769976385591984e+09
1.591769976584815025e+09
1.591769976785171986e+09
1.591769976982729912e+09
1.591769977185497046e+09
1.591769977384422064e+09
1.591769977584976912e+09
1.591769977782708883e+09
1.591769977984740019e+09
1.591769978323563099e+09
1.591769978425431013e+09
1.591769978580836058e+09
1.591769978783354998e+09
1.591769978983428001e+09
1.591769979181067944e+09
1.591769979383383989e+09
1.591769979580610991e+09
1.591769979783745050e+09
1.591769979981390953e+09
1.591769980181539059e+09
1.591769980383356094e+09
1.591769980579374075e+09
1.591769980783526897e+09
1.591769980983159065e+09
1.591769981178987026e+09
1.591769981381529093e+09
1.591769981579720020e+09
1.591769981780044079e+09
1.591769981979440928e+09
1.591769982180356026e+09
1.591769982381831884e+09
1.591769982580724955e+09
1.591769982779462099e+09
1.591769982979882956e+09
1.591769983316541910e+09
1.591769983417920113e+09
1.591769983581631899e+09
1.591769983780762911e+09
1.591769983980209112e+09
1.591769984181138992e+09
1.591769984378834009e+09
1.591769984580511093e+09
1.591769984780566931e+09
1.591769984979775906e+09
1.591769985177983999e+09
1.591769985377587080e+09
1.591769985580605984e+09
1.591769985779820919e+09
1.591769985977977991e+09
1.591769986177634954e+09
1.591769986378113985e+09
1.591769986578355074e+09
1.591769986780704975e+09
1.591769986980247021e+09
1.591769987178296089e+09
1.591769987378070116e+09
1.591769987578685999e+09
1.591769987775742054e+09
1.591769987976572037e+09
1.591769988308979988e+09
1.591769988412621975e+09
1.591769988579101086e+09
1.591769988776499987e+09
1.591769988978046894e+09
1.591769989179027081e+09
1.591769989377188921e+09
1.591769989580024004e+09
1.591769989777513981e+09
1.591769989976525068e+09
1.591769990177261114e+09
1.591769990376813889e+09
1.591769990578049898e+09
1.591769990777143002e+09
1.591769990975143909e+09
1.591769991175199032e+09
1.591769991377305031e+09
1.591769991578372955e+09
1.591769991777026892e+09
1.591769991977466106e+09
1.591769992177093983e+09
1.591769992377778053e+09
1.591769992575839043e+09
1.591769992777944088e+09
1.591769992976430893e+09
1.591769993178554058e+09
1.591769993375272036e+09
1.591769993576967001e+09
1.591769993777374029e+09
1.591769993977113962e+09
1.591769994176202059e+09
1.591769994375575066e+09
