1.524000000000000021e+00
1.524000000000000021e+00
1.524000000000000021e+00
1.524000000000000021e+00
1.524000000000000021e+00
1.524000000000000021e+00
1.524000000000000021e+00
1.524000000000000021e+00
1.524000000000000021e+00
1.524000000000000021e+00
1.524000000000000021e+00
1.524000000000000021e+00
1.524000000000000021e+00
1.524000000000000021e+00
1.524000000000000021e+00
1.524000000000000021e+00
1.524000000000000021e+00
1.524000000000000021e+00
1.524000000000000021e+00
1.524000000000000021e+00
1.524000000000000021e+00
1.524000000000000021e+00
1.524000000000000021e+00
1.524000000000000021e+00
1.524000000000000021e+00
1.524000000000000021e+00
1.524000000000000021e+00
1.524000000000000021e+00
1.524000000000000021e+00
1.524000000000000021e+00
1.524000000000000021e+00
1.524000000000000021e+00
1.524000000000000021e+00
1.524000000000000021e+00
1.524000000000000021e+00
1.524000000000000021e+00
1.524000000000000021e+00
1.524000000000000021e+00
1.524000000000000021e+00
1.524000000000000021e+00
1.524000000000000021e+00
1.524000000000000021e+00
1.524000000000000021e+00
1.524000000000000021e+00
1.524000000000000021e+00
1.524000000000000021e+00
1.524000000000000021e+00
1.524000000000000021e+00
1.524000000000000021e+00
1.524000000000000021e+00
1.524000000000000021e+00
1.524000000000000021e+00
1.524000000000000021e+00
1.524000000000000021e+00
1.524000000000000021e+00
1.524000000000000021e+00
1.524000000000000021e+00
1.524000000000000021e+00
1.524000000000000021e+00
1.524000000000000021e+00
1.524000000000000021e+00
1.524000000000000021e+00
1.524000000000000021e+00
1.524000000000000021e+00
1.524000000000000021e+00
1.524000000000000021e+00
1.524000000000000021e+00
1.524000000000000021e+00
1.524000000000000021e+00
1.524000000000000021e+00
1.524000000000000021e+00
1.524000000000000021e+00
1.524000000000000021e+00
1.524000000000000021e+00
1.524000000000000021e+00
1.524000000000000021e+00
1.524000000000000021e+00
1.524000000000000021e+00
1.524999999999999911e+00
1.524999999999999911e+00
1.560000000000000053e+00
1.560000000000000053e+00
1.560000000000000053e+00
1.560000000000000053e+00
1.560000000000000053e+00
1.560000000000000053e+00
1.560000000000000053e+00
1.560000000000000053e+00
1.560000000000000053e+00
1.560000000000000053e+00
1.560000000000000053e+00
1.560000000000000053e+00
1.560000000000000053e+00
1.560000000000000053e+00
1.560000000000000053e+00
1.560000000000000053e+00
1.560000000000000053e+00
1.560000000000000053e+00
1.560000000000000053e+00
1.560000000000000053e+00
1.560000000000000053e+00
1.560000000000000053e+00
1.560000000000000053e+00
1.560000000000000053e+00
1.560000000000000053e+00
1.560000000000000053e+00
1.560000000000000053e+00
1.560000000000000053e+00
1.560000000000000053e+00
1.560000000000000053e+00
1.560000000000000053e+00
1.560000000000000053e+00
1.560000000000000053e+00
1.560000000000000053e+00
1.560000000000000053e+00
1.560000000000000053e+00
1.560000000000000053e+00
1.560000000000000053e+00
1.560000000000000053e+00
1.560000000000000053e+00
1.560000000000000053e+00
1.560000000000000053e+00
1.560000000000000053e+00
1.560000000000000053e+00
1.560000000000000053e+00
1.560000000000000053e+00
1.560000000000000053e+00
1.560000000000000053e+00
1.560000000000000053e+00
1.560000000000000053e+00
1.560000000000000053e+00
1.560000000000000053e+00
1.560000000000000053e+00
1.560000000000000053e+00
1.560000000000000053e+00
1.560000000000000053e+00
1.560000000000000053e+00
1.560000000000000053e+00
1.560000000000000053e+00
1.560000000000000053e+00
1.560000000000000053e+00
1.560000000000000053e+00
1.560000000000000053e+00
1.560000000000000053e+00
1.560000000000000053e+00
1.560000000000000053e+00
1.560000000000000053e+00
1.560000000000000053e+00
1.560000000000000053e+00
1.560000000000000053e+00
1.560000000000000053e+00
1.560000000000000053e+00
1.560000000000000053e+00
1.560000000000000053e+00
1.560000000000000053e+00
1.560000000000000053e+00
1.560000000000000053e+00
1.560000000000000053e+00
1.560000000000000053e+00
1.560000000000000053e+00
1.560000000000000053e+00
1.560000000000000053e+00
1.560000000000000053e+00
1.560000000000000053e+00
1.560000000000000053e+00
1.560000000000000053e+00
1.560000000000000053e+00
1.560000000000000053e+00
1.560000000000000053e+00
1.560000000000000053e+00
1.560000000000000053e+00
1.560000000000000053e+00
1.560000000000000053e+00
1.560000000000000053e+00
1.560000000000000053e+00
1.560000000000000053e+00
1.560000000000000053e+00
1.560000000000000053e+00
1.560000000000000053e+00
1.560000000000000053e+00
1.560000000000000053e+00
1.560000000000000053e+00
1.560000000000000053e+00
1.560000000000000053e+00
1.560000000000000053e+00
1.558999999999999941e+00
1.558999999999999941e+00
1.558999999999999941e+00
1.558999999999999941e+00
1.558999999999999941e+00
1.558999999999999941e+00
1.558999999999999941e+00
1.558999999999999941e+00
1.558999999999999941e+00
1.558999999999999941e+00
1.558999999999999941e+00
1.558999999999999941e+00
1.558999999999999941e+00
1.558999999999999941e+00
1.558999999999999941e+00
1.558999999999999941e+00
1.558999999999999941e+00
1.558999999999999941e+00
1.558999999999999941e+00
1.558999999999999941e+00
1.558999999999999941e+00
1.558999999999999941e+00
1.558999999999999941e+00
1.558999999999999941e+00
1.558999999999999941e+00
1.558999999999999941e+00
1.558999999999999941e+00
1.558999999999999941e+00
1.558999999999999941e+00
1.558999999999999941e+00
1.558999999999999941e+00
1.558999999999999941e+00
1.558999999999999941e+00
1.558999999999999941e+00
1.558999999999999941e+00
1.558999999999999941e+00
1.558999999999999941e+00
1.558999999999999941e+00
1.558999999999999941e+00
1.558999999999999941e+00
1.558999999999999941e+00
1.558999999999999941e+00
1.558999999999999941e+00
1.558999999999999941e+00
1.558999999999999941e+00
1.560000000000000053e+00
1.560000000000000053e+00
1.584000000000000075e+00
1.584000000000000075e+00
1.584000000000000075e+00
1.584000000000000075e+00
1.584000000000000075e+00
1.584000000000000075e+00
1.584000000000000075e+00
1.584000000000000075e+00
1.584000000000000075e+00
1.584000000000000075e+00
1.584000000000000075e+00
1.584000000000000075e+00
1.584000000000000075e+00
1.584000000000000075e+00
1.584000000000000075e+00
1.584000000000000075e+00
1.584000000000000075e+00
1.584000000000000075e+00
1.584000000000000075e+00
1.584000000000000075e+00
1.584000000000000075e+00
1.584000000000000075e+00
1.584000000000000075e+00
1.584000000000000075e+00
1.584000000000000075e+00
1.584000000000000075e+00
1.584000000000000075e+00
1.584000000000000075e+00
1.584000000000000075e+00
1.584000000000000075e+00
1.584000000000000075e+00
1.584000000000000075e+00
1.584000000000000075e+00
1.584000000000000075e+00
1.584000000000000075e+00
1.584000000000000075e+00
1.584000000000000075e+00
1.584000000000000075e+00
1.584000000000000075e+00
1.584000000000000075e+00
1.584000000000000075e+00
1.584000000000000075e+00
1.584000000000000075e+00
1.584000000000000075e+00
1.584000000000000075e+00
1.584000000000000075e+00
1.584000000000000075e+00
1.584000000000000075e+00
1.584000000000000075e+00
1.584000000000000075e+00
1.584000000000000075e+00
1.584000000000000075e+00
1.584999999999999964e+00
1.584999999999999964e+00
1.584999999999999964e+00
1.584999999999999964e+00
1.584999999999999964e+00
1.584999999999999964e+00
1.584999999999999964e+00
1.584999999999999964e+00
1.584999999999999964e+00
1.584999999999999964e+00
1.584999999999999964e+00
1.584999999999999964e+00
1.584999999999999964e+00
1.584999999999999964e+00
1.584999999999999964e+00
1.584999999999999964e+00
