1.930000000000000049e-01
1.930000000000000049e-01
1.930000000000000049e-01
1.930000000000000049e-01
1.930000000000000049e-01
1.930000000000000049e-01
1.930000000000000049e-01
1.930000000000000049e-01
1.930000000000000049e-01
1.930000000000000049e-01
1.930000000000000049e-01
1.930000000000000049e-01
1.930000000000000049e-01
1.930000000000000049e-01
1.930000000000000049e-01
1.930000000000000049e-01
1.930000000000000049e-01
1.930000000000000049e-01
1.930000000000000049e-01
1.930000000000000049e-01
1.930000000000000049e-01
1.930000000000000049e-01
1.930000000000000049e-01
1.930000000000000049e-01
1.930000000000000049e-01
1.930000000000000049e-01
1.930000000000000049e-01
1.930000000000000049e-01
1.930000000000000049e-01
1.930000000000000049e-01
1.930000000000000049e-01
1.930000000000000049e-01
1.930000000000000049e-01
1.930000000000000049e-01
1.930000000000000049e-01
1.930000000000000049e-01
1.930000000000000049e-01
1.930000000000000049e-01
1.930000000000000049e-01
1.930000000000000049e-01
1.930000000000000049e-01
1.930000000000000049e-01
1.930000000000000049e-01
1.930000000000000049e-01
1.930000000000000049e-01
1.930000000000000049e-01
1.930000000000000049e-01
1.930000000000000049e-01
1.930000000000000049e-01
1.930000000000000049e-01
1.930000000000000049e-01
1.930000000000000049e-01
1.930000000000000049e-01
1.930000000000000049e-01
1.930000000000000049e-01
1.930000000000000049e-01
1.930000000000000049e-01
1.930000000000000049e-01
1.930000000000000049e-01
1.930000000000000049e-01
1.930000000000000049e-01
1.930000000000000049e-01
1.930000000000000049e-01
1.930000000000000049e-01
1.920000000000000040e-01
1.920000000000000040e-01
1.920000000000000040e-01
1.920000000000000040e-01
1.920000000000000040e-01
1.920000000000000040e-01
1.920000000000000040e-01
1.920000000000000040e-01
1.920000000000000040e-01
1.920000000000000040e-01
1.920000000000000040e-01
1.920000000000000040e-01
1.920000000000000040e-01
1.920000000000000040e-01
1.920000000000000040e-01
1.920000000000000040e-01
1.920000000000000040e-01
1.920000000000000040e-01
1.920000000000000040e-01
1.920000000000000040e-01
1.920000000000000040e-01
1.920000000000000040e-01
1.920000000000000040e-01
1.920000000000000040e-01
1.920000000000000040e-01
1.920000000000000040e-01
1.920000000000000040e-01
1.920000000000000040e-01
1.920000000000000040e-01
1.920000000000000040e-01
1.920000000000000040e-01
1.920000000000000040e-01
1.920000000000000040e-01
1.920000000000000040e-01
1.920000000000000040e-01
2.159999999999999976e-01
2.159999999999999976e-01
2.159999999999999976e-01
2.159999999999999976e-01
2.159999999999999976e-01
2.159999999999999976e-01
2.159999999999999976e-01
2.159999999999999976e-01
2.159999999999999976e-01
2.159999999999999976e-01
2.159999999999999976e-01
2.159999999999999976e-01
2.159999999999999976e-01
2.159999999999999976e-01
2.159999999999999976e-01
2.159999999999999976e-01
2.159999999999999976e-01
2.159999999999999976e-01
2.159999999999999976e-01
2.159999999999999976e-01
2.159999999999999976e-01
2.159999999999999976e-01
2.159999999999999976e-01
2.159999999999999976e-01
2.159999999999999976e-01
2.159999999999999976e-01
2.159999999999999976e-01
2.159999999999999976e-01
2.159999999999999976e-01
2.159999999999999976e-01
2.159999999999999976e-01
2.159999999999999976e-01
2.159999999999999976e-01
2.159999999999999976e-01
2.159999999999999976e-01
2.159999999999999976e-01
2.159999999999999976e-01
2.159999999999999976e-01
2.159999999999999976e-01
2.159999999999999976e-01
2.159999999999999976e-01
2.159999999999999976e-01
2.159999999999999976e-01
2.159999999999999976e-01
2.159999999999999976e-01
2.159999999999999976e-01
2.159999999999999976e-01
2.159999999999999976e-01
2.159999999999999976e-01
2.159999999999999976e-01
2.159999999999999976e-01
2.159999999999999976e-01
2.159999999999999976e-01
2.159999999999999976e-01
2.159999999999999976e-01
2.159999999999999976e-01
2.159999999999999976e-01
2.159999999999999976e-01
2.159999999999999976e-01
2.159999999999999976e-01
2.159999999999999976e-01
2.159999999999999976e-01
2.159999999999999976e-01
2.169999999999999984e-01
2.540000000000000036e-01
2.489999999999999991e-01
2.479999999999999982e-01
2.479999999999999982e-01
2.479999999999999982e-01
2.479999999999999982e-01
2.479999999999999982e-01
2.479999999999999982e-01
2.479999999999999982e-01
2.479999999999999982e-01
2.479999999999999982e-01
2.479999999999999982e-01
2.479999999999999982e-01
2.479999999999999982e-01
2.479999999999999982e-01
2.479999999999999982e-01
2.479999999999999982e-01
2.479999999999999982e-01
2.479999999999999982e-01
2.479999999999999982e-01
2.479999999999999982e-01
2.479999999999999982e-01
2.479999999999999982e-01
2.479999999999999982e-01
2.479999999999999982e-01
2.479999999999999982e-01
2.479999999999999982e-01
2.479999999999999982e-01
2.479999999999999982e-01
2.479999999999999982e-01
2.479999999999999982e-01
2.479999999999999982e-01
2.489999999999999991e-01
2.489999999999999991e-01
2.489999999999999991e-01
2.489999999999999991e-01
2.489999999999999991e-01
2.489999999999999991e-01
2.489999999999999991e-01
2.489999999999999991e-01
2.489999999999999991e-01
2.489999999999999991e-01
2.489999999999999991e-01
2.489999999999999991e-01
2.489999999999999991e-01
2.489999999999999991e-01
2.489999999999999991e-01
2.489999999999999991e-01
2.489999999999999991e-01
2.489999999999999991e-01
2.489999999999999991e-01
2.489999999999999991e-01
2.489999999999999991e-01
2.489999999999999991e-01
2.489999999999999991e-01
2.489999999999999991e-01
2.489999999999999991e-01
2.489999999999999991e-01
2.489999999999999991e-01
2.489999999999999991e-01
2.489999999999999991e-01
2.489999999999999991e-01
2.489999999999999991e-01
2.489999999999999991e-01
2.489999999999999991e-01
2.489999999999999991e-01
2.489999999999999991e-01
2.489999999999999991e-01
2.489999999999999991e-01
2.489999999999999991e-01
2.489999999999999991e-01
2.489999999999999991e-01
2.489999999999999991e-01
2.489999999999999991e-01
2.489999999999999991e-01
2.489999999999999991e-01
2.489999999999999991e-01
2.489999999999999991e-01
2.489999999999999991e-01
2.489999999999999991e-01
2.489999999999999991e-01
2.489999999999999991e-01
2.489999999999999991e-01
2.489999999999999991e-01
2.489999999999999991e-01
2.489999999999999991e-01
2.489999999999999991e-01
2.489999999999999991e-01
2.489999999999999991e-01
2.489999999999999991e-01
2.489999999999999991e-01
2.489999999999999991e-01
2.489999999999999991e-01
2.489999999999999991e-01
2.489999999999999991e-01
2.489999999999999991e-01
2.489999999999999991e-01
2.489999999999999991e-01
2.489999999999999991e-01
2.489999999999999991e-01
2.489999999999999991e-01
2.489999999999999991e-01
2.489999999999999991e-01
2.489999999999999991e-01
2.489999999999999991e-01
2.489999999999999991e-01
2.489999999999999991e-01
2.489999999999999991e-01
2.489999999999999991e-01
2.489999999999999991e-01
2.489999999999999991e-01
2.489999999999999991e-01
2.489999999999999991e-01
2.489999999999999991e-01
2.489999999999999991e-01
2.489999999999999991e-01
2.489999999999999991e-01
2.489999999999999991e-01
2.489999999999999991e-01
2.489999999999999991e-01
2.489999999999999991e-01
2.489999999999999991e-01
2.489999999999999991e-01
2.489999999999999991e-01
2.780000000000000249e-01
2.750000000000000222e-01
2.740000000000000213e-01
2.740000000000000213e-01
2.740000000000000213e-01
2.740000000000000213e-01
2.740000000000000213e-01
2.740000000000000213e-01
2.740000000000000213e-01
2.740000000000000213e-01
2.730000000000000204e-01
2.730000000000000204e-01
2.730000000000000204e-01
2.730000000000000204e-01
2.730000000000000204e-01
2.730000000000000204e-01
2.730000000000000204e-01
2.730000000000000204e-01
2.730000000000000204e-01
2.730000000000000204e-01
2.730000000000000204e-01
2.730000000000000204e-01
2.730000000000000204e-01
2.730000000000000204e-01
2.730000000000000204e-01
2.730000000000000204e-01
2.730000000000000204e-01
2.730000000000000204e-01
2.730000000000000204e-01
2.730000000000000204e-01
2.730000000000000204e-01
2.730000000000000204e-01
2.730000000000000204e-01
2.730000000000000204e-01
2.730000000000000204e-01
2.730000000000000204e-01
2.730000000000000204e-01
2.730000000000000204e-01
2.730000000000000204e-01
2.740000000000000213e-01
2.740000000000000213e-01
2.740000000000000213e-01
2.740000000000000213e-01
2.740000000000000213e-01
2.740000000000000213e-01
2.740000000000000213e-01
2.740000000000000213e-01
2.740000000000000213e-01
2.740000000000000213e-01
2.740000000000000213e-01
2.740000000000000213e-01
2.740000000000000213e-01
2.740000000000000213e-01
2.740000000000000213e-01
2.740000000000000213e-01
2.740000000000000213e-01
2.740000000000000213e-01
2.740000000000000213e-01
2.740000000000000213e-01
2.740000000000000213e-01
2.740000000000000213e-01
2.740000000000000213e-01
2.740000000000000213e-01
2.740000000000000213e-01
2.740000000000000213e-01
2.740000000000000213e-01
2.740000000000000213e-01
2.740000000000000213e-01
2.740000000000000213e-01
2.740000000000000213e-01
2.740000000000000213e-01
2.740000000000000213e-01
2.740000000000000213e-01
2.740000000000000213e-01
2.740000000000000213e-01
2.740000000000000213e-01
2.740000000000000213e-01
2.740000000000000213e-01
2.740000000000000213e-01
2.740000000000000213e-01
2.740000000000000213e-01
2.740000000000000213e-01
2.740000000000000213e-01
2.740000000000000213e-01
2.740000000000000213e-01
2.740000000000000213e-01
2.740000000000000213e-01
2.740000000000000213e-01
2.740000000000000213e-01
2.740000000000000213e-01
2.740000000000000213e-01
2.740000000000000213e-01
2.740000000000000213e-01
2.740000000000000213e-01
2.740000000000000213e-01
2.740000000000000213e-01
2.740000000000000213e-01
2.740000000000000213e-01
2.740000000000000213e-01
2.740000000000000213e-01
2.740000000000000213e-01
2.740000000000000213e-01
2.740000000000000213e-01
2.740000000000000213e-01
2.740000000000000213e-01
2.740000000000000213e-01
2.740000000000000213e-01
2.740000000000000213e-01
2.740000000000000213e-01
3.039999999999999925e-01
3.039999999999999925e-01
3.039999999999999925e-01
3.039999999999999925e-01
3.039999999999999925e-01
3.039999999999999925e-01
3.039999999999999925e-01
3.039999999999999925e-01
3.039999999999999925e-01
3.039999999999999925e-01
3.039999999999999925e-01
3.039999999999999925e-01
3.039999999999999925e-01
3.039999999999999925e-01
3.039999999999999925e-01
3.039999999999999925e-01
3.039999999999999925e-01
3.039999999999999925e-01
3.039999999999999925e-01
3.039999999999999925e-01
3.039999999999999925e-01
3.039999999999999925e-01
3.039999999999999925e-01
3.039999999999999925e-01
3.039999999999999925e-01
3.039999999999999925e-01
3.039999999999999925e-01
3.039999999999999925e-01
3.039999999999999925e-01
3.039999999999999925e-01
3.039999999999999925e-01
3.039999999999999925e-01
3.039999999999999925e-01
3.039999999999999925e-01
3.039999999999999925e-01
3.039999999999999925e-01
3.039999999999999925e-01
3.039999999999999925e-01
3.039999999999999925e-01
3.039999999999999925e-01
3.039999999999999925e-01
3.039999999999999925e-01
3.039999999999999925e-01
3.039999999999999925e-01
3.039999999999999925e-01
3.039999999999999925e-01
3.039999999999999925e-01
3.039999999999999925e-01
3.039999999999999925e-01
3.039999999999999925e-01
3.039999999999999925e-01
3.039999999999999925e-01
3.039999999999999925e-01
3.039999999999999925e-01
3.039999999999999925e-01
3.039999999999999925e-01
3.039999999999999925e-01
3.039999999999999925e-01
3.039999999999999925e-01
3.039999999999999925e-01
3.039999999999999925e-01
3.039999999999999925e-01
3.039999999999999925e-01
3.039999999999999925e-01
3.039999999999999925e-01
3.039999999999999925e-01
3.039999999999999925e-01
3.039999999999999925e-01
3.039999999999999925e-01
3.039999999999999925e-01
3.039999999999999925e-01
3.039999999999999925e-01
3.039999999999999925e-01
3.029999999999999916e-01
3.029999999999999916e-01
3.029999999999999916e-01
3.029999999999999916e-01
3.029999999999999916e-01
3.029999999999999916e-01
3.029999999999999916e-01
3.029999999999999916e-01
3.029999999999999916e-01
3.029999999999999916e-01
3.029999999999999916e-01
3.029999999999999916e-01
3.029999999999999916e-01
3.029999999999999916e-01
3.029999999999999916e-01
3.029999999999999916e-01
3.029999999999999916e-01
3.029999999999999916e-01
3.029999999999999916e-01
3.029999999999999916e-01
3.029999999999999916e-01
3.029999999999999916e-01
3.029999999999999916e-01
3.029999999999999916e-01
3.029999999999999916e-01
3.029999999999999916e-01
3.039999999999999925e-01
3.039999999999999925e-01
3.039999999999999925e-01
3.039999999999999925e-01
3.039999999999999925e-01
3.039999999999999925e-01
3.039999999999999925e-01
3.039999999999999925e-01
3.039999999999999925e-01
3.039999999999999925e-01
3.039999999999999925e-01
3.039999999999999925e-01
3.039999999999999925e-01
3.039999999999999925e-01
3.039999999999999925e-01
3.039999999999999925e-01
3.039999999999999925e-01
3.039999999999999925e-01
3.039999999999999925e-01
3.029999999999999916e-01
3.029999999999999916e-01
3.029999999999999916e-01
3.029999999999999916e-01
3.029999999999999916e-01
3.029999999999999916e-01
3.029999999999999916e-01
3.029999999999999916e-01
3.029999999999999916e-01
3.039999999999999925e-01
3.410000000000000253e-01
3.390000000000000235e-01
3.390000000000000235e-01
3.390000000000000235e-01
3.390000000000000235e-01
3.390000000000000235e-01
3.390000000000000235e-01
3.390000000000000235e-01
3.390000000000000235e-01
3.390000000000000235e-01
3.390000000000000235e-01
3.390000000000000235e-01
3.390000000000000235e-01
3.390000000000000235e-01
3.390000000000000235e-01
3.390000000000000235e-01
3.390000000000000235e-01
3.390000000000000235e-01
3.390000000000000235e-01
3.390000000000000235e-01
3.390000000000000235e-01
3.390000000000000235e-01
3.380000000000000226e-01
3.380000000000000226e-01
3.380000000000000226e-01
3.380000000000000226e-01
3.380000000000000226e-01
3.380000000000000226e-01
3.380000000000000226e-01
3.380000000000000226e-01
3.380000000000000226e-01
3.380000000000000226e-01
3.380000000000000226e-01
3.380000000000000226e-01
3.380000000000000226e-01
3.380000000000000226e-01
3.380000000000000226e-01
3.380000000000000226e-01
3.380000000000000226e-01
3.380000000000000226e-01
3.380000000000000226e-01
3.380000000000000226e-01
3.380000000000000226e-01
3.380000000000000226e-01
3.380000000000000226e-01
3.380000000000000226e-01
3.380000000000000226e-01
3.380000000000000226e-01
3.380000000000000226e-01
3.380000000000000226e-01
3.380000000000000226e-01
3.380000000000000226e-01
3.380000000000000226e-01
3.380000000000000226e-01
3.380000000000000226e-01
3.380000000000000226e-01
3.380000000000000226e-01
3.380000000000000226e-01
3.380000000000000226e-01
3.380000000000000226e-01
3.390000000000000235e-01
3.390000000000000235e-01
3.390000000000000235e-01
3.390000000000000235e-01
3.390000000000000235e-01
3.390000000000000235e-01
3.390000000000000235e-01
3.390000000000000235e-01
3.380000000000000226e-01
3.380000000000000226e-01
3.380000000000000226e-01
3.380000000000000226e-01
3.380000000000000226e-01
3.380000000000000226e-01
3.380000000000000226e-01
3.380000000000000226e-01
3.380000000000000226e-01
3.380000000000000226e-01
3.380000000000000226e-01
3.380000000000000226e-01
3.380000000000000226e-01
3.380000000000000226e-01
3.380000000000000226e-01
3.380000000000000226e-01
3.380000000000000226e-01
3.380000000000000226e-01
3.380000000000000226e-01
3.380000000000000226e-01
3.380000000000000226e-01
3.380000000000000226e-01
3.380000000000000226e-01
3.380000000000000226e-01
3.380000000000000226e-01
3.380000000000000226e-01
3.380000000000000226e-01
3.380000000000000226e-01
3.380000000000000226e-01
3.380000000000000226e-01
3.380000000000000226e-01
3.380000000000000226e-01
3.380000000000000226e-01
3.380000000000000226e-01
3.380000000000000226e-01
3.380000000000000226e-01
3.380000000000000226e-01
3.380000000000000226e-01
3.689999999999999947e-01
3.639999999999999902e-01
3.639999999999999902e-01
3.629999999999999893e-01
3.629999999999999893e-01
3.629999999999999893e-01
3.629999999999999893e-01
3.629999999999999893e-01
3.629999999999999893e-01
3.629999999999999893e-01
3.629999999999999893e-01
3.629999999999999893e-01
3.629999999999999893e-01
3.639999999999999902e-01
3.639999999999999902e-01
3.639999999999999902e-01
3.639999999999999902e-01
3.639999999999999902e-01
3.639999999999999902e-01
3.639999999999999902e-01
3.639999999999999902e-01
3.639999999999999902e-01
3.639999999999999902e-01
3.639999999999999902e-01
3.639999999999999902e-01
3.639999999999999902e-01
3.639999999999999902e-01
3.639999999999999902e-01
3.639999999999999902e-01
3.639999999999999902e-01
3.639999999999999902e-01
3.639999999999999902e-01
3.639999999999999902e-01
3.639999999999999902e-01
3.639999999999999902e-01
3.639999999999999902e-01
3.639999999999999902e-01
3.639999999999999902e-01
3.629999999999999893e-01
3.629999999999999893e-01
3.629999999999999893e-01
3.629999999999999893e-01
3.629999999999999893e-01
3.629999999999999893e-01
3.629999999999999893e-01
3.629999999999999893e-01
3.629999999999999893e-01
3.629999999999999893e-01
3.629999999999999893e-01
3.629999999999999893e-01
3.629999999999999893e-01
3.629999999999999893e-01
3.629999999999999893e-01
3.629999999999999893e-01
3.629999999999999893e-01
3.629999999999999893e-01
3.629999999999999893e-01
3.629999999999999893e-01
3.629999999999999893e-01
3.629999999999999893e-01
3.629999999999999893e-01
3.629999999999999893e-01
3.639999999999999902e-01
3.639999999999999902e-01
3.639999999999999902e-01
3.639999999999999902e-01
3.639999999999999902e-01
3.639999999999999902e-01
3.639999999999999902e-01
3.639999999999999902e-01
3.639999999999999902e-01
3.639999999999999902e-01
3.639999999999999902e-01
3.639999999999999902e-01
3.639999999999999902e-01
3.639999999999999902e-01
3.639999999999999902e-01
3.639999999999999902e-01
3.639999999999999902e-01
3.639999999999999902e-01
3.639999999999999902e-01
3.639999999999999902e-01
3.639999999999999902e-01
3.639999999999999902e-01
3.639999999999999902e-01
3.639999999999999902e-01
3.639999999999999902e-01
3.639999999999999902e-01
3.639999999999999902e-01
3.639999999999999902e-01
3.639999999999999902e-01
3.639999999999999902e-01
3.639999999999999902e-01
3.639999999999999902e-01
3.639999999999999902e-01
3.639999999999999902e-01
3.639999999999999902e-01
3.639999999999999902e-01
3.639999999999999902e-01
3.639999999999999902e-01
3.639999999999999902e-01
3.639999999999999902e-01
3.639999999999999902e-01
3.639999999999999902e-01
3.639999999999999902e-01
3.639999999999999902e-01
3.639999999999999902e-01
3.639999999999999902e-01
3.649999999999999911e-01
3.920000000000000151e-01
3.910000000000000142e-01
3.900000000000000133e-01
3.900000000000000133e-01
3.900000000000000133e-01
3.900000000000000133e-01
3.900000000000000133e-01
3.900000000000000133e-01
3.900000000000000133e-01
3.900000000000000133e-01
3.900000000000000133e-01
3.900000000000000133e-01
3.900000000000000133e-01
3.900000000000000133e-01
3.900000000000000133e-01
3.900000000000000133e-01
3.900000000000000133e-01
3.900000000000000133e-01
3.900000000000000133e-01
3.900000000000000133e-01
3.900000000000000133e-01
3.900000000000000133e-01
3.900000000000000133e-01
3.900000000000000133e-01
3.900000000000000133e-01
3.900000000000000133e-01
3.900000000000000133e-01
3.900000000000000133e-01
3.900000000000000133e-01
3.900000000000000133e-01
3.900000000000000133e-01
3.900000000000000133e-01
3.900000000000000133e-01
3.900000000000000133e-01
3.900000000000000133e-01
3.890000000000000124e-01
3.890000000000000124e-01
3.890000000000000124e-01
3.890000000000000124e-01
3.890000000000000124e-01
3.890000000000000124e-01
3.890000000000000124e-01
3.890000000000000124e-01
3.890000000000000124e-01
3.890000000000000124e-01
3.890000000000000124e-01
3.890000000000000124e-01
3.890000000000000124e-01
3.890000000000000124e-01
3.890000000000000124e-01
3.890000000000000124e-01
3.890000000000000124e-01
3.890000000000000124e-01
3.910000000000000142e-01
3.910000000000000142e-01
3.910000000000000142e-01
3.910000000000000142e-01
3.910000000000000142e-01
3.910000000000000142e-01
3.910000000000000142e-01
3.910000000000000142e-01
3.910000000000000142e-01
3.910000000000000142e-01
3.910000000000000142e-01
3.910000000000000142e-01
3.910000000000000142e-01
3.910000000000000142e-01
3.910000000000000142e-01
3.910000000000000142e-01
3.910000000000000142e-01
3.910000000000000142e-01
3.910000000000000142e-01
3.910000000000000142e-01
3.910000000000000142e-01
3.910000000000000142e-01
3.910000000000000142e-01
3.910000000000000142e-01
3.910000000000000142e-01
3.910000000000000142e-01
3.910000000000000142e-01
3.910000000000000142e-01
3.910000000000000142e-01
3.910000000000000142e-01
3.910000000000000142e-01
3.910000000000000142e-01
3.910000000000000142e-01
3.910000000000000142e-01
3.910000000000000142e-01
3.910000000000000142e-01
3.910000000000000142e-01
3.910000000000000142e-01
3.910000000000000142e-01
3.910000000000000142e-01
3.910000000000000142e-01
3.910000000000000142e-01
3.910000000000000142e-01
3.910000000000000142e-01
3.910000000000000142e-01
3.910000000000000142e-01
3.910000000000000142e-01
3.910000000000000142e-01
3.910000000000000142e-01
3.910000000000000142e-01
3.910000000000000142e-01
3.910000000000000142e-01
3.910000000000000142e-01
3.910000000000000142e-01
3.910000000000000142e-01
3.910000000000000142e-01
3.910000000000000142e-01
3.910000000000000142e-01
3.910000000000000142e-01
3.910000000000000142e-01
3.910000000000000142e-01
4.209999999999999853e-01
4.189999999999999836e-01
4.189999999999999836e-01
4.189999999999999836e-01
4.189999999999999836e-01
4.189999999999999836e-01
4.189999999999999836e-01
4.179999999999999827e-01
4.179999999999999827e-01
4.179999999999999827e-01
4.179999999999999827e-01
4.179999999999999827e-01
4.179999999999999827e-01
4.179999999999999827e-01
4.179999999999999827e-01
4.179999999999999827e-01
4.179999999999999827e-01
4.179999999999999827e-01
4.179999999999999827e-01
4.179999999999999827e-01
4.179999999999999827e-01
4.179999999999999827e-01
4.179999999999999827e-01
4.179999999999999827e-01
4.179999999999999827e-01
4.179999999999999827e-01
4.179999999999999827e-01
4.179999999999999827e-01
4.179999999999999827e-01
4.179999999999999827e-01
4.179999999999999827e-01
4.179999999999999827e-01
4.179999999999999827e-01
4.179999999999999827e-01
4.179999999999999827e-01
4.179999999999999827e-01
4.189999999999999836e-01
4.189999999999999836e-01
4.189999999999999836e-01
4.189999999999999836e-01
4.189999999999999836e-01
4.189999999999999836e-01
4.189999999999999836e-01
4.189999999999999836e-01
4.189999999999999836e-01
4.189999999999999836e-01
4.189999999999999836e-01
4.189999999999999836e-01
4.189999999999999836e-01
4.189999999999999836e-01
4.189999999999999836e-01
4.189999999999999836e-01
4.189999999999999836e-01
4.189999999999999836e-01
4.189999999999999836e-01
4.189999999999999836e-01
4.189999999999999836e-01
4.189999999999999836e-01
4.189999999999999836e-01
4.189999999999999836e-01
4.189999999999999836e-01
4.189999999999999836e-01
4.189999999999999836e-01
4.189999999999999836e-01
4.189999999999999836e-01
4.189999999999999836e-01
4.189999999999999836e-01
4.189999999999999836e-01
4.189999999999999836e-01
4.189999999999999836e-01
4.189999999999999836e-01
4.189999999999999836e-01
4.189999999999999836e-01
4.189999999999999836e-01
4.189999999999999836e-01
4.189999999999999836e-01
4.189999999999999836e-01
4.189999999999999836e-01
4.189999999999999836e-01
4.189999999999999836e-01
4.189999999999999836e-01
4.189999999999999836e-01
4.189999999999999836e-01
4.189999999999999836e-01
4.189999999999999836e-01
4.189999999999999836e-01
4.189999999999999836e-01
4.189999999999999836e-01
4.189999999999999836e-01
4.189999999999999836e-01
4.189999999999999836e-01
4.189999999999999836e-01
4.189999999999999836e-01
4.189999999999999836e-01
4.189999999999999836e-01
4.189999999999999836e-01
4.189999999999999836e-01
4.189999999999999836e-01
4.189999999999999836e-01
4.189999999999999836e-01
4.189999999999999836e-01
4.189999999999999836e-01
4.189999999999999836e-01
4.179999999999999827e-01
4.179999999999999827e-01
4.179999999999999827e-01
4.179999999999999827e-01
4.179999999999999827e-01
4.179999999999999827e-01
4.179999999999999827e-01
4.179999999999999827e-01
4.179999999999999827e-01
4.179999999999999827e-01
4.179999999999999827e-01
4.179999999999999827e-01
4.179999999999999827e-01
4.179999999999999827e-01
4.179999999999999827e-01
4.179999999999999827e-01
4.179999999999999827e-01
4.179999999999999827e-01
4.189999999999999836e-01
4.500000000000000111e-01
4.500000000000000111e-01
4.490000000000000102e-01
4.490000000000000102e-01
4.490000000000000102e-01
4.490000000000000102e-01
4.490000000000000102e-01
4.490000000000000102e-01
4.490000000000000102e-01
4.490000000000000102e-01
4.490000000000000102e-01
4.490000000000000102e-01
4.490000000000000102e-01
4.490000000000000102e-01
4.490000000000000102e-01
4.490000000000000102e-01
4.490000000000000102e-01
4.490000000000000102e-01
4.490000000000000102e-01
4.490000000000000102e-01
4.490000000000000102e-01
4.490000000000000102e-01
4.490000000000000102e-01
4.490000000000000102e-01
4.490000000000000102e-01
4.490000000000000102e-01
4.490000000000000102e-01
4.490000000000000102e-01
4.490000000000000102e-01
4.490000000000000102e-01
4.490000000000000102e-01
4.490000000000000102e-01
4.490000000000000102e-01
4.490000000000000102e-01
4.490000000000000102e-01
4.490000000000000102e-01
4.490000000000000102e-01
4.490000000000000102e-01
4.490000000000000102e-01
4.490000000000000102e-01
4.490000000000000102e-01
4.490000000000000102e-01
4.490000000000000102e-01
4.490000000000000102e-01
4.490000000000000102e-01
4.490000000000000102e-01
4.490000000000000102e-01
4.490000000000000102e-01
4.490000000000000102e-01
4.480000000000000093e-01
4.480000000000000093e-01
4.480000000000000093e-01
4.480000000000000093e-01
4.480000000000000093e-01
4.480000000000000093e-01
4.480000000000000093e-01
4.480000000000000093e-01
4.480000000000000093e-01
4.480000000000000093e-01
4.480000000000000093e-01
4.480000000000000093e-01
4.480000000000000093e-01
4.480000000000000093e-01
4.480000000000000093e-01
4.480000000000000093e-01
4.490000000000000102e-01
4.490000000000000102e-01
4.490000000000000102e-01
4.490000000000000102e-01
4.490000000000000102e-01
4.490000000000000102e-01
4.490000000000000102e-01
4.490000000000000102e-01
4.490000000000000102e-01
4.490000000000000102e-01
4.490000000000000102e-01
4.490000000000000102e-01
4.490000000000000102e-01
4.490000000000000102e-01
4.490000000000000102e-01
4.490000000000000102e-01
4.490000000000000102e-01
4.490000000000000102e-01
4.490000000000000102e-01
4.490000000000000102e-01
4.490000000000000102e-01
4.490000000000000102e-01
4.490000000000000102e-01
4.490000000000000102e-01
4.490000000000000102e-01
4.480000000000000093e-01
4.480000000000000093e-01
4.480000000000000093e-01
4.480000000000000093e-01
4.480000000000000093e-01
4.480000000000000093e-01
4.480000000000000093e-01
4.480000000000000093e-01
4.480000000000000093e-01
4.480000000000000093e-01
4.480000000000000093e-01
4.480000000000000093e-01
4.480000000000000093e-01
4.490000000000000102e-01
4.899999999999999911e-01
4.859999999999999876e-01
4.849999999999999867e-01
4.839999999999999858e-01
4.839999999999999858e-01
4.839999999999999858e-01
4.839999999999999858e-01
4.839999999999999858e-01
4.839999999999999858e-01
4.839999999999999858e-01
4.839999999999999858e-01
4.839999999999999858e-01
4.839999999999999858e-01
4.839999999999999858e-01
4.839999999999999858e-01
4.839999999999999858e-01
4.839999999999999858e-01
4.849999999999999867e-01
4.849999999999999867e-01
4.849999999999999867e-01
4.849999999999999867e-01
4.849999999999999867e-01
4.849999999999999867e-01
4.849999999999999867e-01
4.849999999999999867e-01
4.849999999999999867e-01
4.849999999999999867e-01
4.849999999999999867e-01
4.849999999999999867e-01
4.849999999999999867e-01
4.849999999999999867e-01
4.849999999999999867e-01
4.849999999999999867e-01
4.849999999999999867e-01
4.849999999999999867e-01
4.849999999999999867e-01
4.849999999999999867e-01
4.849999999999999867e-01
4.849999999999999867e-01
4.849999999999999867e-01
4.849999999999999867e-01
4.849999999999999867e-01
4.849999999999999867e-01
4.849999999999999867e-01
4.849999999999999867e-01
4.849999999999999867e-01
4.849999999999999867e-01
4.849999999999999867e-01
4.849999999999999867e-01
4.849999999999999867e-01
4.849999999999999867e-01
4.849999999999999867e-01
4.849999999999999867e-01
4.849999999999999867e-01
4.849999999999999867e-01
4.849999999999999867e-01
4.849999999999999867e-01
4.849999999999999867e-01
4.849999999999999867e-01
4.849999999999999867e-01
4.849999999999999867e-01
4.849999999999999867e-01
4.849999999999999867e-01
4.839999999999999858e-01
4.839999999999999858e-01
4.839999999999999858e-01
4.839999999999999858e-01
4.839999999999999858e-01
4.839999999999999858e-01
4.839999999999999858e-01
4.839999999999999858e-01
4.839999999999999858e-01
4.839999999999999858e-01
4.839999999999999858e-01
4.839999999999999858e-01
4.839999999999999858e-01
4.839999999999999858e-01
4.839999999999999858e-01
4.839999999999999858e-01
4.839999999999999858e-01
4.839999999999999858e-01
4.839999999999999858e-01
4.839999999999999858e-01
4.839999999999999858e-01
4.839999999999999858e-01
4.839999999999999858e-01
4.839999999999999858e-01
4.839999999999999858e-01
4.839999999999999858e-01
4.839999999999999858e-01
4.839999999999999858e-01
4.839999999999999858e-01
4.839999999999999858e-01
4.839999999999999858e-01
4.839999999999999858e-01
4.839999999999999858e-01
4.839999999999999858e-01
4.839999999999999858e-01
4.839999999999999858e-01
4.839999999999999858e-01
4.839999999999999858e-01
4.839999999999999858e-01
4.839999999999999858e-01
4.839999999999999858e-01
4.839999999999999858e-01
4.839999999999999858e-01
4.849999999999999867e-01
5.150000000000000133e-01
5.140000000000000124e-01
5.130000000000000115e-01
5.130000000000000115e-01
5.130000000000000115e-01
5.130000000000000115e-01
5.130000000000000115e-01
5.130000000000000115e-01
5.130000000000000115e-01
5.130000000000000115e-01
5.130000000000000115e-01
5.130000000000000115e-01
5.130000000000000115e-01
5.130000000000000115e-01
5.130000000000000115e-01
5.130000000000000115e-01
5.130000000000000115e-01
5.130000000000000115e-01
5.130000000000000115e-01
5.130000000000000115e-01
5.130000000000000115e-01
5.130000000000000115e-01
5.130000000000000115e-01
5.130000000000000115e-01
5.130000000000000115e-01
5.130000000000000115e-01
5.130000000000000115e-01
5.130000000000000115e-01
5.130000000000000115e-01
5.130000000000000115e-01
5.130000000000000115e-01
5.130000000000000115e-01
5.130000000000000115e-01
5.130000000000000115e-01
5.130000000000000115e-01
5.130000000000000115e-01
5.130000000000000115e-01
5.130000000000000115e-01
5.130000000000000115e-01
5.130000000000000115e-01
5.130000000000000115e-01
5.130000000000000115e-01
5.130000000000000115e-01
5.130000000000000115e-01
5.130000000000000115e-01
5.130000000000000115e-01
5.130000000000000115e-01
5.130000000000000115e-01
5.130000000000000115e-01
5.130000000000000115e-01
5.130000000000000115e-01
5.130000000000000115e-01
5.130000000000000115e-01
5.130000000000000115e-01
5.130000000000000115e-01
5.130000000000000115e-01
5.130000000000000115e-01
5.130000000000000115e-01
5.130000000000000115e-01
5.130000000000000115e-01
5.130000000000000115e-01
5.130000000000000115e-01
5.130000000000000115e-01
5.130000000000000115e-01
5.130000000000000115e-01
5.130000000000000115e-01
5.130000000000000115e-01
5.130000000000000115e-01
5.130000000000000115e-01
5.130000000000000115e-01
5.130000000000000115e-01
5.130000000000000115e-01
5.130000000000000115e-01
5.130000000000000115e-01
5.130000000000000115e-01
5.130000000000000115e-01
5.130000000000000115e-01
5.130000000000000115e-01
5.130000000000000115e-01
5.130000000000000115e-01
5.130000000000000115e-01
5.130000000000000115e-01
5.130000000000000115e-01
5.130000000000000115e-01
5.130000000000000115e-01
5.130000000000000115e-01
5.130000000000000115e-01
5.130000000000000115e-01
5.130000000000000115e-01
5.130000000000000115e-01
5.130000000000000115e-01
5.140000000000000124e-01
5.140000000000000124e-01
5.140000000000000124e-01
5.140000000000000124e-01
5.140000000000000124e-01
5.140000000000000124e-01
5.140000000000000124e-01
5.140000000000000124e-01
5.140000000000000124e-01
5.140000000000000124e-01
5.140000000000000124e-01
5.140000000000000124e-01
5.140000000000000124e-01
5.140000000000000124e-01
5.140000000000000124e-01
5.140000000000000124e-01
5.140000000000000124e-01
5.140000000000000124e-01
5.140000000000000124e-01
5.140000000000000124e-01
5.490000000000000435e-01
5.490000000000000435e-01
5.490000000000000435e-01
5.490000000000000435e-01
5.490000000000000435e-01
5.490000000000000435e-01
5.490000000000000435e-01
5.490000000000000435e-01
5.490000000000000435e-01
5.490000000000000435e-01
5.490000000000000435e-01
5.490000000000000435e-01
5.490000000000000435e-01
5.490000000000000435e-01
5.490000000000000435e-01
5.490000000000000435e-01
5.490000000000000435e-01
5.490000000000000435e-01
5.490000000000000435e-01
5.490000000000000435e-01
5.490000000000000435e-01
5.490000000000000435e-01
5.490000000000000435e-01
5.490000000000000435e-01
5.490000000000000435e-01
5.490000000000000435e-01
5.490000000000000435e-01
5.490000000000000435e-01
5.490000000000000435e-01
5.490000000000000435e-01
5.490000000000000435e-01
5.490000000000000435e-01
5.490000000000000435e-01
5.490000000000000435e-01
5.490000000000000435e-01
5.490000000000000435e-01
5.490000000000000435e-01
5.490000000000000435e-01
5.490000000000000435e-01
5.490000000000000435e-01
5.490000000000000435e-01
5.490000000000000435e-01
5.490000000000000435e-01
5.490000000000000435e-01
5.490000000000000435e-01
5.490000000000000435e-01
5.490000000000000435e-01
5.490000000000000435e-01
5.490000000000000435e-01
5.490000000000000435e-01
5.490000000000000435e-01
5.490000000000000435e-01
5.490000000000000435e-01
5.490000000000000435e-01
5.490000000000000435e-01
5.490000000000000435e-01
5.490000000000000435e-01
5.490000000000000435e-01
5.490000000000000435e-01
5.490000000000000435e-01
5.490000000000000435e-01
5.490000000000000435e-01
5.490000000000000435e-01
5.490000000000000435e-01
5.490000000000000435e-01
5.490000000000000435e-01
5.490000000000000435e-01
5.490000000000000435e-01
5.490000000000000435e-01
5.490000000000000435e-01
5.490000000000000435e-01
5.779999999999999583e-01
5.779999999999999583e-01
5.779999999999999583e-01
5.779999999999999583e-01
5.779999999999999583e-01
5.779999999999999583e-01
5.779999999999999583e-01
5.779999999999999583e-01
5.779999999999999583e-01
5.779999999999999583e-01
5.779999999999999583e-01
5.779999999999999583e-01
5.779999999999999583e-01
5.779999999999999583e-01
5.779999999999999583e-01
5.779999999999999583e-01
5.779999999999999583e-01
5.779999999999999583e-01
5.779999999999999583e-01
5.779999999999999583e-01
5.779999999999999583e-01
5.779999999999999583e-01
5.779999999999999583e-01
5.779999999999999583e-01
5.779999999999999583e-01
5.779999999999999583e-01
5.779999999999999583e-01
5.779999999999999583e-01
5.779999999999999583e-01
5.779999999999999583e-01
5.779999999999999583e-01
5.779999999999999583e-01
5.779999999999999583e-01
5.779999999999999583e-01
5.779999999999999583e-01
5.779999999999999583e-01
5.779999999999999583e-01
5.779999999999999583e-01
5.779999999999999583e-01
5.779999999999999583e-01
5.779999999999999583e-01
5.779999999999999583e-01
5.779999999999999583e-01
5.779999999999999583e-01
5.779999999999999583e-01
5.779999999999999583e-01
5.779999999999999583e-01
5.779999999999999583e-01
5.779999999999999583e-01
5.779999999999999583e-01
5.779999999999999583e-01
5.779999999999999583e-01
5.779999999999999583e-01
5.779999999999999583e-01
5.779999999999999583e-01
5.779999999999999583e-01
5.779999999999999583e-01
5.779999999999999583e-01
5.779999999999999583e-01
5.779999999999999583e-01
5.779999999999999583e-01
5.779999999999999583e-01
5.779999999999999583e-01
5.779999999999999583e-01
5.779999999999999583e-01
5.779999999999999583e-01
5.779999999999999583e-01
5.779999999999999583e-01
5.779999999999999583e-01
5.779999999999999583e-01
5.779999999999999583e-01
5.779999999999999583e-01
5.779999999999999583e-01
5.779999999999999583e-01
5.779999999999999583e-01
5.779999999999999583e-01
5.779999999999999583e-01
5.779999999999999583e-01
5.779999999999999583e-01
5.779999999999999583e-01
5.779999999999999583e-01
5.779999999999999583e-01
5.779999999999999583e-01
5.779999999999999583e-01
5.779999999999999583e-01
6.069999999999999840e-01
6.039999999999999813e-01
6.039999999999999813e-01
6.029999999999999805e-01
6.039999999999999813e-01
6.039999999999999813e-01
6.039999999999999813e-01
6.039999999999999813e-01
6.039999999999999813e-01
6.039999999999999813e-01
6.039999999999999813e-01
6.039999999999999813e-01
6.039999999999999813e-01
6.039999999999999813e-01
6.039999999999999813e-01
6.039999999999999813e-01
6.039999999999999813e-01
6.039999999999999813e-01
6.039999999999999813e-01
6.039999999999999813e-01
6.039999999999999813e-01
6.039999999999999813e-01
6.039999999999999813e-01
6.039999999999999813e-01
6.039999999999999813e-01
6.039999999999999813e-01
6.039999999999999813e-01
6.039999999999999813e-01
6.039999999999999813e-01
6.039999999999999813e-01
6.039999999999999813e-01
6.039999999999999813e-01
6.039999999999999813e-01
6.039999999999999813e-01
6.039999999999999813e-01
6.039999999999999813e-01
6.039999999999999813e-01
6.039999999999999813e-01
6.039999999999999813e-01
6.039999999999999813e-01
6.039999999999999813e-01
6.039999999999999813e-01
6.039999999999999813e-01
6.039999999999999813e-01
6.039999999999999813e-01
6.039999999999999813e-01
6.039999999999999813e-01
6.039999999999999813e-01
6.039999999999999813e-01
6.039999999999999813e-01
6.029999999999999805e-01
6.029999999999999805e-01
6.029999999999999805e-01
6.029999999999999805e-01
6.029999999999999805e-01
6.029999999999999805e-01
6.029999999999999805e-01
6.029999999999999805e-01
6.029999999999999805e-01
6.029999999999999805e-01
6.029999999999999805e-01
6.029999999999999805e-01
6.029999999999999805e-01
6.029999999999999805e-01
6.029999999999999805e-01
6.029999999999999805e-01
6.029999999999999805e-01
6.029999999999999805e-01
6.019999999999999796e-01
6.019999999999999796e-01
6.019999999999999796e-01
6.019999999999999796e-01
6.019999999999999796e-01
6.019999999999999796e-01
6.400000000000000133e-01
6.350000000000000089e-01
6.340000000000000080e-01
6.330000000000000071e-01
6.330000000000000071e-01
6.330000000000000071e-01
6.330000000000000071e-01
6.330000000000000071e-01
6.330000000000000071e-01
6.330000000000000071e-01
6.330000000000000071e-01
6.330000000000000071e-01
6.330000000000000071e-01
6.330000000000000071e-01
6.330000000000000071e-01
6.330000000000000071e-01
6.330000000000000071e-01
6.330000000000000071e-01
6.330000000000000071e-01
6.330000000000000071e-01
6.330000000000000071e-01
6.330000000000000071e-01
6.330000000000000071e-01
6.330000000000000071e-01
6.330000000000000071e-01
6.330000000000000071e-01
6.330000000000000071e-01
6.330000000000000071e-01
6.330000000000000071e-01
6.330000000000000071e-01
6.330000000000000071e-01
6.330000000000000071e-01
6.330000000000000071e-01
6.330000000000000071e-01
6.330000000000000071e-01
6.330000000000000071e-01
6.330000000000000071e-01
6.330000000000000071e-01
6.330000000000000071e-01
6.350000000000000089e-01
6.350000000000000089e-01
6.350000000000000089e-01
6.350000000000000089e-01
6.350000000000000089e-01
6.350000000000000089e-01
6.350000000000000089e-01
6.350000000000000089e-01
6.350000000000000089e-01
6.350000000000000089e-01
6.350000000000000089e-01
6.350000000000000089e-01
6.350000000000000089e-01
6.350000000000000089e-01
6.350000000000000089e-01
6.350000000000000089e-01
6.350000000000000089e-01
6.350000000000000089e-01
6.350000000000000089e-01
6.350000000000000089e-01
6.350000000000000089e-01
6.350000000000000089e-01
6.350000000000000089e-01
6.350000000000000089e-01
6.350000000000000089e-01
6.350000000000000089e-01
6.350000000000000089e-01
6.350000000000000089e-01
6.350000000000000089e-01
6.350000000000000089e-01
6.350000000000000089e-01
6.350000000000000089e-01
6.350000000000000089e-01
6.350000000000000089e-01
6.350000000000000089e-01
6.350000000000000089e-01
6.350000000000000089e-01
6.350000000000000089e-01
6.350000000000000089e-01
6.350000000000000089e-01
6.350000000000000089e-01
6.350000000000000089e-01
6.350000000000000089e-01
6.350000000000000089e-01
6.350000000000000089e-01
6.350000000000000089e-01
6.350000000000000089e-01
6.350000000000000089e-01
6.350000000000000089e-01
6.350000000000000089e-01
6.350000000000000089e-01
6.350000000000000089e-01
6.350000000000000089e-01
6.350000000000000089e-01
6.350000000000000089e-01
6.350000000000000089e-01
6.350000000000000089e-01
6.350000000000000089e-01
6.350000000000000089e-01
6.350000000000000089e-01
6.350000000000000089e-01
6.350000000000000089e-01
6.350000000000000089e-01
6.690000000000000391e-01
6.690000000000000391e-01
6.690000000000000391e-01
6.690000000000000391e-01
6.690000000000000391e-01
6.690000000000000391e-01
6.690000000000000391e-01
6.690000000000000391e-01
6.690000000000000391e-01
6.690000000000000391e-01
6.690000000000000391e-01
6.690000000000000391e-01
6.690000000000000391e-01
6.690000000000000391e-01
6.690000000000000391e-01
6.690000000000000391e-01
6.690000000000000391e-01
6.690000000000000391e-01
6.690000000000000391e-01
6.690000000000000391e-01
6.690000000000000391e-01
6.690000000000000391e-01
6.690000000000000391e-01
6.690000000000000391e-01
6.690000000000000391e-01
6.690000000000000391e-01
6.690000000000000391e-01
6.690000000000000391e-01
6.690000000000000391e-01
6.690000000000000391e-01
6.690000000000000391e-01
6.690000000000000391e-01
6.690000000000000391e-01
6.690000000000000391e-01
6.690000000000000391e-01
6.690000000000000391e-01
6.690000000000000391e-01
6.690000000000000391e-01
6.690000000000000391e-01
6.690000000000000391e-01
6.690000000000000391e-01
6.690000000000000391e-01
6.690000000000000391e-01
6.690000000000000391e-01
6.690000000000000391e-01
6.690000000000000391e-01
6.690000000000000391e-01
6.690000000000000391e-01
6.690000000000000391e-01
6.690000000000000391e-01
6.690000000000000391e-01
6.690000000000000391e-01
6.690000000000000391e-01
6.690000000000000391e-01
6.690000000000000391e-01
6.690000000000000391e-01
6.690000000000000391e-01
6.690000000000000391e-01
6.690000000000000391e-01
6.939999999999999503e-01
6.939999999999999503e-01
6.939999999999999503e-01
6.939999999999999503e-01
6.939999999999999503e-01
6.939999999999999503e-01
6.939999999999999503e-01
6.939999999999999503e-01
6.939999999999999503e-01
6.939999999999999503e-01
6.939999999999999503e-01
6.939999999999999503e-01
6.939999999999999503e-01
6.939999999999999503e-01
6.939999999999999503e-01
6.939999999999999503e-01
6.939999999999999503e-01
6.939999999999999503e-01
6.939999999999999503e-01
6.939999999999999503e-01
6.939999999999999503e-01
6.939999999999999503e-01
6.939999999999999503e-01
6.939999999999999503e-01
6.939999999999999503e-01
6.939999999999999503e-01
6.939999999999999503e-01
6.939999999999999503e-01
6.939999999999999503e-01
6.949999999999999512e-01
6.949999999999999512e-01
6.949999999999999512e-01
6.949999999999999512e-01
6.949999999999999512e-01
6.949999999999999512e-01
6.949999999999999512e-01
6.949999999999999512e-01
6.949999999999999512e-01
6.959999999999999520e-01
6.959999999999999520e-01
6.959999999999999520e-01
6.959999999999999520e-01
6.969999999999999529e-01
6.969999999999999529e-01
6.969999999999999529e-01
6.969999999999999529e-01
6.969999999999999529e-01
6.959999999999999520e-01
6.959999999999999520e-01
6.949999999999999512e-01
6.949999999999999512e-01
6.939999999999999503e-01
6.939999999999999503e-01
6.939999999999999503e-01
6.939999999999999503e-01
6.939999999999999503e-01
6.939999999999999503e-01
6.939999999999999503e-01
6.939999999999999503e-01
7.249999999999999778e-01
7.239999999999999769e-01
7.239999999999999769e-01
7.239999999999999769e-01
7.239999999999999769e-01
7.239999999999999769e-01
7.239999999999999769e-01
7.239999999999999769e-01
7.249999999999999778e-01
7.249999999999999778e-01
7.249999999999999778e-01
7.259999999999999787e-01
7.259999999999999787e-01
7.259999999999999787e-01
7.259999999999999787e-01
7.259999999999999787e-01
7.259999999999999787e-01
7.249999999999999778e-01
7.249999999999999778e-01
7.249999999999999778e-01
7.239999999999999769e-01
7.239999999999999769e-01
7.239999999999999769e-01
7.229999999999999760e-01
7.229999999999999760e-01
7.229999999999999760e-01
7.229999999999999760e-01
7.229999999999999760e-01
7.229999999999999760e-01
7.229999999999999760e-01
7.229999999999999760e-01
7.229999999999999760e-01
7.229999999999999760e-01
7.229999999999999760e-01
7.229999999999999760e-01
7.229999999999999760e-01
7.229999999999999760e-01
7.229999999999999760e-01
7.229999999999999760e-01
7.229999999999999760e-01
7.229999999999999760e-01
7.229999999999999760e-01
7.229999999999999760e-01
7.229999999999999760e-01
7.229999999999999760e-01
7.229999999999999760e-01
7.229999999999999760e-01
7.229999999999999760e-01
7.229999999999999760e-01
7.229999999999999760e-01
7.229999999999999760e-01
7.229999999999999760e-01
7.229999999999999760e-01
7.229999999999999760e-01
7.239999999999999769e-01
7.239999999999999769e-01
7.249999999999999778e-01
7.479999999999999982e-01
7.479999999999999982e-01
7.479999999999999982e-01
7.479999999999999982e-01
7.479999999999999982e-01
7.479999999999999982e-01
7.479999999999999982e-01
7.479999999999999982e-01
7.479999999999999982e-01
7.479999999999999982e-01
7.479999999999999982e-01
7.479999999999999982e-01
7.479999999999999982e-01
7.479999999999999982e-01
7.479999999999999982e-01
7.479999999999999982e-01
7.479999999999999982e-01
7.489999999999999991e-01
7.489999999999999991e-01
7.489999999999999991e-01
7.489999999999999991e-01
7.489999999999999991e-01
7.489999999999999991e-01
7.489999999999999991e-01
7.489999999999999991e-01
7.489999999999999991e-01
7.489999999999999991e-01
7.500000000000000000e-01
7.500000000000000000e-01
7.500000000000000000e-01
7.500000000000000000e-01
7.500000000000000000e-01
7.500000000000000000e-01
7.500000000000000000e-01
7.500000000000000000e-01
7.500000000000000000e-01
7.500000000000000000e-01
7.500000000000000000e-01
7.500000000000000000e-01
7.500000000000000000e-01
7.500000000000000000e-01
7.500000000000000000e-01
7.500000000000000000e-01
7.500000000000000000e-01
7.500000000000000000e-01
7.500000000000000000e-01
7.500000000000000000e-01
7.500000000000000000e-01
7.500000000000000000e-01
7.500000000000000000e-01
7.500000000000000000e-01
7.500000000000000000e-01
7.500000000000000000e-01
7.500000000000000000e-01
7.500000000000000000e-01
7.500000000000000000e-01
7.500000000000000000e-01
7.500000000000000000e-01
7.500000000000000000e-01
7.500000000000000000e-01
7.500000000000000000e-01
7.500000000000000000e-01
7.500000000000000000e-01
7.500000000000000000e-01
7.500000000000000000e-01
7.500000000000000000e-01
7.489999999999999991e-01
7.489999999999999991e-01
7.489999999999999991e-01
7.489999999999999991e-01
7.850000000000000311e-01
7.810000000000000275e-01
7.800000000000000266e-01
7.790000000000000258e-01
7.790000000000000258e-01
7.790000000000000258e-01
7.790000000000000258e-01
7.790000000000000258e-01
7.790000000000000258e-01
7.790000000000000258e-01
7.790000000000000258e-01
7.790000000000000258e-01
7.790000000000000258e-01
7.790000000000000258e-01
7.790000000000000258e-01
7.790000000000000258e-01
7.790000000000000258e-01
7.790000000000000258e-01
7.790000000000000258e-01
7.790000000000000258e-01
7.790000000000000258e-01
7.790000000000000258e-01
7.790000000000000258e-01
7.790000000000000258e-01
7.790000000000000258e-01
7.790000000000000258e-01
7.790000000000000258e-01
7.790000000000000258e-01
7.790000000000000258e-01
7.790000000000000258e-01
7.790000000000000258e-01
7.790000000000000258e-01
7.790000000000000258e-01
7.790000000000000258e-01
7.790000000000000258e-01
7.790000000000000258e-01
7.790000000000000258e-01
7.790000000000000258e-01
7.800000000000000266e-01
7.800000000000000266e-01
7.800000000000000266e-01
7.800000000000000266e-01
7.800000000000000266e-01
7.800000000000000266e-01
7.800000000000000266e-01
7.800000000000000266e-01
7.800000000000000266e-01
7.800000000000000266e-01
7.800000000000000266e-01
7.800000000000000266e-01
7.800000000000000266e-01
7.800000000000000266e-01
7.800000000000000266e-01
7.800000000000000266e-01
7.800000000000000266e-01
7.800000000000000266e-01
7.800000000000000266e-01
7.800000000000000266e-01
7.800000000000000266e-01
7.800000000000000266e-01
7.800000000000000266e-01
7.800000000000000266e-01
7.800000000000000266e-01
7.800000000000000266e-01
7.800000000000000266e-01
7.800000000000000266e-01
7.800000000000000266e-01
7.800000000000000266e-01
7.810000000000000275e-01
8.080000000000000515e-01
8.060000000000000497e-01
8.050000000000000488e-01
8.050000000000000488e-01
8.050000000000000488e-01
8.050000000000000488e-01
8.050000000000000488e-01
8.050000000000000488e-01
8.050000000000000488e-01
8.050000000000000488e-01
8.050000000000000488e-01
8.050000000000000488e-01
8.050000000000000488e-01
8.050000000000000488e-01
8.050000000000000488e-01
8.050000000000000488e-01
8.050000000000000488e-01
8.050000000000000488e-01
8.050000000000000488e-01
8.050000000000000488e-01
8.050000000000000488e-01
8.050000000000000488e-01
8.050000000000000488e-01
8.050000000000000488e-01
8.050000000000000488e-01
8.050000000000000488e-01
8.050000000000000488e-01
8.050000000000000488e-01
8.050000000000000488e-01
8.050000000000000488e-01
8.050000000000000488e-01
8.050000000000000488e-01
8.050000000000000488e-01
8.050000000000000488e-01
8.050000000000000488e-01
8.050000000000000488e-01
8.050000000000000488e-01
8.050000000000000488e-01
8.050000000000000488e-01
8.050000000000000488e-01
8.050000000000000488e-01
8.050000000000000488e-01
8.050000000000000488e-01
8.050000000000000488e-01
8.050000000000000488e-01
8.050000000000000488e-01
8.050000000000000488e-01
8.050000000000000488e-01
8.050000000000000488e-01
8.050000000000000488e-01
8.050000000000000488e-01
8.050000000000000488e-01
8.050000000000000488e-01
8.050000000000000488e-01
8.050000000000000488e-01
8.050000000000000488e-01
8.050000000000000488e-01
8.050000000000000488e-01
8.050000000000000488e-01
8.050000000000000488e-01
8.379999999999999671e-01
8.349999999999999645e-01
8.339999999999999636e-01
8.329999999999999627e-01
8.329999999999999627e-01
8.329999999999999627e-01
8.329999999999999627e-01
8.329999999999999627e-01
8.329999999999999627e-01
8.329999999999999627e-01
8.329999999999999627e-01
8.329999999999999627e-01
8.329999999999999627e-01
8.329999999999999627e-01
8.329999999999999627e-01
8.329999999999999627e-01
8.329999999999999627e-01
8.329999999999999627e-01
8.329999999999999627e-01
8.329999999999999627e-01
8.329999999999999627e-01
8.329999999999999627e-01
8.329999999999999627e-01
8.329999999999999627e-01
8.329999999999999627e-01
8.329999999999999627e-01
8.329999999999999627e-01
8.329999999999999627e-01
8.329999999999999627e-01
8.329999999999999627e-01
8.329999999999999627e-01
8.329999999999999627e-01
8.329999999999999627e-01
8.329999999999999627e-01
8.329999999999999627e-01
8.329999999999999627e-01
8.329999999999999627e-01
8.329999999999999627e-01
8.329999999999999627e-01
8.329999999999999627e-01
8.329999999999999627e-01
8.329999999999999627e-01
8.329999999999999627e-01
8.329999999999999627e-01
8.329999999999999627e-01
8.329999999999999627e-01
8.329999999999999627e-01
8.329999999999999627e-01
8.329999999999999627e-01
8.329999999999999627e-01
8.329999999999999627e-01
8.329999999999999627e-01
8.329999999999999627e-01
8.329999999999999627e-01
8.329999999999999627e-01
8.329999999999999627e-01
8.329999999999999627e-01
8.329999999999999627e-01
8.329999999999999627e-01
8.329999999999999627e-01
8.329999999999999627e-01
8.609999999999999876e-01
8.589999999999999858e-01
8.589999999999999858e-01
8.589999999999999858e-01
8.589999999999999858e-01
8.599999999999999867e-01
8.599999999999999867e-01
8.599999999999999867e-01
8.599999999999999867e-01
8.599999999999999867e-01
8.599999999999999867e-01
8.599999999999999867e-01
8.599999999999999867e-01
8.599999999999999867e-01
8.599999999999999867e-01
8.599999999999999867e-01
8.599999999999999867e-01
8.599999999999999867e-01
8.599999999999999867e-01
8.599999999999999867e-01
8.599999999999999867e-01
8.599999999999999867e-01
8.599999999999999867e-01
8.599999999999999867e-01
8.599999999999999867e-01
8.599999999999999867e-01
8.599999999999999867e-01
8.599999999999999867e-01
8.599999999999999867e-01
8.599999999999999867e-01
8.599999999999999867e-01
8.599999999999999867e-01
8.599999999999999867e-01
8.599999999999999867e-01
8.599999999999999867e-01
8.599999999999999867e-01
8.599999999999999867e-01
8.599999999999999867e-01
8.599999999999999867e-01
8.599999999999999867e-01
8.599999999999999867e-01
8.599999999999999867e-01
8.599999999999999867e-01
8.599999999999999867e-01
8.599999999999999867e-01
8.599999999999999867e-01
8.599999999999999867e-01
8.599999999999999867e-01
8.599999999999999867e-01
8.599999999999999867e-01
8.599999999999999867e-01
8.599999999999999867e-01
8.599999999999999867e-01
8.599999999999999867e-01
8.860000000000000098e-01
8.860000000000000098e-01
8.860000000000000098e-01
8.860000000000000098e-01
8.860000000000000098e-01
8.860000000000000098e-01
8.860000000000000098e-01
8.860000000000000098e-01
8.860000000000000098e-01
8.860000000000000098e-01
8.860000000000000098e-01
8.860000000000000098e-01
8.860000000000000098e-01
8.860000000000000098e-01
8.860000000000000098e-01
8.860000000000000098e-01
8.860000000000000098e-01
8.860000000000000098e-01
8.860000000000000098e-01
8.860000000000000098e-01
8.860000000000000098e-01
8.860000000000000098e-01
8.860000000000000098e-01
8.860000000000000098e-01
8.860000000000000098e-01
8.860000000000000098e-01
8.860000000000000098e-01
8.860000000000000098e-01
8.860000000000000098e-01
8.860000000000000098e-01
8.860000000000000098e-01
8.860000000000000098e-01
8.860000000000000098e-01
8.860000000000000098e-01
8.860000000000000098e-01
8.860000000000000098e-01
8.860000000000000098e-01
8.860000000000000098e-01
8.860000000000000098e-01
8.860000000000000098e-01
8.860000000000000098e-01
8.860000000000000098e-01
8.860000000000000098e-01
8.860000000000000098e-01
8.860000000000000098e-01
8.860000000000000098e-01
8.860000000000000098e-01
8.860000000000000098e-01
8.860000000000000098e-01
9.140000000000000346e-01
9.140000000000000346e-01
9.140000000000000346e-01
9.140000000000000346e-01
9.140000000000000346e-01
9.140000000000000346e-01
9.140000000000000346e-01
9.140000000000000346e-01
9.140000000000000346e-01
9.140000000000000346e-01
9.140000000000000346e-01
9.140000000000000346e-01
9.140000000000000346e-01
9.140000000000000346e-01
9.140000000000000346e-01
9.140000000000000346e-01
9.140000000000000346e-01
9.140000000000000346e-01
9.140000000000000346e-01
9.140000000000000346e-01
9.140000000000000346e-01
9.140000000000000346e-01
9.140000000000000346e-01
9.140000000000000346e-01
9.140000000000000346e-01
9.140000000000000346e-01
9.140000000000000346e-01
9.140000000000000346e-01
9.140000000000000346e-01
9.140000000000000346e-01
9.140000000000000346e-01
9.140000000000000346e-01
9.140000000000000346e-01
9.140000000000000346e-01
9.140000000000000346e-01
9.140000000000000346e-01
9.140000000000000346e-01
9.140000000000000346e-01
9.140000000000000346e-01
9.140000000000000346e-01
9.140000000000000346e-01
9.140000000000000346e-01
9.140000000000000346e-01
9.140000000000000346e-01
9.140000000000000346e-01
9.140000000000000346e-01
9.140000000000000346e-01
9.140000000000000346e-01
9.399999999999999467e-01
9.399999999999999467e-01
9.399999999999999467e-01
9.399999999999999467e-01
9.399999999999999467e-01
9.399999999999999467e-01
9.399999999999999467e-01
9.399999999999999467e-01
9.399999999999999467e-01
9.399999999999999467e-01
9.399999999999999467e-01
9.399999999999999467e-01
9.399999999999999467e-01
9.399999999999999467e-01
9.409999999999999476e-01
9.409999999999999476e-01
9.409999999999999476e-01
9.409999999999999476e-01
9.409999999999999476e-01
9.409999999999999476e-01
9.409999999999999476e-01
9.409999999999999476e-01
9.409999999999999476e-01
9.409999999999999476e-01
9.409999999999999476e-01
9.409999999999999476e-01
9.409999999999999476e-01
9.409999999999999476e-01
9.409999999999999476e-01
9.409999999999999476e-01
9.409999999999999476e-01
9.409999999999999476e-01
9.409999999999999476e-01
9.409999999999999476e-01
9.409999999999999476e-01
9.409999999999999476e-01
9.409999999999999476e-01
9.409999999999999476e-01
9.409999999999999476e-01
9.409999999999999476e-01
9.409999999999999476e-01
9.409999999999999476e-01
9.409999999999999476e-01
9.409999999999999476e-01
9.409999999999999476e-01
9.409999999999999476e-01
9.409999999999999476e-01
9.699999999999999734e-01
9.699999999999999734e-01
9.699999999999999734e-01
9.699999999999999734e-01
9.699999999999999734e-01
9.699999999999999734e-01
9.699999999999999734e-01
9.699999999999999734e-01
9.699999999999999734e-01
9.699999999999999734e-01
9.699999999999999734e-01
9.699999999999999734e-01
9.699999999999999734e-01
9.699999999999999734e-01
9.699999999999999734e-01
9.699999999999999734e-01
9.699999999999999734e-01
9.699999999999999734e-01
9.699999999999999734e-01
9.699999999999999734e-01
9.699999999999999734e-01
9.699999999999999734e-01
9.699999999999999734e-01
9.699999999999999734e-01
9.699999999999999734e-01
9.699999999999999734e-01
9.699999999999999734e-01
9.699999999999999734e-01
9.699999999999999734e-01
9.699999999999999734e-01
9.699999999999999734e-01
9.699999999999999734e-01
9.699999999999999734e-01
9.699999999999999734e-01
9.699999999999999734e-01
9.699999999999999734e-01
9.699999999999999734e-01
9.699999999999999734e-01
9.699999999999999734e-01
9.699999999999999734e-01
9.699999999999999734e-01
9.699999999999999734e-01
9.699999999999999734e-01
9.699999999999999734e-01
9.699999999999999734e-01
9.699999999999999734e-01
9.699999999999999734e-01
9.699999999999999734e-01
9.709999999999999742e-01
1.000999999999999890e+00
1.000000000000000000e+00
1.000999999999999890e+00
1.002000000000000002e+00
1.002999999999999892e+00
1.004000000000000004e+00
1.004000000000000004e+00
1.004000000000000004e+00
1.004000000000000004e+00
1.002999999999999892e+00
1.002000000000000002e+00
1.000999999999999890e+00
1.000000000000000000e+00
9.989999999999999991e-01
9.979999999999999982e-01
9.969999999999999973e-01
9.959999999999999964e-01
9.949999999999999956e-01
9.939999999999999947e-01
9.939999999999999947e-01
9.939999999999999947e-01
9.929999999999999938e-01
9.929999999999999938e-01
9.929999999999999938e-01
9.929999999999999938e-01
9.929999999999999938e-01
9.919999999999999929e-01
9.919999999999999929e-01
9.919999999999999929e-01
9.919999999999999929e-01
9.919999999999999929e-01
9.919999999999999929e-01
9.919999999999999929e-01
9.909999999999999920e-01
9.909999999999999920e-01
9.909999999999999920e-01
9.899999999999999911e-01
9.899999999999999911e-01
9.899999999999999911e-01
9.899999999999999911e-01
9.899999999999999911e-01
9.909999999999999920e-01
9.909999999999999920e-01
9.919999999999999929e-01
9.989999999999999991e-01
9.989999999999999991e-01
9.989999999999999991e-01
9.989999999999999991e-01
9.989999999999999991e-01
9.989999999999999991e-01
9.989999999999999991e-01
9.989999999999999991e-01
9.989999999999999991e-01
9.989999999999999991e-01
9.989999999999999991e-01
9.989999999999999991e-01
9.989999999999999991e-01
9.989999999999999991e-01
9.989999999999999991e-01
9.989999999999999991e-01
9.979999999999999982e-01
9.979999999999999982e-01
9.979999999999999982e-01
9.979999999999999982e-01
9.979999999999999982e-01
9.979999999999999982e-01
9.979999999999999982e-01
9.979999999999999982e-01
9.979999999999999982e-01
1.028999999999999915e+00
1.026000000000000023e+00
1.024999999999999911e+00
1.024999999999999911e+00
1.024999999999999911e+00
1.024999999999999911e+00
1.024999999999999911e+00
1.024999999999999911e+00
1.024999999999999911e+00
1.024999999999999911e+00
1.024999999999999911e+00
1.024999999999999911e+00
1.024999999999999911e+00
1.024999999999999911e+00
1.024999999999999911e+00
1.024999999999999911e+00
1.024999999999999911e+00
1.024999999999999911e+00
1.024999999999999911e+00
1.024000000000000021e+00
1.024000000000000021e+00
1.024000000000000021e+00
1.024000000000000021e+00
1.024000000000000021e+00
1.024000000000000021e+00
1.024000000000000021e+00
1.024000000000000021e+00
1.024000000000000021e+00
1.024000000000000021e+00
1.024000000000000021e+00
1.024000000000000021e+00
1.024000000000000021e+00
1.024000000000000021e+00
1.024000000000000021e+00
1.024000000000000021e+00
1.024000000000000021e+00
1.024000000000000021e+00
1.024000000000000021e+00
1.024000000000000021e+00
1.024000000000000021e+00
1.024000000000000021e+00
1.024000000000000021e+00
1.024000000000000021e+00
1.024000000000000021e+00
1.024000000000000021e+00
1.024000000000000021e+00
1.024000000000000021e+00
1.024000000000000021e+00
1.024000000000000021e+00
1.024000000000000021e+00
1.024000000000000021e+00
1.024000000000000021e+00
1.024000000000000021e+00
1.024000000000000021e+00
1.024000000000000021e+00
1.024000000000000021e+00
1.024000000000000021e+00
1.024000000000000021e+00
1.024000000000000021e+00
1.024000000000000021e+00
1.024000000000000021e+00
1.024000000000000021e+00
1.050000000000000044e+00
1.050000000000000044e+00
1.050000000000000044e+00
1.050000000000000044e+00
1.050000000000000044e+00
1.050000000000000044e+00
1.050000000000000044e+00
1.050000000000000044e+00
1.050000000000000044e+00
1.050000000000000044e+00
1.050000000000000044e+00
1.050000000000000044e+00
1.050000000000000044e+00
1.050000000000000044e+00
1.050000000000000044e+00
1.050000000000000044e+00
1.050000000000000044e+00
1.050000000000000044e+00
1.050000000000000044e+00
1.050000000000000044e+00
1.050000000000000044e+00
1.080999999999999961e+00
1.078999999999999959e+00
1.078999999999999959e+00
1.078999999999999959e+00
1.078999999999999959e+00
1.078999999999999959e+00
1.078999999999999959e+00
1.078999999999999959e+00
1.078999999999999959e+00
1.078999999999999959e+00
1.078999999999999959e+00
1.078999999999999959e+00
1.078999999999999959e+00
1.078999999999999959e+00
1.078999999999999959e+00
1.078999999999999959e+00
1.078999999999999959e+00
1.078999999999999959e+00
1.078999999999999959e+00
1.078999999999999959e+00
1.078999999999999959e+00
1.078999999999999959e+00
1.078999999999999959e+00
1.078000000000000069e+00
1.078000000000000069e+00
1.078000000000000069e+00
1.078000000000000069e+00
1.078000000000000069e+00
1.078000000000000069e+00
1.078000000000000069e+00
1.078000000000000069e+00
1.078000000000000069e+00
1.078000000000000069e+00
1.078000000000000069e+00
1.078000000000000069e+00
1.078000000000000069e+00
1.078000000000000069e+00
1.078000000000000069e+00
1.078000000000000069e+00
1.078000000000000069e+00
1.078000000000000069e+00
1.078000000000000069e+00
1.078000000000000069e+00
1.078000000000000069e+00
1.078000000000000069e+00
1.078000000000000069e+00
1.078000000000000069e+00
1.078000000000000069e+00
1.078000000000000069e+00
1.078000000000000069e+00
1.078000000000000069e+00
1.078000000000000069e+00
1.078000000000000069e+00
1.078000000000000069e+00
1.078000000000000069e+00
1.078000000000000069e+00
1.078000000000000069e+00
1.078000000000000069e+00
1.078000000000000069e+00
1.078000000000000069e+00
1.078000000000000069e+00
1.078000000000000069e+00
1.078000000000000069e+00
1.078000000000000069e+00
1.078000000000000069e+00
1.078000000000000069e+00
1.108999999999999986e+00
1.108999999999999986e+00
1.108999999999999986e+00
1.108999999999999986e+00
1.108999999999999986e+00
1.108999999999999986e+00
1.108999999999999986e+00
1.108999999999999986e+00
1.108999999999999986e+00
1.108999999999999986e+00
1.108999999999999986e+00
1.108999999999999986e+00
1.108999999999999986e+00
1.108999999999999986e+00
1.108999999999999986e+00
1.108999999999999986e+00
1.108999999999999986e+00
1.108999999999999986e+00
1.108999999999999986e+00
1.108999999999999986e+00
1.108999999999999986e+00
1.108999999999999986e+00
1.108999999999999986e+00
1.108999999999999986e+00
1.108999999999999986e+00
1.108999999999999986e+00
1.108999999999999986e+00
1.108999999999999986e+00
1.108999999999999986e+00
1.108999999999999986e+00
1.108999999999999986e+00
1.108999999999999986e+00
1.108999999999999986e+00
1.108999999999999986e+00
1.108999999999999986e+00
1.108999999999999986e+00
1.108999999999999986e+00
1.108999999999999986e+00
1.108999999999999986e+00
1.108999999999999986e+00
1.108999999999999986e+00
1.108999999999999986e+00
1.143000000000000016e+00
1.143000000000000016e+00
1.143000000000000016e+00
1.143000000000000016e+00
1.143000000000000016e+00
1.143000000000000016e+00
1.143000000000000016e+00
1.143000000000000016e+00
1.143000000000000016e+00
1.143000000000000016e+00
1.143000000000000016e+00
1.143000000000000016e+00
1.143000000000000016e+00
1.143000000000000016e+00
1.143000000000000016e+00
1.143000000000000016e+00
1.143000000000000016e+00
1.143000000000000016e+00
1.143000000000000016e+00
1.143000000000000016e+00
1.143000000000000016e+00
1.143000000000000016e+00
1.143000000000000016e+00
1.143000000000000016e+00
1.143000000000000016e+00
1.143000000000000016e+00
1.143000000000000016e+00
1.143000000000000016e+00
1.143000000000000016e+00
1.143000000000000016e+00
1.143000000000000016e+00
1.143000000000000016e+00
1.143000000000000016e+00
1.143000000000000016e+00
1.143000000000000016e+00
1.143000000000000016e+00
1.143000000000000016e+00
1.143000000000000016e+00
1.143000000000000016e+00
1.143000000000000016e+00
1.143000000000000016e+00
1.143000000000000016e+00
1.171999999999999931e+00
1.171000000000000041e+00
1.169999999999999929e+00
1.169999999999999929e+00
1.169999999999999929e+00
1.169999999999999929e+00
1.171000000000000041e+00
1.171000000000000041e+00
1.171000000000000041e+00
1.171999999999999931e+00
1.171999999999999931e+00
1.171999999999999931e+00
1.171999999999999931e+00
1.171999999999999931e+00
1.171999999999999931e+00
1.171999999999999931e+00
1.171999999999999931e+00
1.171999999999999931e+00
1.171999999999999931e+00
1.171999999999999931e+00
1.171999999999999931e+00
1.171999999999999931e+00
1.171999999999999931e+00
1.171999999999999931e+00
1.171999999999999931e+00
1.171999999999999931e+00
1.171999999999999931e+00
1.171999999999999931e+00
1.171999999999999931e+00
1.171999999999999931e+00
1.171999999999999931e+00
1.171999999999999931e+00
1.171999999999999931e+00
1.171999999999999931e+00
1.171999999999999931e+00
1.171999999999999931e+00
1.173000000000000043e+00
1.173000000000000043e+00
1.173000000000000043e+00
1.173000000000000043e+00
1.169999999999999929e+00
1.171000000000000041e+00
1.171000000000000041e+00
1.171000000000000041e+00
1.171000000000000041e+00
1.171000000000000041e+00
1.171000000000000041e+00
1.171000000000000041e+00
1.171000000000000041e+00
1.171000000000000041e+00
1.171000000000000041e+00
1.171000000000000041e+00
1.171000000000000041e+00
1.171000000000000041e+00
1.171000000000000041e+00
1.171000000000000041e+00
1.171000000000000041e+00
1.171000000000000041e+00
1.171000000000000041e+00
1.171000000000000041e+00
1.171000000000000041e+00
1.171000000000000041e+00
1.171000000000000041e+00
1.171000000000000041e+00
1.171999999999999931e+00
1.199000000000000066e+00
1.197999999999999954e+00
1.197999999999999954e+00
1.197999999999999954e+00
1.197999999999999954e+00
1.197999999999999954e+00
1.197999999999999954e+00
1.197999999999999954e+00
1.197999999999999954e+00
1.197999999999999954e+00
1.197999999999999954e+00
1.197999999999999954e+00
1.197999999999999954e+00
1.197999999999999954e+00
1.197999999999999954e+00
1.197999999999999954e+00
1.197999999999999954e+00
1.197999999999999954e+00
1.199000000000000066e+00
1.199000000000000066e+00
1.199000000000000066e+00
1.199000000000000066e+00
1.199000000000000066e+00
1.199000000000000066e+00
1.199000000000000066e+00
1.199000000000000066e+00
1.199000000000000066e+00
1.199000000000000066e+00
1.199000000000000066e+00
1.199000000000000066e+00
1.199000000000000066e+00
1.199000000000000066e+00
1.199000000000000066e+00
1.199000000000000066e+00
1.199000000000000066e+00
1.199000000000000066e+00
1.199000000000000066e+00
1.199000000000000066e+00
1.199000000000000066e+00
1.199000000000000066e+00
1.199000000000000066e+00
1.199000000000000066e+00
1.199000000000000066e+00
1.199000000000000066e+00
1.199000000000000066e+00
1.199000000000000066e+00
1.199000000000000066e+00
1.199000000000000066e+00
1.199000000000000066e+00
1.199000000000000066e+00
1.199000000000000066e+00
1.199000000000000066e+00
1.199000000000000066e+00
1.199000000000000066e+00
1.199000000000000066e+00
1.225000000000000089e+00
1.225000000000000089e+00
1.225000000000000089e+00
1.225000000000000089e+00
1.225000000000000089e+00
1.225000000000000089e+00
1.225000000000000089e+00
1.225000000000000089e+00
1.225000000000000089e+00
1.223999999999999977e+00
1.223999999999999977e+00
1.223999999999999977e+00
1.223999999999999977e+00
1.223999999999999977e+00
1.223999999999999977e+00
1.223999999999999977e+00
1.223999999999999977e+00
1.223999999999999977e+00
1.223999999999999977e+00
1.223999999999999977e+00
1.223999999999999977e+00
1.223999999999999977e+00
1.223999999999999977e+00
1.223999999999999977e+00
1.223999999999999977e+00
1.223999999999999977e+00
1.223999999999999977e+00
1.223999999999999977e+00
1.223999999999999977e+00
1.223999999999999977e+00
1.223999999999999977e+00
1.223999999999999977e+00
1.223999999999999977e+00
1.223999999999999977e+00
1.223999999999999977e+00
1.223999999999999977e+00
1.223999999999999977e+00
1.225000000000000089e+00
1.225000000000000089e+00
1.225000000000000089e+00
1.252000000000000002e+00
1.252000000000000002e+00
1.252000000000000002e+00
1.252000000000000002e+00
1.252000000000000002e+00
1.252000000000000002e+00
1.252000000000000002e+00
1.252000000000000002e+00
1.252000000000000002e+00
1.252000000000000002e+00
1.252000000000000002e+00
1.252000000000000002e+00
1.252000000000000002e+00
1.252000000000000002e+00
1.252000000000000002e+00
1.252000000000000002e+00
1.252000000000000002e+00
1.252000000000000002e+00
1.252000000000000002e+00
1.252000000000000002e+00
1.252000000000000002e+00
1.252000000000000002e+00
1.252000000000000002e+00
1.252000000000000002e+00
1.252000000000000002e+00
1.252000000000000002e+00
1.252000000000000002e+00
1.252000000000000002e+00
1.252000000000000002e+00
1.252000000000000002e+00
1.252000000000000002e+00
1.252000000000000002e+00
1.252000000000000002e+00
1.252000000000000002e+00
1.252000000000000002e+00
1.252000000000000002e+00
1.252000000000000002e+00
1.252000000000000002e+00
1.252000000000000002e+00
1.252000000000000002e+00
1.278999999999999915e+00
1.278999999999999915e+00
1.278999999999999915e+00
1.278999999999999915e+00
1.278999999999999915e+00
1.278999999999999915e+00
1.278999999999999915e+00
1.278999999999999915e+00
1.278999999999999915e+00
1.278999999999999915e+00
1.278999999999999915e+00
1.278999999999999915e+00
1.278999999999999915e+00
1.278999999999999915e+00
1.278999999999999915e+00
1.278999999999999915e+00
1.278999999999999915e+00
1.278999999999999915e+00
1.278999999999999915e+00
1.278999999999999915e+00
1.278999999999999915e+00
1.278999999999999915e+00
1.278999999999999915e+00
1.278999999999999915e+00
1.278999999999999915e+00
1.278999999999999915e+00
1.278999999999999915e+00
1.278999999999999915e+00
1.278999999999999915e+00
1.278999999999999915e+00
1.278999999999999915e+00
1.278999999999999915e+00
1.278999999999999915e+00
1.278999999999999915e+00
1.278999999999999915e+00
1.278999999999999915e+00
1.278999999999999915e+00
1.278999999999999915e+00
1.304999999999999938e+00
1.304999999999999938e+00
1.304999999999999938e+00
1.304999999999999938e+00
1.304999999999999938e+00
1.304999999999999938e+00
1.304999999999999938e+00
1.304999999999999938e+00
1.304999999999999938e+00
1.304999999999999938e+00
1.304999999999999938e+00
1.304999999999999938e+00
1.304999999999999938e+00
1.304999999999999938e+00
1.304999999999999938e+00
1.304999999999999938e+00
1.304999999999999938e+00
1.304999999999999938e+00
1.304999999999999938e+00
1.304999999999999938e+00
1.304999999999999938e+00
1.304999999999999938e+00
1.304999999999999938e+00
1.304999999999999938e+00
1.304999999999999938e+00
1.304999999999999938e+00
1.304999999999999938e+00
1.304999999999999938e+00
1.304999999999999938e+00
1.304999999999999938e+00
1.304999999999999938e+00
1.304999999999999938e+00
1.304999999999999938e+00
1.304999999999999938e+00
1.304999999999999938e+00
1.304999999999999938e+00
1.304999999999999938e+00
1.304999999999999938e+00
1.304999999999999938e+00
1.328999999999999959e+00
1.330999999999999961e+00
1.332000000000000073e+00
1.332999999999999963e+00
1.332999999999999963e+00
1.332999999999999963e+00
1.332999999999999963e+00
1.332999999999999963e+00
1.332000000000000073e+00
1.332000000000000073e+00
1.332000000000000073e+00
1.330999999999999961e+00
1.330999999999999961e+00
1.330999999999999961e+00
1.330000000000000071e+00
1.330000000000000071e+00
1.328999999999999959e+00
1.328999999999999959e+00
1.328999999999999959e+00
1.328999999999999959e+00
1.328000000000000069e+00
1.328000000000000069e+00
1.328000000000000069e+00
1.328000000000000069e+00
1.328000000000000069e+00
1.328000000000000069e+00
1.328000000000000069e+00
1.328999999999999959e+00
1.328999999999999959e+00
1.328999999999999959e+00
1.328999999999999959e+00
1.328999999999999959e+00
1.328999999999999959e+00
1.328999999999999959e+00
1.330000000000000071e+00
1.330000000000000071e+00
1.330000000000000071e+00
1.330999999999999961e+00
1.334999999999999964e+00
1.334999999999999964e+00
1.334999999999999964e+00
1.334999999999999964e+00
1.334999999999999964e+00
1.334999999999999964e+00
1.334999999999999964e+00
1.334999999999999964e+00
1.334999999999999964e+00
1.334999999999999964e+00
1.334999999999999964e+00
1.334999999999999964e+00
1.334999999999999964e+00
1.334999999999999964e+00
1.334999999999999964e+00
1.334999999999999964e+00
1.368999999999999995e+00
1.366000000000000103e+00
1.366000000000000103e+00
1.366000000000000103e+00
1.366000000000000103e+00
1.366000000000000103e+00
1.366000000000000103e+00
1.366000000000000103e+00
1.366000000000000103e+00
1.366000000000000103e+00
1.366000000000000103e+00
1.364999999999999991e+00
1.364999999999999991e+00
1.364999999999999991e+00
1.364999999999999991e+00
1.364999999999999991e+00
1.364999999999999991e+00
1.364999999999999991e+00
1.364999999999999991e+00
1.364999999999999991e+00
1.364999999999999991e+00
1.364999999999999991e+00
1.366000000000000103e+00
1.366000000000000103e+00
1.366000000000000103e+00
1.366000000000000103e+00
1.366000000000000103e+00
1.366000000000000103e+00
1.366000000000000103e+00
1.366000000000000103e+00
1.366000000000000103e+00
1.366000000000000103e+00
1.366000000000000103e+00
1.366000000000000103e+00
1.366000000000000103e+00
1.366000000000000103e+00
1.366000000000000103e+00
1.366000000000000103e+00
1.366000000000000103e+00
1.364999999999999991e+00
1.364999999999999991e+00
1.364999999999999991e+00
1.364999999999999991e+00
1.364999999999999991e+00
1.364999999999999991e+00
1.364999999999999991e+00
1.364999999999999991e+00
1.364999999999999991e+00
1.364999999999999991e+00
1.364999999999999991e+00
1.364999999999999991e+00
1.364999999999999991e+00
1.364999999999999991e+00
1.364999999999999991e+00
1.364999999999999991e+00
1.364999999999999991e+00
1.364999999999999991e+00
1.364999999999999991e+00
1.364999999999999991e+00
1.364999999999999991e+00
1.391999999999999904e+00
1.391999999999999904e+00
1.391999999999999904e+00
1.391999999999999904e+00
1.391999999999999904e+00
1.391999999999999904e+00
1.391999999999999904e+00
1.391999999999999904e+00
1.391999999999999904e+00
1.391999999999999904e+00
1.391999999999999904e+00
1.391999999999999904e+00
1.391999999999999904e+00
1.391999999999999904e+00
1.391999999999999904e+00
1.391999999999999904e+00
1.391999999999999904e+00
1.391999999999999904e+00
1.391999999999999904e+00
1.391999999999999904e+00
1.391999999999999904e+00
1.391999999999999904e+00
1.391999999999999904e+00
1.391999999999999904e+00
1.391999999999999904e+00
1.391999999999999904e+00
1.391999999999999904e+00
1.391999999999999904e+00
1.391999999999999904e+00
1.391999999999999904e+00
1.391999999999999904e+00
1.391999999999999904e+00
1.391999999999999904e+00
1.391999999999999904e+00
1.391999999999999904e+00
1.391999999999999904e+00
1.391999999999999904e+00
1.417999999999999927e+00
1.417999999999999927e+00
1.417999999999999927e+00
1.417999999999999927e+00
1.417999999999999927e+00
1.417999999999999927e+00
1.417999999999999927e+00
1.417999999999999927e+00
1.417999999999999927e+00
1.417999999999999927e+00
1.417999999999999927e+00
1.417999999999999927e+00
1.417999999999999927e+00
1.417000000000000037e+00
1.417000000000000037e+00
1.417000000000000037e+00
1.417000000000000037e+00
1.417000000000000037e+00
1.417000000000000037e+00
1.417000000000000037e+00
1.417000000000000037e+00
1.417000000000000037e+00
1.417000000000000037e+00
1.417000000000000037e+00
1.417000000000000037e+00
1.417000000000000037e+00
1.417000000000000037e+00
1.417000000000000037e+00
1.417000000000000037e+00
1.417000000000000037e+00
1.417000000000000037e+00
1.417000000000000037e+00
1.417000000000000037e+00
1.417000000000000037e+00
1.417000000000000037e+00
1.417000000000000037e+00
1.449000000000000066e+00
1.449000000000000066e+00
1.449000000000000066e+00
1.449000000000000066e+00
1.449000000000000066e+00
1.449000000000000066e+00
1.449000000000000066e+00
1.449000000000000066e+00
1.449000000000000066e+00
1.449000000000000066e+00
1.449000000000000066e+00
1.449000000000000066e+00
1.449000000000000066e+00
1.449000000000000066e+00
1.449000000000000066e+00
1.449000000000000066e+00
1.449000000000000066e+00
1.449000000000000066e+00
1.449000000000000066e+00
1.449000000000000066e+00
1.449000000000000066e+00
1.449000000000000066e+00
1.449000000000000066e+00
1.449000000000000066e+00
1.449000000000000066e+00
1.449000000000000066e+00
1.449000000000000066e+00
1.449000000000000066e+00
1.449000000000000066e+00
1.449000000000000066e+00
1.449000000000000066e+00
1.449000000000000066e+00
1.449000000000000066e+00
1.449000000000000066e+00
1.449000000000000066e+00
1.449000000000000066e+00
1.447000000000000064e+00
1.447000000000000064e+00
1.447000000000000064e+00
1.447000000000000064e+00
1.447000000000000064e+00
1.447000000000000064e+00
1.447000000000000064e+00
1.447000000000000064e+00
1.447000000000000064e+00
1.447000000000000064e+00
1.447000000000000064e+00
1.447999999999999954e+00
1.447999999999999954e+00
1.447999999999999954e+00
1.491000000000000103e+00
1.485000000000000098e+00
1.483999999999999986e+00
1.483000000000000096e+00
1.483000000000000096e+00
1.483000000000000096e+00
1.483000000000000096e+00
1.483000000000000096e+00
1.483000000000000096e+00
1.483000000000000096e+00
1.483000000000000096e+00
1.483000000000000096e+00
1.483000000000000096e+00
1.483000000000000096e+00
1.483000000000000096e+00
1.483000000000000096e+00
1.483000000000000096e+00
1.483000000000000096e+00
1.483000000000000096e+00
1.483000000000000096e+00
1.483000000000000096e+00
1.483000000000000096e+00
1.483000000000000096e+00
1.483000000000000096e+00
1.483000000000000096e+00
1.483000000000000096e+00
1.483000000000000096e+00
1.483000000000000096e+00
1.483000000000000096e+00
1.483000000000000096e+00
1.483000000000000096e+00
1.483000000000000096e+00
1.483000000000000096e+00
1.483000000000000096e+00
1.483000000000000096e+00
1.483000000000000096e+00
1.483000000000000096e+00
1.483000000000000096e+00
1.483000000000000096e+00
1.483000000000000096e+00
1.483000000000000096e+00
1.483000000000000096e+00
1.483000000000000096e+00
1.483000000000000096e+00
1.483000000000000096e+00
1.483000000000000096e+00
1.483000000000000096e+00
1.483000000000000096e+00
1.483000000000000096e+00
1.483000000000000096e+00
1.483000000000000096e+00
1.483000000000000096e+00
1.483000000000000096e+00
1.483000000000000096e+00
1.483000000000000096e+00
1.483000000000000096e+00
1.483000000000000096e+00
1.510000000000000009e+00
1.510000000000000009e+00
1.510000000000000009e+00
1.510000000000000009e+00
1.510000000000000009e+00
1.510000000000000009e+00
1.510000000000000009e+00
1.510999999999999899e+00
1.540000000000000036e+00
1.538999999999999924e+00
1.538000000000000034e+00
1.538000000000000034e+00
1.538000000000000034e+00
1.538000000000000034e+00
1.538000000000000034e+00
1.538000000000000034e+00
1.538000000000000034e+00
1.538000000000000034e+00
1.538000000000000034e+00
1.538000000000000034e+00
1.538000000000000034e+00
1.538000000000000034e+00
1.538000000000000034e+00
1.538000000000000034e+00
1.538000000000000034e+00
1.538000000000000034e+00
1.538000000000000034e+00
1.538000000000000034e+00
1.538000000000000034e+00
1.538000000000000034e+00
1.538000000000000034e+00
1.538000000000000034e+00
1.538000000000000034e+00
1.538000000000000034e+00
1.538000000000000034e+00
1.538000000000000034e+00
1.538000000000000034e+00
1.538000000000000034e+00
1.538000000000000034e+00
1.538000000000000034e+00
1.538000000000000034e+00
1.538000000000000034e+00
1.538000000000000034e+00
1.538000000000000034e+00
1.538000000000000034e+00
1.538000000000000034e+00
1.538000000000000034e+00
1.538000000000000034e+00
1.538000000000000034e+00
1.538000000000000034e+00
1.538000000000000034e+00
1.538000000000000034e+00
1.538000000000000034e+00
1.538000000000000034e+00
1.538000000000000034e+00
1.538000000000000034e+00
1.538000000000000034e+00
1.538000000000000034e+00
1.538000000000000034e+00
1.538000000000000034e+00
1.538000000000000034e+00
1.538000000000000034e+00
1.538000000000000034e+00
1.538000000000000034e+00
1.538000000000000034e+00
1.538000000000000034e+00
1.538999999999999924e+00
1.564999999999999947e+00
1.564999999999999947e+00
1.564000000000000057e+00
