5.342999999999999972e+00
5.342999999999999972e+00
5.342999999999999972e+00
5.342999999999999972e+00
5.342999999999999972e+00
5.342999999999999972e+00
5.342999999999999972e+00
5.342999999999999972e+00
5.342999999999999972e+00
5.342999999999999972e+00
5.342999999999999972e+00
5.342999999999999972e+00
5.342999999999999972e+00
5.342999999999999972e+00
5.342999999999999972e+00
5.342999999999999972e+00
5.342999999999999972e+00
5.342999999999999972e+00
5.342999999999999972e+00
5.342999999999999972e+00
5.342999999999999972e+00
5.342999999999999972e+00
5.342999999999999972e+00
5.342999999999999972e+00
5.342999999999999972e+00
5.342999999999999972e+00
5.342999999999999972e+00
5.342999999999999972e+00
5.342999999999999972e+00
5.342999999999999972e+00
5.342999999999999972e+00
5.342999999999999972e+00
5.342999999999999972e+00
5.342999999999999972e+00
5.344000000000000306e+00
5.371000000000000441e+00
5.371000000000000441e+00
5.371000000000000441e+00
5.371000000000000441e+00
5.371000000000000441e+00
5.371000000000000441e+00
5.371000000000000441e+00
5.371000000000000441e+00
5.371000000000000441e+00
5.371000000000000441e+00
5.371000000000000441e+00
5.371000000000000441e+00
5.371000000000000441e+00
5.371000000000000441e+00
5.371000000000000441e+00
5.371000000000000441e+00
5.371999999999999886e+00
5.371999999999999886e+00
5.371999999999999886e+00
5.371999999999999886e+00
5.371999999999999886e+00
5.371999999999999886e+00
5.371999999999999886e+00
5.371999999999999886e+00
5.371999999999999886e+00
5.371999999999999886e+00
5.371999999999999886e+00
5.371999999999999886e+00
5.371999999999999886e+00
5.371999999999999886e+00
5.371999999999999886e+00
5.371999999999999886e+00
5.371999999999999886e+00
5.371999999999999886e+00
5.371999999999999886e+00
5.371999999999999886e+00
5.371999999999999886e+00
5.373000000000000220e+00
5.373999999999999666e+00
5.373999999999999666e+00
5.375000000000000000e+00
5.376000000000000334e+00
5.400999999999999801e+00
5.400999999999999801e+00
5.400999999999999801e+00
5.400999999999999801e+00
5.400999999999999801e+00
5.400999999999999801e+00
5.400999999999999801e+00
5.400999999999999801e+00
5.400999999999999801e+00
5.400999999999999801e+00
5.400999999999999801e+00
5.400999999999999801e+00
5.400999999999999801e+00
5.400999999999999801e+00
5.400999999999999801e+00
5.400999999999999801e+00
5.400999999999999801e+00
5.400999999999999801e+00
5.400999999999999801e+00
5.400999999999999801e+00
5.400999999999999801e+00
5.400999999999999801e+00
5.400999999999999801e+00
5.400999999999999801e+00
5.400000000000000355e+00
5.400000000000000355e+00
5.400000000000000355e+00
5.400000000000000355e+00
5.400000000000000355e+00
5.400000000000000355e+00
5.400000000000000355e+00
5.400000000000000355e+00
5.400000000000000355e+00
5.400000000000000355e+00
5.400000000000000355e+00
5.400000000000000355e+00
5.400000000000000355e+00
5.400000000000000355e+00
5.400000000000000355e+00
5.400000000000000355e+00
5.400000000000000355e+00
5.400000000000000355e+00
5.400000000000000355e+00
5.400000000000000355e+00
5.400000000000000355e+00
5.400000000000000355e+00
5.400000000000000355e+00
5.400000000000000355e+00
5.400000000000000355e+00
5.400000000000000355e+00
5.400000000000000355e+00
5.400000000000000355e+00
5.400000000000000355e+00
5.400000000000000355e+00
5.400000000000000355e+00
5.400000000000000355e+00
5.400000000000000355e+00
5.400000000000000355e+00
5.400000000000000355e+00
5.400000000000000355e+00
5.400000000000000355e+00
5.400000000000000355e+00
5.400000000000000355e+00
5.400000000000000355e+00
5.400000000000000355e+00
5.400000000000000355e+00
5.400000000000000355e+00
5.400000000000000355e+00
5.400000000000000355e+00
5.400000000000000355e+00
5.400000000000000355e+00
5.400000000000000355e+00
5.400000000000000355e+00
5.400000000000000355e+00
5.400000000000000355e+00
5.400000000000000355e+00
5.427999999999999936e+00
5.427999999999999936e+00
5.427999999999999936e+00
5.427999999999999936e+00
5.427999999999999936e+00
5.429000000000000270e+00
5.429000000000000270e+00
5.429000000000000270e+00
5.429000000000000270e+00
5.429000000000000270e+00
5.429000000000000270e+00
5.429000000000000270e+00
5.429000000000000270e+00
5.429000000000000270e+00
5.429000000000000270e+00
5.429000000000000270e+00
5.429000000000000270e+00
5.429000000000000270e+00
5.429000000000000270e+00
5.429000000000000270e+00
5.429000000000000270e+00
5.429000000000000270e+00
5.429000000000000270e+00
5.429000000000000270e+00
5.429000000000000270e+00
5.429000000000000270e+00
5.429000000000000270e+00
5.429000000000000270e+00
5.429000000000000270e+00
5.429000000000000270e+00
5.429000000000000270e+00
5.429000000000000270e+00
5.429000000000000270e+00
5.429000000000000270e+00
5.429999999999999716e+00
5.429999999999999716e+00
5.431000000000000050e+00
5.432999999999999829e+00
5.434000000000000163e+00
5.458000000000000185e+00
5.458000000000000185e+00
5.458000000000000185e+00
5.458000000000000185e+00
5.458000000000000185e+00
5.458000000000000185e+00
5.458000000000000185e+00
5.458999999999999631e+00
5.459999999999999964e+00
5.459999999999999964e+00
5.459999999999999964e+00
5.459999999999999964e+00
5.458999999999999631e+00
5.458000000000000185e+00
5.458000000000000185e+00
5.456999999999999851e+00
5.456999999999999851e+00
5.456999999999999851e+00
5.456999999999999851e+00
5.456999999999999851e+00
5.456999999999999851e+00
5.456999999999999851e+00
5.456999999999999851e+00
5.456999999999999851e+00
5.456000000000000405e+00
5.456000000000000405e+00
5.455000000000000071e+00
5.455000000000000071e+00
5.453999999999999737e+00
5.453999999999999737e+00
5.453000000000000291e+00
5.453000000000000291e+00
5.453000000000000291e+00
5.453000000000000291e+00
5.453000000000000291e+00
5.453000000000000291e+00
5.451999999999999957e+00
5.451999999999999957e+00
5.451999999999999957e+00
5.451999999999999957e+00
5.451999999999999957e+00
5.451999999999999957e+00
5.451999999999999957e+00
5.451999999999999957e+00
5.451999999999999957e+00
5.451999999999999957e+00
5.451999999999999957e+00
5.451999999999999957e+00
5.451999999999999957e+00
5.453000000000000291e+00
5.453000000000000291e+00
5.453000000000000291e+00
5.453000000000000291e+00
5.453999999999999737e+00
5.453999999999999737e+00
5.455000000000000071e+00
5.456000000000000405e+00
5.456000000000000405e+00
5.487000000000000099e+00
5.482000000000000206e+00
5.482000000000000206e+00
5.482999999999999652e+00
5.482999999999999652e+00
5.482999999999999652e+00
5.482999999999999652e+00
5.482999999999999652e+00
5.482999999999999652e+00
5.482999999999999652e+00
5.482999999999999652e+00
5.482999999999999652e+00
5.482999999999999652e+00
5.482000000000000206e+00
5.482000000000000206e+00
5.482000000000000206e+00
5.482000000000000206e+00
5.482000000000000206e+00
5.482000000000000206e+00
5.482000000000000206e+00
5.482000000000000206e+00
5.482000000000000206e+00
5.482000000000000206e+00
5.482000000000000206e+00
5.482000000000000206e+00
5.482000000000000206e+00
5.482000000000000206e+00
5.482000000000000206e+00
5.482000000000000206e+00
5.482000000000000206e+00
5.482000000000000206e+00
5.482999999999999652e+00
5.482999999999999652e+00
5.482999999999999652e+00
5.482999999999999652e+00
5.482999999999999652e+00
5.482999999999999652e+00
5.482999999999999652e+00
5.483999999999999986e+00
5.483999999999999986e+00
5.483999999999999986e+00
5.483999999999999986e+00
5.483999999999999986e+00
5.483999999999999986e+00
5.483999999999999986e+00
5.483999999999999986e+00
5.483999999999999986e+00
5.483999999999999986e+00
5.483999999999999986e+00
