1.328000000000000069e+00
1.328000000000000069e+00
1.328000000000000069e+00
1.328000000000000069e+00
1.328000000000000069e+00
1.328000000000000069e+00
1.328000000000000069e+00
1.328000000000000069e+00
1.328000000000000069e+00
1.328000000000000069e+00
1.328000000000000069e+00
1.328000000000000069e+00
1.326999999999999957e+00
1.326999999999999957e+00
1.326999999999999957e+00
1.326000000000000068e+00
1.326000000000000068e+00
1.326000000000000068e+00
1.324999999999999956e+00
1.324999999999999956e+00
1.324999999999999956e+00
1.324999999999999956e+00
1.324999999999999956e+00
1.324999999999999956e+00
1.324999999999999956e+00
1.324999999999999956e+00
1.324999999999999956e+00
1.324999999999999956e+00
1.324999999999999956e+00
1.326000000000000068e+00
1.326000000000000068e+00
1.326000000000000068e+00
1.326000000000000068e+00
1.326999999999999957e+00
1.326999999999999957e+00
1.326999999999999957e+00
1.326999999999999957e+00
1.326999999999999957e+00
1.326999999999999957e+00
1.326999999999999957e+00
1.326999999999999957e+00
1.328000000000000069e+00
1.328000000000000069e+00
1.328000000000000069e+00
1.328000000000000069e+00
1.328000000000000069e+00
1.328000000000000069e+00
1.328000000000000069e+00
1.328000000000000069e+00
1.326999999999999957e+00
1.326999999999999957e+00
1.326999999999999957e+00
1.326999999999999957e+00
1.326999999999999957e+00
1.326999999999999957e+00
1.326999999999999957e+00
1.326999999999999957e+00
1.326999999999999957e+00
1.326999999999999957e+00
1.326999999999999957e+00
1.326999999999999957e+00
1.326999999999999957e+00
1.326999999999999957e+00
1.326999999999999957e+00
1.356000000000000094e+00
1.356000000000000094e+00
1.356000000000000094e+00
1.356000000000000094e+00
1.356000000000000094e+00
1.356000000000000094e+00
1.356000000000000094e+00
1.356000000000000094e+00
1.356000000000000094e+00
1.356000000000000094e+00
1.356000000000000094e+00
1.356000000000000094e+00
1.356000000000000094e+00
1.356000000000000094e+00
1.356000000000000094e+00
1.356000000000000094e+00
1.356000000000000094e+00
1.356000000000000094e+00
1.356000000000000094e+00
1.356000000000000094e+00
1.356000000000000094e+00
1.356000000000000094e+00
1.356000000000000094e+00
1.356000000000000094e+00
1.356000000000000094e+00
1.356000000000000094e+00
1.356000000000000094e+00
1.356000000000000094e+00
1.356000000000000094e+00
1.356000000000000094e+00
1.356000000000000094e+00
1.354999999999999982e+00
1.354999999999999982e+00
1.354999999999999982e+00
1.354999999999999982e+00
1.354999999999999982e+00
1.354999999999999982e+00
1.354999999999999982e+00
1.354999999999999982e+00
1.354999999999999982e+00
1.354999999999999982e+00
1.354999999999999982e+00
1.354999999999999982e+00
1.354999999999999982e+00
1.354999999999999982e+00
1.354999999999999982e+00
1.354999999999999982e+00
1.354999999999999982e+00
1.354999999999999982e+00
1.354999999999999982e+00
1.354999999999999982e+00
1.354999999999999982e+00
1.354999999999999982e+00
1.354999999999999982e+00
1.354999999999999982e+00
1.354999999999999982e+00
1.354999999999999982e+00
1.354999999999999982e+00
1.354999999999999982e+00
1.354999999999999982e+00
1.354999999999999982e+00
1.354999999999999982e+00
1.354999999999999982e+00
1.354999999999999982e+00
1.354999999999999982e+00
1.354999999999999982e+00
1.354999999999999982e+00
1.354999999999999982e+00
1.354999999999999982e+00
1.354999999999999982e+00
1.354999999999999982e+00
1.354999999999999982e+00
1.354999999999999982e+00
1.354999999999999982e+00
1.354999999999999982e+00
1.354999999999999982e+00
1.354999999999999982e+00
1.354999999999999982e+00
1.354999999999999982e+00
1.354999999999999982e+00
1.354999999999999982e+00
1.354999999999999982e+00
1.354999999999999982e+00
1.354999999999999982e+00
1.354999999999999982e+00
1.354999999999999982e+00
1.354999999999999982e+00
1.354999999999999982e+00
1.354999999999999982e+00
1.354999999999999982e+00
1.354999999999999982e+00
1.354999999999999982e+00
1.354999999999999982e+00
1.354999999999999982e+00
1.354999999999999982e+00
1.354999999999999982e+00
1.354999999999999982e+00
1.356000000000000094e+00
1.356000000000000094e+00
1.356000000000000094e+00
1.356000000000000094e+00
1.356000000000000094e+00
1.356000000000000094e+00
1.356000000000000094e+00
1.356000000000000094e+00
1.356000000000000094e+00
1.356000000000000094e+00
1.356000000000000094e+00
1.356000000000000094e+00
1.356000000000000094e+00
1.356000000000000094e+00
1.356000000000000094e+00
1.356000000000000094e+00
1.356000000000000094e+00
1.356000000000000094e+00
1.356000000000000094e+00
1.356000000000000094e+00
1.356000000000000094e+00
1.356000000000000094e+00
1.356000000000000094e+00
1.356000000000000094e+00
1.356000000000000094e+00
1.356000000000000094e+00
1.356000000000000094e+00
1.356000000000000094e+00
1.356000000000000094e+00
1.356000000000000094e+00
1.356999999999999984e+00
1.356999999999999984e+00
1.383000000000000007e+00
1.383000000000000007e+00
1.383000000000000007e+00
1.383000000000000007e+00
1.383000000000000007e+00
1.383000000000000007e+00
1.383000000000000007e+00
1.381999999999999895e+00
1.381999999999999895e+00
1.381999999999999895e+00
1.381999999999999895e+00
1.381999999999999895e+00
1.383000000000000007e+00
1.383000000000000007e+00
1.381000000000000005e+00
1.379999999999999893e+00
1.379000000000000004e+00
1.377999999999999892e+00
1.377000000000000002e+00
1.377000000000000002e+00
1.377999999999999892e+00
1.377999999999999892e+00
1.379000000000000004e+00
1.379999999999999893e+00
1.381000000000000005e+00
1.381999999999999895e+00
1.383000000000000007e+00
1.383000000000000007e+00
1.385000000000000009e+00
1.385000000000000009e+00
1.385999999999999899e+00
1.385999999999999899e+00
1.387000000000000011e+00
1.387000000000000011e+00
1.387999999999999901e+00
1.387999999999999901e+00
1.387999999999999901e+00
1.387999999999999901e+00
1.387999999999999901e+00
1.387999999999999901e+00
1.387999999999999901e+00
1.387999999999999901e+00
1.387999999999999901e+00
1.387999999999999901e+00
1.387999999999999901e+00
1.387999999999999901e+00
1.387999999999999901e+00
1.387999999999999901e+00
1.387999999999999901e+00
1.387999999999999901e+00
1.387999999999999901e+00
1.387000000000000011e+00
1.387000000000000011e+00
1.387000000000000011e+00
1.385999999999999899e+00
1.385999999999999899e+00
1.385999999999999899e+00
1.385000000000000009e+00
1.383999999999999897e+00
1.383999999999999897e+00
1.383000000000000007e+00
1.381999999999999895e+00
1.381999999999999895e+00
1.381000000000000005e+00
1.379999999999999893e+00
1.379999999999999893e+00
1.379000000000000004e+00
1.377999999999999892e+00
1.377999999999999892e+00
1.377999999999999892e+00
1.377999999999999892e+00
1.377999999999999892e+00
1.377999999999999892e+00
1.377999999999999892e+00
1.377999999999999892e+00
1.377999999999999892e+00
1.379000000000000004e+00
1.379000000000000004e+00
1.379999999999999893e+00
1.381000000000000005e+00
1.381000000000000005e+00
1.381999999999999895e+00
1.381999999999999895e+00
1.383000000000000007e+00
1.383999999999999897e+00
1.383999999999999897e+00
1.383999999999999897e+00
1.385000000000000009e+00
1.385000000000000009e+00
1.385999999999999899e+00
1.385999999999999899e+00
1.385999999999999899e+00
1.385999999999999899e+00
1.385999999999999899e+00
1.385999999999999899e+00
1.385999999999999899e+00
1.385999999999999899e+00
1.385999999999999899e+00
1.385999999999999899e+00
1.385999999999999899e+00
1.385999999999999899e+00
1.385999999999999899e+00
1.385999999999999899e+00
1.385000000000000009e+00
1.385000000000000009e+00
1.385000000000000009e+00
