1.591712213664767981e+09
1.591712213865314960e+09
1.591712214065623999e+09
1.591712214262358904e+09
1.591712214462971926e+09
1.591712214664858103e+09
1.591712214864064932e+09
1.591712215064153910e+09
1.591712215262882948e+09
1.591712215603857040e+09
1.591712215672699928e+09
1.591712215862993002e+09
1.591712216061053991e+09
1.591712216261189938e+09
1.591712216461235046e+09
1.591712216663285017e+09
1.591712216863452911e+09
1.591712217062746048e+09
1.591712217263427019e+09
1.591712217463392019e+09
1.591712217663959980e+09
1.591712217860866070e+09
1.591712218060812950e+09
1.591712218263462067e+09
1.591712218463349104e+09
1.591712218663542986e+09
1.591712218861835957e+09
1.591712219061965942e+09
1.591712219261578083e+09
1.591712219460494995e+09
1.591712219660238981e+09
1.591712219860848904e+09
1.591712220060288906e+09
1.591712220261962891e+09
1.591712220600470066e+09
1.591712220666073084e+09
1.591712220860414982e+09
1.591712221060636044e+09
1.591712221261665106e+09
1.591712221462440014e+09
1.591712221661406040e+09
1.591712221860954046e+09
1.591712222061074972e+09
1.591712222260509968e+09
1.591712222458571911e+09
1.591712222660682917e+09
1.591712222858614922e+09
1.591712223058682919e+09
1.591712223258909941e+09
1.591712223458786011e+09
1.591712223658899069e+09
1.591712223860894918e+09
1.591712224058962107e+09
1.591712224259845972e+09
1.591712224459271908e+09
1.591712224659207106e+09
1.591712224861028910e+09
1.591712225061376095e+09
1.591712225259316921e+09
1.591712225458100080e+09
1.591712225659205914e+09
1.591712225858764887e+09
1.591712226059258938e+09
1.591712226257786036e+09
1.591712226459041119e+09
1.591712226659989119e+09
1.591712226858071089e+09
1.591712227057564020e+09
1.591712227258069992e+09
1.591712227459801912e+09
1.591712227660202026e+09
1.591712227857871056e+09
1.591712228057188034e+09
1.591712228257915974e+09
1.591712228460331917e+09
1.591712228658020020e+09
1.591712228857040882e+09
1.591712229060419083e+09
1.591712229256654978e+09
1.591712229456563950e+09
1.591712229658207893e+09
1.591712229858613014e+09
1.591712230057116032e+09
1.591712230256546974e+09
1.591712230459459066e+09
1.591712230658809900e+09
1.591712230856945992e+09
1.591712231056479931e+09
1.591712231259337902e+09
1.591712231458803892e+09
1.591712231657049894e+09
1.591712231856837988e+09
1.591712232055665970e+09
1.591712232258388042e+09
1.591712232458488941e+09
1.591712232656948090e+09
1.591712232855218887e+09
1.591712233054723024e+09
1.591712233257277012e+09
1.591712233457031965e+09
1.591712233655831099e+09
1.591712233857203007e+09
1.591712234059421062e+09
1.591712234255183935e+09
1.591712234457560062e+09
1.591712234655174017e+09
1.591712234857220888e+09
1.591712235055511951e+09
1.591712235257378101e+09
1.591712235584897995e+09
1.591712235669747114e+09
1.591712235855731964e+09
1.591712236055088043e+09
1.591712236255409002e+09
1.591712236453555107e+09
1.591712236655916929e+09
1.591712236855938911e+09
1.591712237055160046e+09
1.591712237257570028e+09
1.591712237454509020e+09
1.591712237654041052e+09
1.591712237857754946e+09
1.591712238053724051e+09
1.591712238256656885e+09
1.591712238457947016e+09
1.591712238654980898e+09
1.591712238856580973e+09
1.591712239056107044e+09
1.591712239256427050e+09
1.591712239455861092e+09
1.591712239654947042e+09
1.591712239852277040e+09
1.591712240056694031e+09
1.591712240252824068e+09
1.591712240573400974e+09
1.591712240656186104e+09
1.591712240854468107e+09
1.591712241053844929e+09
1.591712241254446983e+09
1.591712241454713106e+09
1.591712241653623104e+09
1.591712241853142977e+09
1.591712242056226015e+09
1.591712242251933098e+09
1.591712242452881098e+09
1.591712242652946949e+09
1.591712242853657007e+09
1.591712243053225040e+09
1.591712243253140926e+09
1.591712243451113939e+09
1.591712243651031971e+09
1.591712243853471041e+09
1.591712244053546906e+09
1.591712244253060102e+09
1.591712244451287985e+09
1.591712244653321981e+09
1.591712244853485107e+09
1.591712245074743032e+09
1.591712245251926899e+09
1.591712245587419033e+09
1.591712245677982092e+09
1.591712245853250980e+09
1.591712246051788092e+09
1.591712246252217054e+09
1.591712246451702118e+09
1.591712246652221918e+09
1.591712246850073099e+09
1.591712247050112009e+09
1.591712247251622915e+09
1.591712247449999094e+09
1.591712247651110888e+09
1.591712247852507114e+09
1.591712248050352097e+09
1.591712248251982927e+09
1.591712248452090979e+09
1.591712248652240038e+09
1.591712248852960110e+09
1.591712249050801992e+09
1.591712249250303030e+09
1.591712249451843977e+09
1.591712249650326967e+09
1.591712249850841045e+09
1.591712250050364971e+09
1.591712250249527931e+09
1.591712250448415995e+09
1.591712250645555019e+09
1.591712250848170996e+09
1.591712251052766085e+09
1.591712251251272917e+09
1.591712251450053930e+09
1.591712251651490927e+09
1.591712251850291967e+09
1.591712252048331022e+09
1.591712252248425007e+09
1.591712252448174953e+09
1.591712252650284052e+09
1.591712252850497961e+09
1.591712253047873020e+09
1.591712253250338078e+09
1.591712253448998928e+09
1.591712253647248030e+09
1.591712253848274946e+09
1.591712254049411058e+09
1.591712254248174906e+09
1.591712254447805882e+09
1.591712254648960114e+09
1.591712254850601912e+09
1.591712255047658920e+09
1.591712255249325991e+09
1.591712255447835922e+09
1.591712255787467003e+09
1.591712255885670900e+09
1.591712256048660040e+09
1.591712256249480963e+09
1.591712256451154947e+09
1.591712256648088932e+09
1.591712256847882032e+09
1.591712257048599005e+09
1.591712257245933056e+09
1.591712257448005915e+09
1.591712257646275997e+09
1.591712257850275040e+09
1.591712258047622919e+09
1.591712258246047974e+09
1.591712258450238943e+09
1.591712258647456884e+09
1.591712258846429110e+09
1.591712259047966003e+09
1.591712259247775078e+09
1.591712259445720911e+09
1.591712259648503065e+09
1.591712259847456932e+09
1.591712260048666954e+09
1.591712260246839046e+09
1.591712260445501089e+09
1.591712260783018112e+09
1.591712260883140087e+09
1.591712261046281099e+09
1.591712261244616032e+09
1.591712261444430113e+09
1.591712261645328999e+09
1.591712261844333887e+09
1.591712262046456099e+09
1.591712262246196985e+09
1.591712262446805954e+09
1.591712262647625923e+09
1.591712262844552994e+09
1.591712263045758963e+09
1.591712263247071981e+09
1.591712263446787119e+09
1.591712263646588087e+09
1.591712263844727039e+09
1.591712264042362928e+09
1.591712264243136883e+09
1.591712264444489002e+09
1.591712264645967007e+09
1.591712264844824076e+09
1.591712265042778015e+09
1.591712265245486021e+09
1.591712265442794085e+09
1.591712265806986094e+09
1.591712265911820889e+09
1.591712266060360909e+09
1.591712266245174885e+09
1.591712266445107937e+09
1.591712266645577908e+09
1.591712266845329046e+09
1.591712267045958996e+09
1.591712267244590998e+09
1.591712267443763971e+09
1.591712267644243002e+09
1.591712267841041088e+09
1.591712268041841984e+09
1.591712268243590117e+09
1.591712268441678047e+09
1.591712268644212961e+09
1.591712268843252897e+09
1.591712269041589975e+09
1.591712269243773937e+09
1.591712269442687988e+09
1.591712269644819021e+09
1.591712269842878103e+09
1.591712270042325974e+09
1.591712270244021893e+09
1.591712270443100929e+09
1.591712270769052982e+09
1.591712270878720045e+09
1.591712271040008068e+09
1.591712271239851952e+09
1.591712271440181971e+09
1.591712271640984058e+09
1.591712271842753887e+09
1.591712272042421103e+09
1.591712272242782116e+09
1.591712272440184116e+09
1.591712272641309977e+09
1.591712272843250036e+09
1.591712273043123007e+09
1.591712273242857933e+09
