0.000000000000000000e+00
0.000000000000000000e+00
0.000000000000000000e+00
0.000000000000000000e+00
0.000000000000000000e+00
0.000000000000000000e+00
0.000000000000000000e+00
0.000000000000000000e+00
0.000000000000000000e+00
0.000000000000000000e+00
0.000000000000000000e+00
0.000000000000000000e+00
0.000000000000000000e+00
0.000000000000000000e+00
0.000000000000000000e+00
0.000000000000000000e+00
3.099999999999999978e-02
3.099999999999999978e-02
3.099999999999999978e-02
3.099999999999999978e-02
3.099999999999999978e-02
3.099999999999999978e-02
3.099999999999999978e-02
3.099999999999999978e-02
3.099999999999999978e-02
3.099999999999999978e-02
3.099999999999999978e-02
3.099999999999999978e-02
3.099999999999999978e-02
3.099999999999999978e-02
3.099999999999999978e-02
3.099999999999999978e-02
6.600000000000000311e-02
6.600000000000000311e-02
6.600000000000000311e-02
6.600000000000000311e-02
6.600000000000000311e-02
6.600000000000000311e-02
6.600000000000000311e-02
6.600000000000000311e-02
6.600000000000000311e-02
6.600000000000000311e-02
6.600000000000000311e-02
6.600000000000000311e-02
6.600000000000000311e-02
6.600000000000000311e-02
6.600000000000000311e-02
6.600000000000000311e-02
6.600000000000000311e-02
6.600000000000000311e-02
6.600000000000000311e-02
6.600000000000000311e-02
6.600000000000000311e-02
6.600000000000000311e-02
6.700000000000000400e-02
6.700000000000000400e-02
6.800000000000000488e-02
1.019999999999999934e-01
1.019999999999999934e-01
1.019999999999999934e-01
1.019999999999999934e-01
1.019999999999999934e-01
1.019999999999999934e-01
1.019999999999999934e-01
1.019999999999999934e-01
1.019999999999999934e-01
1.019999999999999934e-01
1.019999999999999934e-01
1.019999999999999934e-01
1.019999999999999934e-01
1.019999999999999934e-01
1.019999999999999934e-01
1.019999999999999934e-01
1.019999999999999934e-01
1.019999999999999934e-01
1.029999999999999943e-01
1.029999999999999943e-01
1.039999999999999952e-01
1.049999999999999961e-01
1.059999999999999970e-01
1.280000000000000027e-01
1.280000000000000027e-01
1.280000000000000027e-01
1.280000000000000027e-01
1.280000000000000027e-01
1.280000000000000027e-01
1.280000000000000027e-01
1.280000000000000027e-01
1.280000000000000027e-01
1.280000000000000027e-01
1.280000000000000027e-01
1.280000000000000027e-01
1.280000000000000027e-01
1.290000000000000036e-01
1.290000000000000036e-01
1.300000000000000044e-01
1.549999999999999989e-01
1.549999999999999989e-01
1.549999999999999989e-01
1.549999999999999989e-01
1.549999999999999989e-01
1.549999999999999989e-01
1.549999999999999989e-01
1.549999999999999989e-01
1.549999999999999989e-01
1.549999999999999989e-01
1.549999999999999989e-01
1.549999999999999989e-01
1.549999999999999989e-01
1.549999999999999989e-01
1.549999999999999989e-01
1.549999999999999989e-01
1.839999999999999969e-01
1.839999999999999969e-01
1.839999999999999969e-01
1.839999999999999969e-01
1.839999999999999969e-01
1.839999999999999969e-01
1.839999999999999969e-01
1.839999999999999969e-01
1.839999999999999969e-01
1.839999999999999969e-01
1.839999999999999969e-01
1.839999999999999969e-01
1.839999999999999969e-01
1.839999999999999969e-01
1.839999999999999969e-01
1.839999999999999969e-01
2.119999999999999940e-01
2.119999999999999940e-01
2.119999999999999940e-01
2.119999999999999940e-01
2.119999999999999940e-01
2.119999999999999940e-01
2.119999999999999940e-01
2.119999999999999940e-01
2.119999999999999940e-01
2.119999999999999940e-01
2.119999999999999940e-01
2.119999999999999940e-01
2.119999999999999940e-01
2.119999999999999940e-01
2.119999999999999940e-01
2.119999999999999940e-01
2.399999999999999911e-01
2.399999999999999911e-01
2.399999999999999911e-01
2.399999999999999911e-01
2.399999999999999911e-01
2.399999999999999911e-01
2.399999999999999911e-01
2.399999999999999911e-01
2.399999999999999911e-01
2.399999999999999911e-01
2.399999999999999911e-01
2.399999999999999911e-01
2.399999999999999911e-01
2.399999999999999911e-01
2.399999999999999911e-01
2.399999999999999911e-01
2.760000000000000231e-01
2.760000000000000231e-01
2.760000000000000231e-01
2.760000000000000231e-01
2.760000000000000231e-01
2.760000000000000231e-01
2.760000000000000231e-01
2.760000000000000231e-01
2.760000000000000231e-01
2.760000000000000231e-01
2.760000000000000231e-01
2.760000000000000231e-01
2.760000000000000231e-01
2.760000000000000231e-01
2.760000000000000231e-01
2.760000000000000231e-01
2.760000000000000231e-01
2.760000000000000231e-01
2.760000000000000231e-01
2.760000000000000231e-01
2.760000000000000231e-01
2.770000000000000240e-01
2.770000000000000240e-01
2.770000000000000240e-01
2.770000000000000240e-01
2.770000000000000240e-01
2.770000000000000240e-01
2.770000000000000240e-01
2.770000000000000240e-01
2.770000000000000240e-01
2.770000000000000240e-01
2.770000000000000240e-01
3.119999999999999996e-01
3.119999999999999996e-01
3.119999999999999996e-01
3.119999999999999996e-01
3.119999999999999996e-01
3.119999999999999996e-01
3.119999999999999996e-01
3.119999999999999996e-01
3.119999999999999996e-01
3.119999999999999996e-01
3.119999999999999996e-01
3.119999999999999996e-01
3.119999999999999996e-01
3.119999999999999996e-01
3.119999999999999996e-01
3.370000000000000218e-01
3.380000000000000226e-01
3.380000000000000226e-01
3.380000000000000226e-01
3.380000000000000226e-01
3.380000000000000226e-01
3.380000000000000226e-01
3.380000000000000226e-01
3.380000000000000226e-01
3.380000000000000226e-01
3.380000000000000226e-01
3.380000000000000226e-01
3.380000000000000226e-01
3.380000000000000226e-01
3.380000000000000226e-01
3.679999999999999938e-01
3.679999999999999938e-01
3.679999999999999938e-01
3.679999999999999938e-01
3.679999999999999938e-01
3.679999999999999938e-01
3.679999999999999938e-01
3.679999999999999938e-01
3.679999999999999938e-01
3.679999999999999938e-01
3.679999999999999938e-01
3.679999999999999938e-01
3.679999999999999938e-01
3.679999999999999938e-01
3.679999999999999938e-01
3.679999999999999938e-01
3.960000000000000187e-01
3.960000000000000187e-01
3.960000000000000187e-01
3.960000000000000187e-01
3.960000000000000187e-01
3.960000000000000187e-01
3.960000000000000187e-01
3.960000000000000187e-01
3.960000000000000187e-01
3.960000000000000187e-01
3.960000000000000187e-01
3.960000000000000187e-01
3.960000000000000187e-01
3.960000000000000187e-01
3.960000000000000187e-01
4.010000000000000231e-01
4.020000000000000240e-01
4.030000000000000249e-01
4.050000000000000266e-01
4.060000000000000275e-01
4.079999999999999738e-01
4.089999999999999747e-01
4.109999999999999765e-01
4.119999999999999774e-01
4.129999999999999782e-01
4.149999999999999800e-01
4.159999999999999809e-01
4.169999999999999818e-01
4.179999999999999827e-01
4.179999999999999827e-01
4.219999999999999862e-01
4.229999999999999871e-01
4.239999999999999880e-01
4.249999999999999889e-01
4.259999999999999898e-01
4.279999999999999916e-01
4.289999999999999925e-01
4.309999999999999942e-01
4.329999999999999960e-01
4.339999999999999969e-01
4.359999999999999987e-01
4.380000000000000004e-01
4.390000000000000013e-01
4.410000000000000031e-01
4.420000000000000040e-01
4.470000000000000084e-01
4.470000000000000084e-01
4.480000000000000093e-01
4.490000000000000102e-01
4.769999999999999796e-01
4.769999999999999796e-01
4.769999999999999796e-01
4.769999999999999796e-01
4.769999999999999796e-01
4.769999999999999796e-01
4.769999999999999796e-01
4.769999999999999796e-01
4.769999999999999796e-01
4.769999999999999796e-01
4.769999999999999796e-01
4.769999999999999796e-01
4.769999999999999796e-01
4.769999999999999796e-01
4.769999999999999796e-01
4.769999999999999796e-01
4.769999999999999796e-01
4.769999999999999796e-01
4.769999999999999796e-01
4.769999999999999796e-01
4.769999999999999796e-01
4.769999999999999796e-01
4.769999999999999796e-01
4.769999999999999796e-01
4.769999999999999796e-01
4.769999999999999796e-01
5.130000000000000115e-01
5.130000000000000115e-01
5.130000000000000115e-01
5.130000000000000115e-01
5.130000000000000115e-01
5.130000000000000115e-01
5.130000000000000115e-01
5.130000000000000115e-01
5.130000000000000115e-01
5.130000000000000115e-01
5.130000000000000115e-01
5.130000000000000115e-01
5.130000000000000115e-01
5.130000000000000115e-01
5.130000000000000115e-01
5.400000000000000355e-01
5.400000000000000355e-01
5.400000000000000355e-01
5.400000000000000355e-01
5.400000000000000355e-01
5.400000000000000355e-01
5.400000000000000355e-01
5.400000000000000355e-01
5.400000000000000355e-01
5.400000000000000355e-01
5.400000000000000355e-01
5.400000000000000355e-01
5.400000000000000355e-01
5.400000000000000355e-01
5.400000000000000355e-01
5.620000000000000551e-01
5.629999999999999449e-01
5.639999999999999458e-01
5.639999999999999458e-01
5.649999999999999467e-01
5.649999999999999467e-01
5.659999999999999476e-01
5.659999999999999476e-01
5.659999999999999476e-01
5.659999999999999476e-01
5.659999999999999476e-01
5.659999999999999476e-01
5.659999999999999476e-01
5.659999999999999476e-01
5.659999999999999476e-01
5.949999999999999734e-01
5.949999999999999734e-01
5.949999999999999734e-01
5.949999999999999734e-01
5.949999999999999734e-01
5.949999999999999734e-01
5.949999999999999734e-01
5.949999999999999734e-01
5.949999999999999734e-01
5.949999999999999734e-01
5.949999999999999734e-01
5.949999999999999734e-01
5.949999999999999734e-01
5.949999999999999734e-01
5.949999999999999734e-01
5.979999999999999760e-01
5.999999999999999778e-01
6.009999999999999787e-01
6.019999999999999796e-01
6.039999999999999813e-01
6.049999999999999822e-01
6.069999999999999840e-01
6.089999999999999858e-01
6.099999999999999867e-01
6.119999999999999885e-01
6.139999999999999902e-01
6.149999999999999911e-01
6.159999999999999920e-01
6.169999999999999929e-01
6.179999999999999938e-01
6.209999999999999964e-01
6.209999999999999964e-01
6.209999999999999964e-01
6.219999999999999973e-01
6.219999999999999973e-01
6.229999999999999982e-01
6.510000000000000231e-01
6.510000000000000231e-01
6.510000000000000231e-01
6.510000000000000231e-01
6.510000000000000231e-01
6.510000000000000231e-01
6.510000000000000231e-01
6.510000000000000231e-01
6.510000000000000231e-01
6.510000000000000231e-01
6.510000000000000231e-01
6.510000000000000231e-01
6.510000000000000231e-01
6.510000000000000231e-01
6.510000000000000231e-01
6.510000000000000231e-01
6.510000000000000231e-01
6.510000000000000231e-01
6.510000000000000231e-01
6.510000000000000231e-01
6.510000000000000231e-01
6.510000000000000231e-01
6.510000000000000231e-01
6.520000000000000240e-01
6.770000000000000462e-01
6.770000000000000462e-01
6.770000000000000462e-01
6.770000000000000462e-01
6.770000000000000462e-01
6.770000000000000462e-01
6.770000000000000462e-01
6.770000000000000462e-01
6.770000000000000462e-01
6.770000000000000462e-01
6.770000000000000462e-01
6.770000000000000462e-01
6.770000000000000462e-01
6.770000000000000462e-01
6.770000000000000462e-01
7.059999999999999609e-01
7.059999999999999609e-01
7.059999999999999609e-01
7.059999999999999609e-01
7.059999999999999609e-01
7.059999999999999609e-01
7.059999999999999609e-01
7.059999999999999609e-01
7.059999999999999609e-01
7.059999999999999609e-01
7.059999999999999609e-01
7.059999999999999609e-01
7.059999999999999609e-01
7.059999999999999609e-01
7.059999999999999609e-01
7.299999999999999822e-01
7.309999999999999831e-01
7.309999999999999831e-01
7.309999999999999831e-01
7.319999999999999840e-01
7.319999999999999840e-01
7.319999999999999840e-01
7.319999999999999840e-01
7.319999999999999840e-01
7.319999999999999840e-01
7.319999999999999840e-01
7.319999999999999840e-01
7.319999999999999840e-01
7.319999999999999840e-01
7.630000000000000115e-01
7.630000000000000115e-01
7.630000000000000115e-01
7.630000000000000115e-01
7.630000000000000115e-01
7.630000000000000115e-01
7.630000000000000115e-01
7.630000000000000115e-01
7.630000000000000115e-01
7.630000000000000115e-01
7.630000000000000115e-01
7.630000000000000115e-01
7.630000000000000115e-01
7.630000000000000115e-01
7.630000000000000115e-01
7.620000000000000107e-01
7.620000000000000107e-01
7.620000000000000107e-01
7.630000000000000115e-01
7.630000000000000115e-01
7.630000000000000115e-01
7.640000000000000124e-01
7.650000000000000133e-01
7.920000000000000373e-01
7.920000000000000373e-01
7.920000000000000373e-01
7.920000000000000373e-01
7.920000000000000373e-01
7.920000000000000373e-01
7.920000000000000373e-01
7.920000000000000373e-01
7.920000000000000373e-01
7.920000000000000373e-01
7.920000000000000373e-01
7.920000000000000373e-01
7.920000000000000373e-01
7.920000000000000373e-01
7.920000000000000373e-01
7.920000000000000373e-01
7.920000000000000373e-01
7.920000000000000373e-01
7.920000000000000373e-01
7.920000000000000373e-01
7.920000000000000373e-01
7.920000000000000373e-01
8.269999999999999574e-01
8.269999999999999574e-01
8.269999999999999574e-01
8.269999999999999574e-01
8.269999999999999574e-01
8.269999999999999574e-01
8.269999999999999574e-01
8.269999999999999574e-01
8.269999999999999574e-01
8.269999999999999574e-01
8.269999999999999574e-01
8.269999999999999574e-01
8.269999999999999574e-01
8.269999999999999574e-01
8.559999999999999831e-01
8.559999999999999831e-01
8.559999999999999831e-01
8.559999999999999831e-01
8.559999999999999831e-01
8.559999999999999831e-01
8.559999999999999831e-01
8.559999999999999831e-01
8.559999999999999831e-01
8.559999999999999831e-01
8.559999999999999831e-01
8.559999999999999831e-01
8.559999999999999831e-01
8.559999999999999831e-01
8.559999999999999831e-01
8.559999999999999831e-01
8.559999999999999831e-01
8.559999999999999831e-01
8.559999999999999831e-01
8.559999999999999831e-01
8.559999999999999831e-01
8.549999999999999822e-01
8.549999999999999822e-01
8.549999999999999822e-01
8.549999999999999822e-01
8.549999999999999822e-01
8.549999999999999822e-01
8.549999999999999822e-01
8.549999999999999822e-01
8.549999999999999822e-01
8.910000000000000142e-01
8.910000000000000142e-01
8.910000000000000142e-01
8.910000000000000142e-01
8.910000000000000142e-01
8.910000000000000142e-01
8.910000000000000142e-01
8.910000000000000142e-01
8.910000000000000142e-01
8.910000000000000142e-01
8.910000000000000142e-01
8.910000000000000142e-01
8.910000000000000142e-01
8.910000000000000142e-01
9.110000000000000320e-01
9.120000000000000329e-01
9.130000000000000338e-01
9.140000000000000346e-01
9.150000000000000355e-01
9.150000000000000355e-01
9.160000000000000364e-01
9.160000000000000364e-01
9.160000000000000364e-01
9.160000000000000364e-01
9.160000000000000364e-01
9.160000000000000364e-01
9.160000000000000364e-01
9.160000000000000364e-01
9.489999999999999547e-01
9.489999999999999547e-01
9.489999999999999547e-01
9.489999999999999547e-01
9.489999999999999547e-01
9.489999999999999547e-01
9.489999999999999547e-01
9.489999999999999547e-01
9.489999999999999547e-01
9.489999999999999547e-01
9.489999999999999547e-01
9.489999999999999547e-01
9.489999999999999547e-01
9.489999999999999547e-01
9.489999999999999547e-01
9.489999999999999547e-01
9.489999999999999547e-01
9.489999999999999547e-01
9.489999999999999547e-01
9.489999999999999547e-01
9.489999999999999547e-01
9.489999999999999547e-01
9.499999999999999556e-01
9.509999999999999565e-01
9.509999999999999565e-01
9.519999999999999574e-01
9.529999999999999583e-01
9.549999999999999600e-01
9.739999999999999769e-01
9.739999999999999769e-01
9.739999999999999769e-01
9.739999999999999769e-01
9.739999999999999769e-01
9.739999999999999769e-01
9.739999999999999769e-01
9.739999999999999769e-01
9.739999999999999769e-01
9.739999999999999769e-01
9.739999999999999769e-01
9.739999999999999769e-01
9.739999999999999769e-01
9.739999999999999769e-01
9.739999999999999769e-01
1.002000000000000002e+00
1.002000000000000002e+00
1.002000000000000002e+00
1.002000000000000002e+00
1.002000000000000002e+00
1.002000000000000002e+00
1.002000000000000002e+00
1.002000000000000002e+00
1.002000000000000002e+00
1.002000000000000002e+00
1.002000000000000002e+00
1.002000000000000002e+00
1.002000000000000002e+00
1.002000000000000002e+00
1.032999999999999918e+00
1.032999999999999918e+00
1.032999999999999918e+00
1.032999999999999918e+00
1.032999999999999918e+00
1.032999999999999918e+00
1.032999999999999918e+00
1.032999999999999918e+00
1.032999999999999918e+00
1.032999999999999918e+00
1.032999999999999918e+00
1.032999999999999918e+00
1.032999999999999918e+00
1.032999999999999918e+00
1.032999999999999918e+00
1.032999999999999918e+00
1.032999999999999918e+00
1.032999999999999918e+00
1.032999999999999918e+00
1.032999999999999918e+00
1.032999999999999918e+00
1.032999999999999918e+00
1.032999999999999918e+00
1.032999999999999918e+00
1.032999999999999918e+00
1.032999999999999918e+00
1.034000000000000030e+00
1.034000000000000030e+00
1.068999999999999950e+00
1.068999999999999950e+00
1.068999999999999950e+00
1.068999999999999950e+00
1.068999999999999950e+00
1.068999999999999950e+00
1.068999999999999950e+00
1.068999999999999950e+00
1.068999999999999950e+00
1.068999999999999950e+00
1.068999999999999950e+00
1.068999999999999950e+00
1.068999999999999950e+00
1.068999999999999950e+00
1.096000000000000085e+00
1.096000000000000085e+00
1.096000000000000085e+00
1.096000000000000085e+00
1.096000000000000085e+00
1.096000000000000085e+00
1.096000000000000085e+00
1.096000000000000085e+00
1.096000000000000085e+00
1.096000000000000085e+00
1.096000000000000085e+00
1.096000000000000085e+00
1.096000000000000085e+00
1.096000000000000085e+00
1.104000000000000092e+00
1.104999999999999982e+00
1.106999999999999984e+00
1.108000000000000096e+00
1.110000000000000098e+00
1.110999999999999988e+00
1.112999999999999989e+00
1.114000000000000101e+00
1.116000000000000103e+00
1.116999999999999993e+00
1.118000000000000105e+00
1.118999999999999995e+00
1.118999999999999995e+00
1.120000000000000107e+00
1.151000000000000023e+00
1.151000000000000023e+00
1.151000000000000023e+00
1.151000000000000023e+00
1.151000000000000023e+00
1.151000000000000023e+00
1.151000000000000023e+00
1.151000000000000023e+00
1.151000000000000023e+00
1.151000000000000023e+00
1.151000000000000023e+00
1.151000000000000023e+00
1.151000000000000023e+00
1.151000000000000023e+00
1.151000000000000023e+00
1.151000000000000023e+00
1.151000000000000023e+00
1.151000000000000023e+00
1.151000000000000023e+00
1.151000000000000023e+00
1.151000000000000023e+00
1.151000000000000023e+00
1.151000000000000023e+00
1.151000000000000023e+00
1.151000000000000023e+00
1.151000000000000023e+00
1.151000000000000023e+00
1.151000000000000023e+00
1.187000000000000055e+00
1.187000000000000055e+00
1.187000000000000055e+00
1.187000000000000055e+00
1.187000000000000055e+00
1.187000000000000055e+00
1.187000000000000055e+00
1.187000000000000055e+00
1.187000000000000055e+00
1.187000000000000055e+00
1.187000000000000055e+00
1.187000000000000055e+00
1.187000000000000055e+00
1.215000000000000080e+00
1.215000000000000080e+00
1.215000000000000080e+00
1.215000000000000080e+00
1.215000000000000080e+00
1.215000000000000080e+00
1.215000000000000080e+00
1.215000000000000080e+00
1.215000000000000080e+00
1.215000000000000080e+00
1.215000000000000080e+00
1.215000000000000080e+00
1.215000000000000080e+00
1.215000000000000080e+00
1.241999999999999993e+00
1.241999999999999993e+00
1.241999999999999993e+00
1.241999999999999993e+00
1.241999999999999993e+00
1.241999999999999993e+00
1.241999999999999993e+00
1.241999999999999993e+00
1.241999999999999993e+00
1.241999999999999993e+00
1.241999999999999993e+00
1.241999999999999993e+00
1.241999999999999993e+00
1.241999999999999993e+00
1.270999999999999908e+00
1.270999999999999908e+00
1.270999999999999908e+00
1.270999999999999908e+00
1.270999999999999908e+00
1.270999999999999908e+00
1.270999999999999908e+00
1.270999999999999908e+00
1.270999999999999908e+00
1.270999999999999908e+00
1.270999999999999908e+00
1.270999999999999908e+00
1.270999999999999908e+00
1.270999999999999908e+00
1.298000000000000043e+00
1.298000000000000043e+00
1.298000000000000043e+00
1.298000000000000043e+00
1.298000000000000043e+00
1.298000000000000043e+00
1.298000000000000043e+00
1.298000000000000043e+00
1.298000000000000043e+00
1.298000000000000043e+00
1.298000000000000043e+00
1.298000000000000043e+00
1.298000000000000043e+00
1.298000000000000043e+00
1.310999999999999943e+00
1.312999999999999945e+00
1.314000000000000057e+00
1.316000000000000059e+00
1.316999999999999948e+00
1.318000000000000060e+00
1.318999999999999950e+00
1.320000000000000062e+00
1.320999999999999952e+00
1.322000000000000064e+00
1.322000000000000064e+00
1.322999999999999954e+00
1.322999999999999954e+00
1.322999999999999954e+00
1.407999999999999918e+00
1.407999999999999918e+00
1.407999999999999918e+00
1.407999999999999918e+00
1.407999999999999918e+00
1.407999999999999918e+00
1.407999999999999918e+00
1.407999999999999918e+00
1.407999999999999918e+00
1.407999999999999918e+00
1.407999999999999918e+00
1.407999999999999918e+00
1.407999999999999918e+00
1.407999999999999918e+00
1.407999999999999918e+00
1.407999999999999918e+00
1.407999999999999918e+00
1.407999999999999918e+00
1.407999999999999918e+00
1.407999999999999918e+00
1.407999999999999918e+00
1.407999999999999918e+00
1.407999999999999918e+00
1.407999999999999918e+00
1.407999999999999918e+00
1.407999999999999918e+00
1.407999999999999918e+00
1.433000000000000052e+00
1.433000000000000052e+00
1.433000000000000052e+00
1.433000000000000052e+00
1.433000000000000052e+00
1.433000000000000052e+00
1.433000000000000052e+00
1.433000000000000052e+00
1.433000000000000052e+00
1.433000000000000052e+00
1.433000000000000052e+00
1.433000000000000052e+00
1.433000000000000052e+00
1.433000000000000052e+00
1.463000000000000078e+00
1.463000000000000078e+00
1.463000000000000078e+00
1.463000000000000078e+00
1.463000000000000078e+00
1.463000000000000078e+00
1.463000000000000078e+00
1.463000000000000078e+00
1.463000000000000078e+00
1.463000000000000078e+00
1.463000000000000078e+00
1.463000000000000078e+00
1.463000000000000078e+00
1.463000000000000078e+00
1.463999999999999968e+00
1.463999999999999968e+00
1.463999999999999968e+00
1.463999999999999968e+00
1.463999999999999968e+00
1.463999999999999968e+00
1.463999999999999968e+00
1.463999999999999968e+00
1.463999999999999968e+00
1.465000000000000080e+00
1.465000000000000080e+00
1.465999999999999970e+00
1.491999999999999993e+00
1.491000000000000103e+00
1.491000000000000103e+00
1.491000000000000103e+00
1.491000000000000103e+00
1.491000000000000103e+00
1.491000000000000103e+00
1.491000000000000103e+00
1.491000000000000103e+00
1.491000000000000103e+00
1.491000000000000103e+00
1.491000000000000103e+00
1.491000000000000103e+00
1.491000000000000103e+00
1.491000000000000103e+00
1.526999999999999913e+00
1.526999999999999913e+00
1.526999999999999913e+00
1.526999999999999913e+00
1.526000000000000023e+00
1.526000000000000023e+00
1.526000000000000023e+00
1.526000000000000023e+00
1.526000000000000023e+00
1.526000000000000023e+00
1.526000000000000023e+00
1.526000000000000023e+00
1.526000000000000023e+00
1.526000000000000023e+00
1.526000000000000023e+00
1.526000000000000023e+00
1.526000000000000023e+00
1.526000000000000023e+00
1.526000000000000023e+00
1.526000000000000023e+00
1.526000000000000023e+00
1.526000000000000023e+00
1.526999999999999913e+00
1.526999999999999913e+00
1.528000000000000025e+00
1.528000000000000025e+00
1.562999999999999945e+00
1.562999999999999945e+00
1.562999999999999945e+00
1.562999999999999945e+00
1.562999999999999945e+00
1.562999999999999945e+00
1.562999999999999945e+00
1.562999999999999945e+00
1.562999999999999945e+00
1.562999999999999945e+00
1.562999999999999945e+00
1.562999999999999945e+00
1.562999999999999945e+00
1.590000000000000080e+00
1.590000000000000080e+00
1.590000000000000080e+00
1.590000000000000080e+00
1.590000000000000080e+00
1.590000000000000080e+00
1.590000000000000080e+00
1.590000000000000080e+00
1.590000000000000080e+00
1.590000000000000080e+00
1.590000000000000080e+00
1.590000000000000080e+00
1.590000000000000080e+00
1.598999999999999977e+00
1.600999999999999979e+00
1.602000000000000091e+00
1.604000000000000092e+00
1.606000000000000094e+00
1.606999999999999984e+00
1.608000000000000096e+00
1.610000000000000098e+00
1.610999999999999988e+00
1.612000000000000099e+00
1.612999999999999989e+00
1.614000000000000101e+00
1.614000000000000101e+00
1.614999999999999991e+00
1.614999999999999991e+00
1.614999999999999991e+00
1.614999999999999991e+00
1.614999999999999991e+00
1.614999999999999991e+00
1.614999999999999991e+00
1.614999999999999991e+00
1.614999999999999991e+00
1.616000000000000103e+00
1.616000000000000103e+00
1.616000000000000103e+00
1.616000000000000103e+00
1.645999999999999908e+00
1.645999999999999908e+00
1.645999999999999908e+00
1.645999999999999908e+00
1.645999999999999908e+00
1.645999999999999908e+00
1.645999999999999908e+00
1.645999999999999908e+00
1.645999999999999908e+00
1.645999999999999908e+00
1.645999999999999908e+00
1.645999999999999908e+00
1.645999999999999908e+00
1.673000000000000043e+00
1.673000000000000043e+00
1.673000000000000043e+00
1.673000000000000043e+00
1.673000000000000043e+00
1.673000000000000043e+00
1.673000000000000043e+00
1.673000000000000043e+00
1.673000000000000043e+00
1.673000000000000043e+00
1.673000000000000043e+00
1.673000000000000043e+00
1.673000000000000043e+00
1.673000000000000043e+00
1.673000000000000043e+00
1.673000000000000043e+00
1.673000000000000043e+00
1.673000000000000043e+00
1.673000000000000043e+00
1.673000000000000043e+00
1.673000000000000043e+00
1.673000000000000043e+00
1.673000000000000043e+00
1.673000000000000043e+00
1.673000000000000043e+00
1.673000000000000043e+00
1.709000000000000075e+00
1.709000000000000075e+00
1.709000000000000075e+00
1.709000000000000075e+00
1.709000000000000075e+00
1.709000000000000075e+00
1.709000000000000075e+00
1.709000000000000075e+00
1.709000000000000075e+00
1.709000000000000075e+00
1.709000000000000075e+00
1.709000000000000075e+00
1.709000000000000075e+00
0.000000000000000000e+00
0.000000000000000000e+00
0.000000000000000000e+00
0.000000000000000000e+00
0.000000000000000000e+00
0.000000000000000000e+00
0.000000000000000000e+00
0.000000000000000000e+00
0.000000000000000000e+00
0.000000000000000000e+00
0.000000000000000000e+00
0.000000000000000000e+00
0.000000000000000000e+00
0.000000000000000000e+00
0.000000000000000000e+00
0.000000000000000000e+00
0.000000000000000000e+00
0.000000000000000000e+00
0.000000000000000000e+00
0.000000000000000000e+00
0.000000000000000000e+00
0.000000000000000000e+00
0.000000000000000000e+00
0.000000000000000000e+00
0.000000000000000000e+00
0.000000000000000000e+00
3.500000000000000333e-02
3.500000000000000333e-02
3.500000000000000333e-02
3.500000000000000333e-02
3.500000000000000333e-02
3.500000000000000333e-02
3.500000000000000333e-02
3.500000000000000333e-02
3.500000000000000333e-02
3.500000000000000333e-02
3.500000000000000333e-02
3.500000000000000333e-02
3.500000000000000333e-02
6.300000000000000044e-02
6.300000000000000044e-02
6.300000000000000044e-02
6.300000000000000044e-02
6.300000000000000044e-02
6.300000000000000044e-02
6.300000000000000044e-02
6.300000000000000044e-02
6.300000000000000044e-02
6.300000000000000044e-02
6.300000000000000044e-02
6.300000000000000044e-02
6.300000000000000044e-02
6.300000000000000044e-02
6.300000000000000044e-02
6.300000000000000044e-02
6.300000000000000044e-02
6.300000000000000044e-02
6.300000000000000044e-02
6.300000000000000044e-02
6.300000000000000044e-02
6.300000000000000044e-02
6.300000000000000044e-02
6.300000000000000044e-02
6.300000000000000044e-02
6.300000000000000044e-02
9.800000000000000377e-02
9.800000000000000377e-02
9.800000000000000377e-02
9.800000000000000377e-02
9.800000000000000377e-02
9.800000000000000377e-02
9.800000000000000377e-02
9.800000000000000377e-02
9.800000000000000377e-02
9.800000000000000377e-02
9.800000000000000377e-02
9.800000000000000377e-02
9.800000000000000377e-02
1.229999999999999982e-01
1.229999999999999982e-01
1.229999999999999982e-01
1.229999999999999982e-01
1.229999999999999982e-01
1.229999999999999982e-01
1.229999999999999982e-01
1.229999999999999982e-01
1.229999999999999982e-01
1.229999999999999982e-01
1.229999999999999982e-01
1.229999999999999982e-01
1.229999999999999982e-01
1.229999999999999982e-01
1.229999999999999982e-01
1.229999999999999982e-01
1.229999999999999982e-01
1.229999999999999982e-01
1.229999999999999982e-01
1.229999999999999982e-01
1.229999999999999982e-01
1.229999999999999982e-01
1.229999999999999982e-01
1.229999999999999982e-01
1.229999999999999982e-01
1.229999999999999982e-01
1.529999999999999971e-01
1.529999999999999971e-01
1.529999999999999971e-01
1.529999999999999971e-01
1.529999999999999971e-01
1.529999999999999971e-01
1.529999999999999971e-01
1.529999999999999971e-01
1.529999999999999971e-01
1.529999999999999971e-01
1.529999999999999971e-01
1.529999999999999971e-01
1.529999999999999971e-01
1.539999999999999980e-01
1.539999999999999980e-01
1.539999999999999980e-01
1.549999999999999989e-01
1.549999999999999989e-01
1.789999999999999925e-01
1.789999999999999925e-01
1.789999999999999925e-01
1.789999999999999925e-01
1.789999999999999925e-01
1.789999999999999925e-01
1.789999999999999925e-01
1.789999999999999925e-01
1.789999999999999925e-01
1.789999999999999925e-01
1.789999999999999925e-01
1.789999999999999925e-01
1.789999999999999925e-01
1.789999999999999925e-01
1.789999999999999925e-01
1.789999999999999925e-01
1.789999999999999925e-01
1.789999999999999925e-01
1.789999999999999925e-01
1.789999999999999925e-01
1.789999999999999925e-01
2.069999999999999896e-01
2.069999999999999896e-01
2.069999999999999896e-01
2.069999999999999896e-01
2.069999999999999896e-01
2.069999999999999896e-01
2.069999999999999896e-01
2.069999999999999896e-01
2.069999999999999896e-01
2.069999999999999896e-01
2.069999999999999896e-01
2.069999999999999896e-01
2.069999999999999896e-01
2.330000000000000127e-01
2.330000000000000127e-01
2.330000000000000127e-01
2.330000000000000127e-01
2.330000000000000127e-01
2.330000000000000127e-01
2.330000000000000127e-01
2.330000000000000127e-01
2.330000000000000127e-01
2.330000000000000127e-01
2.330000000000000127e-01
2.330000000000000127e-01
2.330000000000000127e-01
2.330000000000000127e-01
2.330000000000000127e-01
2.330000000000000127e-01
2.330000000000000127e-01
2.330000000000000127e-01
2.330000000000000127e-01
2.330000000000000127e-01
2.330000000000000127e-01
2.330000000000000127e-01
2.330000000000000127e-01
2.330000000000000127e-01
2.330000000000000127e-01
2.330000000000000127e-01
2.600000000000000089e-01
2.600000000000000089e-01
2.600000000000000089e-01
2.600000000000000089e-01
2.600000000000000089e-01
2.600000000000000089e-01
2.600000000000000089e-01
2.600000000000000089e-01
2.600000000000000089e-01
2.600000000000000089e-01
2.600000000000000089e-01
2.600000000000000089e-01
2.600000000000000089e-01
2.909999999999999809e-01
2.909999999999999809e-01
2.909999999999999809e-01
2.909999999999999809e-01
2.909999999999999809e-01
2.909999999999999809e-01
2.909999999999999809e-01
2.909999999999999809e-01
2.909999999999999809e-01
2.909999999999999809e-01
2.909999999999999809e-01
2.909999999999999809e-01
2.909999999999999809e-01
2.909999999999999809e-01
2.909999999999999809e-01
2.909999999999999809e-01
2.909999999999999809e-01
2.909999999999999809e-01
2.909999999999999809e-01
2.909999999999999809e-01
2.909999999999999809e-01
2.909999999999999809e-01
2.909999999999999809e-01
2.909999999999999809e-01
2.909999999999999809e-01
3.160000000000000031e-01
3.160000000000000031e-01
3.160000000000000031e-01
3.160000000000000031e-01
3.160000000000000031e-01
3.160000000000000031e-01
3.160000000000000031e-01
3.160000000000000031e-01
3.160000000000000031e-01
3.160000000000000031e-01
3.160000000000000031e-01
3.160000000000000031e-01
3.459999999999999742e-01
3.459999999999999742e-01
3.459999999999999742e-01
3.459999999999999742e-01
3.459999999999999742e-01
3.459999999999999742e-01
3.459999999999999742e-01
3.459999999999999742e-01
3.459999999999999742e-01
3.459999999999999742e-01
3.459999999999999742e-01
3.459999999999999742e-01
4.079999999999999738e-01
4.079999999999999738e-01
4.079999999999999738e-01
4.079999999999999738e-01
4.079999999999999738e-01
4.079999999999999738e-01
4.079999999999999738e-01
4.079999999999999738e-01
4.079999999999999738e-01
4.079999999999999738e-01
4.079999999999999738e-01
4.079999999999999738e-01
4.079999999999999738e-01
4.079999999999999738e-01
4.079999999999999738e-01
4.079999999999999738e-01
4.079999999999999738e-01
4.079999999999999738e-01
4.079999999999999738e-01
4.079999999999999738e-01
4.079999999999999738e-01
4.079999999999999738e-01
4.079999999999999738e-01
4.079999999999999738e-01
4.079999999999999738e-01
4.079999999999999738e-01
4.380000000000000004e-01
4.380000000000000004e-01
4.380000000000000004e-01
4.380000000000000004e-01
4.380000000000000004e-01
4.380000000000000004e-01
4.380000000000000004e-01
4.380000000000000004e-01
4.380000000000000004e-01
4.380000000000000004e-01
4.380000000000000004e-01
4.380000000000000004e-01
4.650000000000000244e-01
4.650000000000000244e-01
4.650000000000000244e-01
4.650000000000000244e-01
4.650000000000000244e-01
4.650000000000000244e-01
4.650000000000000244e-01
4.650000000000000244e-01
4.650000000000000244e-01
4.650000000000000244e-01
4.650000000000000244e-01
4.650000000000000244e-01
4.650000000000000244e-01
4.650000000000000244e-01
4.650000000000000244e-01
4.650000000000000244e-01
4.650000000000000244e-01
4.650000000000000244e-01
4.650000000000000244e-01
4.650000000000000244e-01
4.650000000000000244e-01
4.650000000000000244e-01
4.650000000000000244e-01
4.650000000000000244e-01
4.650000000000000244e-01
5.010000000000000009e-01
5.010000000000000009e-01
5.010000000000000009e-01
5.010000000000000009e-01
5.010000000000000009e-01
5.010000000000000009e-01
5.010000000000000009e-01
5.010000000000000009e-01
5.010000000000000009e-01
5.010000000000000009e-01
5.010000000000000009e-01
5.010000000000000009e-01
5.010000000000000009e-01
