1.591700639413330078e+09
1.591700640015841007e+09
1.591700640751924992e+09
1.591700641348169088e+09
1.591700641942215919e+09
1.591700642539422035e+09
1.591700643133831978e+09
1.591700643724504948e+09
1.591700644311511040e+09
1.591700644906646013e+09
1.591700645570086956e+09
1.591700646167072058e+09
1.591700646768037081e+09
1.591700647356012106e+09
1.591700647948679924e+09
1.591700648538954973e+09
1.591700660691055059e+09
1.591700661298885107e+09
1.591700661912144899e+09
1.591700662514792919e+09
1.591700663123833895e+09
1.591700663730684042e+09
1.591700664339920998e+09
1.591700664951637983e+09
1.591700665558123112e+09
1.591700666315642118e+09
1.591700666932349920e+09
1.591700667535028934e+09
1.591700668153471947e+09
1.591700668763474941e+09
1.591700669366682053e+09
1.591700669990572929e+09
1.591700681771101952e+09
1.591700682372874975e+09
1.591700682980515957e+09
1.591700683582999945e+09
1.591700684188591957e+09
1.591700684795612097e+09
1.591700685395868063e+09
1.591700685999178886e+09
1.591700686750775099e+09
1.591700687356787920e+09
1.591700687968338966e+09
1.591700688571541071e+09
1.591700689178702116e+09
1.591700689783695936e+09
1.591700690380239964e+09
1.591700690995002985e+09
1.591700702945606947e+09
1.591700703552144051e+09
1.591700704150295973e+09
1.591700704754373074e+09
1.591700705354094982e+09
1.591700705953814983e+09
1.591700706557904959e+09
1.591700707301299095e+09
1.591700707902915001e+09
1.591700708500129938e+09
1.591700709102482080e+09
1.591700709732409000e+09
1.591700710338371992e+09
1.591700710947333097e+09
1.591700711546051979e+09
1.591700712293236971e+09
1.591700724120201111e+09
1.591700724722693920e+09
1.591700725327394962e+09
1.591700725927799940e+09
1.591700726529000044e+09
1.591700727135127068e+09
1.591700727769660950e+09
1.591700728368283987e+09
1.591700728974173069e+09
1.591700729574217081e+09
1.591700730176428080e+09
1.591700730781586885e+09
1.591700731383007050e+09
1.591700731988404036e+09
1.591700732669197083e+09
1.591700733270945072e+09
1.591700745303416014e+09
1.591700745908135891e+09
1.591700746512836933e+09
1.591700747127974987e+09
1.591700747836604118e+09
1.591700748455106974e+09
1.591700749067272902e+09
1.591700749715784073e+09
1.591700750331046104e+09
1.591700750960611105e+09
1.591700751567995071e+09
1.591700752176171064e+09
1.591700752879769087e+09
1.591700753485996008e+09
1.591700754101136923e+09
1.591700754730739117e+09
1.591700766482923031e+09
1.591700767101089954e+09
1.591700767725234032e+09
1.591700768422161102e+09
1.591700769040442944e+09
1.591700769676111937e+09
1.591700770288791895e+09
1.591700770903671980e+09
1.591700771510500908e+09
1.591700772130017042e+09
1.591700772746658087e+09
1.591700773441385984e+09
1.591700774055577040e+09
1.591700774694494963e+09
1.591700775305176973e+09
1.591700775914592028e+09
1.591700787658304930e+09
1.591700788280582905e+09
1.591700788922818899e+09
1.591700789538064957e+09
1.591700790158278942e+09
1.591700790778999090e+09
1.591700791389461040e+09
1.591700792013056040e+09
1.591700792630467892e+09
1.591700793255192041e+09
1.591700793887187958e+09
1.591700794497375011e+09
1.591700795117608070e+09
1.591700795754405022e+09
1.591700796369342089e+09
1.591700796979939938e+09
1.591700808837021112e+09
1.591700809564582109e+09
1.591700810173559904e+09
1.591700810784764051e+09
1.591700811398529053e+09
1.591700812016680002e+09
1.591700812622374058e+09
1.591700813233324051e+09
1.591700813847354889e+09
1.591700814570883989e+09
1.591700815189227104e+09
1.591700815815892935e+09
1.591700816428646088e+09
1.591700817044392109e+09
1.591700817656558990e+09
1.591700818270911932e+09
1.591700830012662888e+09
1.591700830631459951e+09
1.591700831256536007e+09
1.591700831871753931e+09
1.591700832490816116e+09
1.591700833111474037e+09
1.591700833752181053e+09
1.591700834367033958e+09
1.591700835009848118e+09
1.591700835626127005e+09
1.591700836239634991e+09
1.591700836859782934e+09
1.591700837470910072e+09
1.591700838085144997e+09
1.591700838728836060e+09
1.591700839335939884e+09
1.591700851191761017e+09
1.591700851806653976e+09
1.591700852416796923e+09
1.591700853035012007e+09
1.591700853792449951e+09
1.591700854408198118e+09
1.591700855031330109e+09
1.591700855645922899e+09
1.591700856270119905e+09
1.591700856887424946e+09
1.591700857507388115e+09
1.591700858131239891e+09
1.591700858897742033e+09
1.591700859511910915e+09
1.591700860137995005e+09
1.591700860758732080e+09
1.591700872368352890e+09
1.591700872988666058e+09
1.591700873704024076e+09
1.591700874322168112e+09
1.591700874940429926e+09
1.591700875563393116e+09
1.591700876186927080e+09
1.591700876808659077e+09
1.591700877428709030e+09
1.591700878058826923e+09
1.591700878797034025e+09
1.591700879416007042e+09
1.591700880039504051e+09
1.591700880659018040e+09
1.591700881283066988e+09
1.591700881906771898e+09
1.591700893947340012e+09
1.591700894714174986e+09
1.591700895338593006e+09
1.591700895960382938e+09
1.591700896580518961e+09
1.591700897205558062e+09
1.591700897830667019e+09
1.591700898474385977e+09
1.591700899093182087e+09
1.591700899750013113e+09
1.591700900372636080e+09
1.591700900996417999e+09
1.591700901615271091e+09
1.591700902238358021e+09
1.591700902861618996e+09
1.591700914807801962e+09
1.591700915434463024e+09
1.591700916058221102e+09
1.591700916721725941e+09
1.591700917345388889e+09
1.591700917981046915e+09
1.591700918606245995e+09
1.591700919233441114e+09
1.591700919953116894e+09
1.591700920574455976e+09
1.591700921199924946e+09
1.591700921829325914e+09
1.591700922460156918e+09
1.591700923092334032e+09
1.591700923753391027e+09
1.591700935504949093e+09
1.591700936139261961e+09
1.591700936770071983e+09
1.591700937393997908e+09
1.591700938027584076e+09
1.591700938649276018e+09
1.591700939278543949e+09
1.591700939912622929e+09
1.591700940644088030e+09
1.591700941281265020e+09
1.591700941908056974e+09
1.591700942533700943e+09
1.591700943172338009e+09
1.591700943805028915e+09
1.591700944432230949e+09
1.591700945069895029e+09
1.591700957076473951e+09
1.591700957747051001e+09
1.591700958381253004e+09
1.591700959012682915e+09
1.591700959644256115e+09
1.591700960285156965e+09
1.591700960915623903e+09
1.591700961543586969e+09
1.591700962174501896e+09
1.591700962817156076e+09
1.591700963452927113e+09
1.591700964088907957e+09
1.591700964773626089e+09
1.591700965405045986e+09
1.591700966146994114e+09
1.591700977858903885e+09
1.591700978501754045e+09
1.591700979131217003e+09
1.591700979757952929e+09
1.591700980395286083e+09
1.591700981033412933e+09
1.591700981809437990e+09
1.591700982451353073e+09
1.591700983090408087e+09
1.591700983761255026e+09
1.591700984393723011e+09
1.591700985036437035e+09
1.591700985681476116e+09
1.591700986414999962e+09
1.591700987060286999e+09
1.591700999034852028e+09
1.591700999674645901e+09
1.591701000311264038e+09
1.591701000954093933e+09
1.591701001592382908e+09
1.591701002259193897e+09
1.591701002904756069e+09
1.591701003535599947e+09
1.591701004171802998e+09
1.591701004817882061e+09
1.591701005452878952e+09
1.591701006089082003e+09
1.591701006850999117e+09
1.591701007489981890e+09
1.591701008127785921e+09
1.591701020220333099e+09
1.591701020875185966e+09
1.591701021523308039e+09
1.591701022261604071e+09
1.591701022915839911e+09
1.591701023564798117e+09
1.591701024221302032e+09
1.591701024871342897e+09
1.591701025523725986e+09
1.591701026185916901e+09
1.591701026840635061e+09
1.591701027530729055e+09
1.591701028180196047e+09
1.591701028828084946e+09
1.591701029482089043e+09
1.591701041387512922e+09
1.591701042036149979e+09
1.591701042771064997e+09
1.591701043423414946e+09
1.591701044083513021e+09
1.591701044762248039e+09
1.591701045411199093e+09
1.591701046061270952e+09
1.591701046745701075e+09
1.591701047393111944e+09
1.591701048112153053e+09
1.591701048777771950e+09
1.591701049434386015e+09
1.591701050080538988e+09
1.591701050770859957e+09
1.591701062563914061e+09
1.591701063292884111e+09
1.591701063936836958e+09
1.591701064572556973e+09
1.591701065215905905e+09
1.591701065859118938e+09
1.591701066499982119e+09
1.591701067150096893e+09
1.591701067798482895e+09
1.591701068529642105e+09
1.591701069178268909e+09
1.591701069821698904e+09
1.591701070465986967e+09
1.591701071117798090e+09
1.591701071767488003e+09
1.591701083821027994e+09
1.591701084470078945e+09
1.591701085125575066e+09
1.591701085786232948e+09
1.591701086430326939e+09
1.591701087082293034e+09
1.591701087766369104e+09
1.591701088413544893e+09
1.591701089146148920e+09
1.591701089796619892e+09
1.591701090447721958e+09
1.591701091106101036e+09
1.591701091788738012e+09
1.591701092434752941e+09
1.591701093081944942e+09
1.591701104928282976e+09
1.591701105585566044e+09
1.591701106246337891e+09
1.591701106907413006e+09
1.591701107562171936e+09
1.591701108225929022e+09
1.591701108880333900e+09
1.591701109594379902e+09
1.591701110254343033e+09
1.591701110913222075e+09
1.591701111572659016e+09
1.591701112226593018e+09
1.591701112892515898e+09
1.591701113548672915e+09
1.591701114293739080e+09
1.591701126098999977e+09
1.591701126787605047e+09
1.591701127444256067e+09
1.591701128099899054e+09
1.591701128791940928e+09
1.591701129444938898e+09
1.591701130246501923e+09
1.591701130898576975e+09
1.591701131558094978e+09
1.591701132224822998e+09
1.591701132878436089e+09
1.591701133531198025e+09
1.591701134199830055e+09
1.591701134952028990e+09
1.591701135603218079e+09
1.591701147681844950e+09
1.591701148340434074e+09
1.591701149001162052e+09
1.591701149647842884e+09
1.591701150383963108e+09
1.591701151033910990e+09
1.591701151687203884e+09
1.591701152348284006e+09
1.591701153003853083e+09
1.591701153653167963e+09
1.591701154308772087e+09
1.591701154965100050e+09
1.591701155685554028e+09
1.591701156336886883e+09
1.591701156985621929e+09
1.591701168856765032e+09
1.591701169512300014e+09
1.591701170170598984e+09
1.591701170916001081e+09
1.591701171570014954e+09
1.591701172237883091e+09
1.591701172900168896e+09
1.591701173562894106e+09
1.591701174217046022e+09
1.591701174883687973e+09
1.591701175538767099e+09
1.591701176339155912e+09
1.591701177001818895e+09
1.591701177660784006e+09
1.591701178310921907e+09
1.591701190029567003e+09
1.591701190674774885e+09
1.591701191416589022e+09
1.591701192071670055e+09
1.591701192759882927e+09
1.591701193416510105e+09
1.591701194078852892e+09
1.591701194764139891e+09
1.591701195423161030e+09
1.591701196080852032e+09
1.591701196899317026e+09
1.591701197551403999e+09
1.591701198212168932e+09
1.591701198877177000e+09
1.591701199531841040e+09
1.591701211692770004e+09
1.591701212365132093e+09
1.591701213019509077e+09
1.591701213675457954e+09
1.591701214328800917e+09
1.591701214992995024e+09
1.591701215652209044e+09
1.591701216314172029e+09
1.591701216988475084e+09
1.591701217642461061e+09
1.591701218302674055e+09
1.591701218973316908e+09
1.591701219628655910e+09
1.591701220291496038e+09
1.591701220949485064e+09
1.591701232787813902e+09
1.591701233454245090e+09
1.591701234265304089e+09
1.591701234930458069e+09
1.591701235603105068e+09
1.591701236273266077e+09
1.591701236941037893e+09
1.591701237609405041e+09
1.591701238279460907e+09
1.591701238959629059e+09
1.591701239620177031e+09
1.591701240295398951e+09
1.591701240964888096e+09
1.591701241630486012e+09
1.591701242308399916e+09
1.591701254443720102e+09
1.591701255112257004e+09
1.591701255805491924e+09
1.591701256474795103e+09
1.591701257151267052e+09
1.591701257823311090e+09
1.591701258496488094e+09
1.591701259176171064e+09
1.591701259874605894e+09
1.591701260550906897e+09
1.591701261226186991e+09
1.591701261900585890e+09
1.591701262570527077e+09
1.591701263251092911e+09
1.591701275134500027e+09
1.591701275811687946e+09
1.591701276476133108e+09
1.591701277142554998e+09
1.591701277812336922e+09
1.591701278481029034e+09
1.591701279155370951e+09
1.591701279905929089e+09
1.591701280568700075e+09
1.591701281245784044e+09
1.591701281917707920e+09
1.591701282589488983e+09
1.591701283260850906e+09
1.591701283936193943e+09
1.591701284600090027e+09
1.591701296319319963e+09
1.591701297126950026e+09
1.591701297811357975e+09
1.591701298483298063e+09
1.591701299152697086e+09
1.591701299828381062e+09
1.591701300498553991e+09
1.591701301171868086e+09
1.591701301850650072e+09
1.591701302516653061e+09
1.591701303199171066e+09
1.591701303880563021e+09
1.591701304547497988e+09
1.591701305299279928e+09
1.591701305971371889e+09
1.591701317900893927e+09
1.591701318581639051e+09
1.591701319261421919e+09
1.591701319941867113e+09
1.591701320622831106e+09
1.591701321323456049e+09
1.591701322006688118e+09
1.591701322682226896e+09
1.591701323360727072e+09
1.591701324050122023e+09
1.591701324723098993e+09
1.591701325406164885e+09
1.591701326086935043e+09
1.591701326801335096e+09
1.591701327472728014e+09
1.591701339473481894e+09
1.591701340148142099e+09
1.591701340839663982e+09
1.591701341574446917e+09
1.591701342250675917e+09
1.591701342927661896e+09
1.591701343606410980e+09
1.591701344281796932e+09
1.591701344952496052e+09
1.591701345630688906e+09
1.591701346383677006e+09
1.591701347056996107e+09
1.591701347733725071e+09
1.591701348412101030e+09
1.591701360247533083e+09
1.591701360929408073e+09
1.591701361614825010e+09
1.591701362322978020e+09
1.591701363014364004e+09
1.591701363701329947e+09
1.591701364383673906e+09
1.591701365065912962e+09
1.591701365743844986e+09
1.591701366429908037e+09
1.591701367166999102e+09
1.591701367854270935e+09
1.591701368538450956e+09
1.591701369225545883e+09
1.591701369912941933e+09
1.591701381820895910e+09
1.591701382574242115e+09
1.591701383240766048e+09
1.591701383915951014e+09
1.591701384597342968e+09
1.591701385268218994e+09
1.591701385943238020e+09
1.591701386608938932e+09
1.591701387365070105e+09
1.591701388041621923e+09
1.591701388718713045e+09
1.591701389390609980e+09
1.591701390065820932e+09
1.591701390736645937e+09
1.591701391413846016e+09
1.591701403399329901e+09
1.591701404085793018e+09
1.591701404790136099e+09
1.591701405473568916e+09
1.591701406154117107e+09
1.591701406850843906e+09
1.591701407527997017e+09
1.591701408368398905e+09
1.591701409046472073e+09
1.591701409730252028e+09
1.591701410418018103e+09
1.591701411104163885e+09
1.591701411824815989e+09
1.591701412502264977e+09
1.591701424580497980e+09
1.591701425264589071e+09
1.591701425953013897e+09
1.591701426644414902e+09
1.591701427334965944e+09
1.591701428033406973e+09
1.591701428856559038e+09
1.591701429551450014e+09
1.591701430246474981e+09
1.591701430941128016e+09
1.591701431626552105e+09
1.591701432317830086e+09
1.591701433010524988e+09
1.591701433847779989e+09
1.591701445753485918e+09
1.591701446444969893e+09
1.591701447131386995e+09
1.591701447849510908e+09
1.591701448535226107e+09
1.591701449367185116e+09
1.591701450056191921e+09
1.591701450749000072e+09
1.591701451441133022e+09
1.591701452131865978e+09
1.591701452850784063e+09
1.591701453532543898e+09
1.591701454370882988e+09
1.591701455057873011e+09
1.591701466931799889e+09
1.591701467613760948e+09
1.591701468293742895e+09
1.591701468970628023e+09
1.591701469799545050e+09
1.591701470485325098e+09
1.591701471170059919e+09
1.591701471853874922e+09
1.591701472530145884e+09
1.591701473215558052e+09
1.591701473896950960e+09
1.591701474684370041e+09
1.591701475372520924e+09
1.591701476054464102e+09
1.591701487712122917e+09
1.591701488395658970e+09
1.591701489083584070e+09
1.591701489866919994e+09
1.591701490551948071e+09
1.591701491241244078e+09
1.591701491931823015e+09
1.591701492625499964e+09
1.591701493316525936e+09
1.591701494004089117e+09
1.591701494684135914e+09
1.591701495396234035e+09
1.591701496085999966e+09
1.591701496806291103e+09
1.591701497495784044e+09
1.591701509284610987e+09
1.591701509969890118e+09
1.591701510793354034e+09
1.591701511478195906e+09
1.591701512164527893e+09
1.591701512848637104e+09
1.591701513534104109e+09
1.591701514223982096e+09
1.591701514913302898e+09
1.591701515721261024e+09
1.591701516415376902e+09
1.591701517103533030e+09
1.591701517825432062e+09
1.591701518517244101e+09
1.591701530468175888e+09
1.591701531164771080e+09
1.591701531863095045e+09
1.591701532562154055e+09
1.591701533272345066e+09
1.591701533975111961e+09
1.591701534809792995e+09
1.591701535504710913e+09
1.591701536208713055e+09
1.591701536910670996e+09
1.591701537604154110e+09
1.591701538293867111e+09
1.591701538998148918e+09
1.591701539840095043e+09
1.591701551642231941e+09
1.591701552333827019e+09
1.591701553022474051e+09
1.591701553707171917e+09
1.591701554398066044e+09
1.591701555190618992e+09
1.591701555880256891e+09
1.591701556571526051e+09
1.591701557262535095e+09
1.591701557963655949e+09
1.591701558651606083e+09
1.591701559347034931e+09
1.591701560075438023e+09
1.591701560798003912e+09
1.591701572823328972e+09
1.591701573526515961e+09
1.591701574220654964e+09
1.591701574923877001e+09
1.591701575746738911e+09
1.591701576448396921e+09
1.591701577156913042e+09
1.591701577869250059e+09
1.591701578576539040e+09
1.591701579289011955e+09
1.591701579995814085e+09
1.591701580850342989e+09
1.591701581554064035e+09
1.591701582261631966e+09
1.591701594391833067e+09
1.591701595083225965e+09
1.591701595884530067e+09
1.591701596572923899e+09
1.591701597262479067e+09
1.591701597957154989e+09
1.591701598650698900e+09
1.591701599346508026e+09
1.591701600051546097e+09
1.591701600740437031e+09
1.591701601460211039e+09
1.591701602156771898e+09
1.591701602864216089e+09
1.591701603558716059e+09
1.591701615173876047e+09
1.591701615874948025e+09
1.591701616680110931e+09
1.591701617378454924e+09
1.591701618079940081e+09
1.591701618813477993e+09
1.591701619525146961e+09
1.591701620234293938e+09
1.591701620945386887e+09
1.591701621793968916e+09
1.591701622491703033e+09
1.591701623192025900e+09
1.591701623896897078e+09
1.591701624603986025e+09
1.591701647938597918e+09
1.591701648645699978e+09
1.591701649357004881e+09
1.591701650064188957e+09
1.591701650772809029e+09
1.591701651488794088e+09
1.591701652275074005e+09
1.591701652988322973e+09
1.591701653698795080e+09
1.591701654413652897e+09
1.591701655123648882e+09
1.591701655876082897e+09
1.591701656596421957e+09
1.591701657395368099e+09
1.591701669513209105e+09
1.591701670215949059e+09
1.591701670916023970e+09
1.591701671616566896e+09
1.591701672311392069e+09
1.591701673151443958e+09
1.591701673862397909e+09
1.591701674569797039e+09
1.591701675271126986e+09
1.591701675979176998e+09
1.591701676682568073e+09
1.591701677386687040e+09
1.591701678234025002e+09
1.591701678940083981e+09
1.591701691103893995e+09
1.591701691859683037e+09
1.591701692582722902e+09
1.591701693311198950e+09
1.591701694029881001e+09
1.591701694742938995e+09
1.591701695461675882e+09
1.591701696181905985e+09
1.591701696901623011e+09
1.591701697618606091e+09
1.591701698373409033e+09
1.591701699105274916e+09
1.591701699869327068e+09
1.591701711472680092e+09
1.591701712189290047e+09
1.591701712898003101e+09
1.591701713678973913e+09
1.591701714390264988e+09
1.591701715097132921e+09
1.591701715847634077e+09
1.591701716554775000e+09
1.591701717262068033e+09
1.591701717982192039e+09
1.591701718770426035e+09
1.591701719482637882e+09
1.591701720191104889e+09
1.591701720899410963e+09
1.591701744233153105e+09
1.591701744950114965e+09
1.591701745674664021e+09
1.591701746387804985e+09
1.591701747107853889e+09
1.591701747855663061e+09
1.591701748580019951e+09
1.591701749377407074e+09
1.591701750099001884e+09
1.591701750855830908e+09
1.591701751578051090e+09
1.591701752298855066e+09
1.591701753020935059e+09
1.591701753732812881e+09
1.591701776990717888e+09
1.591701777703913927e+09
1.591701778420932055e+09
1.591701779136784077e+09
1.591701779875907898e+09
1.591701780730767012e+09
1.591701781444228888e+09
1.591701782156982899e+09
1.591701782870085001e+09
1.591701783579205036e+09
1.591701784296139956e+09
1.591701785009182930e+09
1.591701785747296095e+09
1.591701786467113972e+09
1.591701798177958965e+09
1.591701798900480986e+09
1.591701799624526978e+09
1.591701800340509892e+09
1.591701801205020905e+09
1.591701801927813053e+09
1.591701802657335997e+09
1.591701803381953001e+09
1.591701804106101990e+09
1.591701804865318060e+09
1.591701805667293072e+09
1.591701806401607037e+09
1.591701807125883102e+09
1.591701807878034115e+09
1.591701819750567913e+09
1.591701820458439112e+09
1.591701821248558044e+09
1.591701821964145899e+09
1.591701822673021078e+09
1.591701823387248039e+09
1.591701824100904942e+09
1.591701824850677967e+09
1.591701825555628061e+09
1.591701826339387894e+09
1.591701827050899029e+09
1.591701827760782957e+09
1.591701828475521088e+09
1.591701829189130068e+09
1.591701899661319017e+09
1.591701900388588905e+09
1.591701901114413977e+09
1.591701901857240915e+09
1.591701902577442884e+09
1.591701903307086945e+09
1.591701904031383991e+09
1.591701904745503902e+09
1.591701905469558954e+09
1.591701906200704098e+09
1.591701906927985907e+09
1.591701907653072119e+09
1.591701908417460918e+09
1.591701909138044119e+09
1.591701921240293980e+09
1.591701921962832928e+09
1.591701922682895899e+09
1.591701923400563955e+09
1.591701924257606983e+09
1.591701924978167057e+09
1.591701925697743893e+09
1.591701926423499107e+09
1.591701927145711899e+09
1.591701927873166084e+09
1.591701928668446064e+09
1.591701929394992113e+09
1.591701930119103909e+09
1.591701942014723063e+09
1.591701942738858938e+09
1.591701943460582972e+09
1.591701944258006096e+09
1.591701944992652893e+09
1.591701945725465059e+09
1.591701946451905966e+09
1.591701947172440052e+09
1.591701947900199890e+09
1.591701948626255989e+09
1.591701949360590935e+09
1.591701950087224960e+09
1.591701950840017080e+09
1.591701951564692020e+09
1.591701963196244001e+09
1.591701963923489094e+09
1.591701964719580889e+09
1.591701965443856001e+09
1.591701966178769112e+09
1.591701966910655022e+09
1.591701967649007082e+09
1.591701968378165007e+09
1.591701969100810051e+09
1.591701969938221931e+09
1.591701970665076017e+09
1.591701971393291950e+09
1.591701972129175901e+09
1.591701972881083012e+09
1.591701984773041010e+09
1.591701985649873972e+09
1.591701986383733988e+09
1.591701987115591049e+09
1.591701987880165100e+09
1.591701988611332893e+09
1.591701989345802069e+09
1.591701990159704924e+09
1.591701990896915913e+09
1.591701991635827065e+09
1.591701992365566969e+09
1.591701993095868111e+09
1.591701993868366957e+09
1.591702005625157118e+09
1.591702006351255894e+09
1.591702007082900047e+09
1.591702007849442959e+09
1.591702008584577084e+09
1.591702009326884031e+09
1.591702010065443993e+09
1.591702010872678995e+09
1.591702011603482962e+09
1.591702012344733953e+09
1.591702013082648039e+09
1.591702013853277922e+09
1.591702014592818975e+09
1.591702015332866907e+09
1.591702038710391045e+09
1.591702039449013948e+09
1.591702040194647074e+09
1.591702040937994003e+09
1.591702041727273941e+09
1.591702042460655928e+09
1.591702043195483923e+09
1.591702043928220987e+09
1.591702044658556938e+09
1.591702045392960072e+09
1.591702046124083042e+09
1.591702047033704042e+09
1.591702047772028923e+09
1.591702059893758059e+09
1.591702060625868082e+09
1.591702061357953072e+09
1.591702062089914083e+09
1.591702062848453045e+09
1.591702063582632065e+09
1.591702064319652081e+09
1.591702065049469948e+09
1.591702065778162956e+09
1.591702066510426998e+09
1.591702067396575928e+09
1.591702068129213095e+09
1.591702068891906023e+09
1.591702080673774004e+09
1.591702081414608955e+09
1.591702082157332897e+09
1.591702083047349930e+09
1.591702083792049885e+09
1.591702084535075903e+09
1.591702085278894901e+09
1.591702086027770996e+09
1.591702086765335083e+09
1.591702087587541103e+09
1.591702088329447031e+09
1.591702089074928045e+09
1.591702089838656902e+09
1.591702101852835894e+09
1.591702102603188038e+09
1.591702103487159967e+09
1.591702104233387947e+09
1.591702104992007971e+09
1.591702105741209984e+09
1.591702106492393017e+09
1.591702107240596056e+09
1.591702108061049938e+09
1.591702108806637049e+09
1.591702109556729078e+09
1.591702110302473068e+09
1.591702111051543951e+09
1.591702123019309044e+09
1.591702123902566910e+09
1.591702124646826982e+09
1.591702125387897015e+09
1.591702126131206989e+09
1.591702126893548965e+09
1.591702127627665043e+09
1.591702128441972971e+09
1.591702129180819035e+09
1.591702129928950071e+09
1.591702130661612988e+09
1.591702131404633045e+09
1.591702132152435064e+09
1.591702144199681997e+09
1.591702144939726114e+09
1.591702145670800924e+09
1.591702146409414053e+09
1.591702147154211998e+09
1.591702147903100014e+09
1.591702148640707970e+09
1.591702149518174887e+09
1.591702150262804031e+09
1.591702151010610104e+09
1.591702151750698090e+09
1.591702152495039940e+09
1.591702153236934900e+09
1.591702176562742949e+09
1.591702177304960012e+09
1.591702178046024084e+09
1.591702178779375076e+09
1.591702179524805069e+09
1.591702180280689001e+09
1.591702181020448923e+09
1.591702181753443956e+09
1.591702182492261887e+09
1.591702183230040073e+09
1.591702183978502035e+09
1.591702184800899982e+09
1.591702185547059059e+09
1.591702197342161894e+09
1.591702198093744040e+09
1.591702198879906893e+09
1.591702199637514114e+09
1.591702200403986931e+09
1.591702201159369946e+09
1.591702201915672064e+09
1.591702202663686991e+09
1.591702203425883055e+09
1.591702204187017918e+09
1.591702204943367004e+09
1.591702205842113018e+09
1.591702206601200104e+09
1.591702218516125917e+09
1.591702219315124989e+09
1.591702220061148882e+09
1.591702220871824980e+09
1.591702221634933949e+09
1.591702222387200117e+09
1.591702223139087915e+09
1.591702223898938894e+09
1.591702224643419027e+09
1.591702225394064903e+09
1.591702226270507097e+09
1.591702227027909994e+09
1.591702227775928974e+09
1.591702239693655968e+09
1.591702240442789078e+09
1.591702241267462969e+09
1.591702242016258001e+09
1.591702242768196106e+09
1.591702243517321110e+09
1.591702244264357090e+09
1.591702245015089989e+09
1.591702245759109020e+09
1.591702246505419970e+09
1.591702247246476889e+09
1.591702247999253988e+09
1.591702248740832090e+09
1.591702273222173929e+09
1.591702273977097034e+09
1.591702274732623100e+09
1.591702275489034891e+09
1.591702276246546984e+09
1.591702277071037054e+09
1.591702277850451946e+09
1.591702278603998899e+09
1.591702279355380058e+09
1.591702280109554052e+09
1.591702280893707037e+09
1.591702281650412083e+09
1.591702282400403976e+09
1.591702294396961927e+09
1.591702295155213118e+09
1.591702295910118103e+09
1.591702296662714005e+09
1.591702297412147999e+09
1.591702298180547953e+09
1.591702298936820030e+09
1.591702299687457085e+09
1.591702300432617903e+09
1.591702301184051037e+09
1.591702301936340094e+09
1.591702302754757881e+09
1.591702303507869005e+09
1.591702315375765085e+09
1.591702316152864933e+09
1.591702316924397945e+09
1.591702317688425064e+09
1.591702318606292009e+09
1.591702319375801086e+09
1.591702320149688959e+09
1.591702320916398048e+09
1.591702321692466974e+09
1.591702322459913015e+09
1.591702323234708071e+09
1.591702324015479088e+09
1.591702324787332058e+09
1.591702336852552891e+09
1.591702337611274958e+09
1.591702338371596098e+09
1.591702339150301933e+09
1.591702339907685995e+09
1.591702340660633087e+09
1.591702341420535088e+09
1.591702342176357985e+09
1.591702342928291082e+09
1.591702343752104998e+09
1.591702344504513025e+09
1.591702345260992050e+09
1.591702346016045094e+09
1.591702357839214087e+09
1.591702358602225065e+09
1.591702359484240055e+09
1.591702360257014036e+09
1.591702361025688887e+09
1.591702361791692972e+09
1.591702362563159943e+09
1.591702363338599920e+09
1.591702364167970896e+09
1.591702364932024956e+09
1.591702365692295074e+09
1.591702366464075089e+09
1.591702367233287096e+09
1.591702379205322027e+09
1.591702379977884054e+09
1.591702380738567114e+09
1.591702381502979994e+09
1.591702382267422915e+09
1.591702383108688116e+09
1.591702383904905081e+09
1.591702384673471928e+09
1.591702385443278074e+09
1.591702386208467960e+09
1.591702386976074934e+09
1.591702387751997948e+09
1.591702388638027906e+09
1.591702400389673948e+09
1.591702401158077002e+09
1.591702401925045967e+09
1.591702402686063051e+09
1.591702403524636030e+09
1.591702404289864063e+09
1.591702405064966917e+09
1.591702405828120947e+09
1.591702406602020025e+09
1.591702407375025988e+09
1.591702408147429943e+09
1.591702408947705984e+09
1.591702409711499929e+09
1.591702421555911064e+09
1.591702422326859951e+09
1.591702423096530914e+09
1.591702423898758888e+09
1.591702424684622049e+09
1.591702425455857992e+09
1.591702426230999947e+09
1.591702427000925064e+09
1.591702427766405106e+09
1.591702428543864965e+09
1.591702429388000965e+09
1.591702430162111044e+09
1.591702430950026035e+09
1.591702442938461065e+09
1.591702443707150936e+09
1.591702444556689978e+09
1.591702445331449032e+09
1.591702446113131046e+09
1.591702446921741009e+09
1.591702447682482004e+09
1.591702448449738026e+09
1.591702449211462975e+09
1.591702450104015112e+09
1.591702450908030987e+09
1.591702451681909084e+09
1.591702452452452898e+09
1.591702464314956903e+09
1.591702465157808065e+09
1.591702465942783117e+09
1.591702466706885099e+09
1.591702467483586073e+09
1.591702468252264023e+09
1.591702469023915052e+09
1.591702469804349899e+09
1.591702470726150990e+09
1.591702471501236916e+09
1.591702472282485962e+09
1.591702473057899952e+09
1.591702473834135056e+09
1.591702485755888939e+09
1.591702486539315939e+09
1.591702487318562031e+09
1.591702488100852966e+09
1.591702488884495020e+09
1.591702489660412073e+09
1.591702490436036110e+09
1.591702491217986107e+09
1.591702491991836071e+09
1.591702492763789892e+09
1.591702493537770033e+09
1.591702494308779001e+09
1.591702495095107079e+09
1.591702507071244955e+09
1.591702507848293066e+09
1.591702508626390934e+09
1.591702509413589001e+09
1.591702510199851990e+09
1.591702511048445940e+09
1.591702511819036007e+09
1.591702512596141100e+09
1.591702513372806072e+09
1.591702514154649019e+09
1.591702514963593006e+09
1.591702515734338045e+09
1.591702516570231915e+09
1.591702528447993994e+09
1.591702529232233047e+09
1.591702530016510010e+09
1.591702530807959080e+09
1.591702531671555042e+09
1.591702532448427916e+09
1.591702533225538015e+09
1.591702534003657103e+09
1.591702534778058052e+09
1.591702535561449051e+09
1.591702536339638948e+09
1.591702537258362055e+09
1.591702538045066118e+09
1.591702549825525999e+09
1.591702550617408037e+09
1.591702551397185087e+09
1.591702552244965076e+09
1.591702553021857977e+09
1.591702553798281908e+09
1.591702554583579063e+09
1.591702555373807907e+09
1.591702556150881052e+09
1.591702556959526062e+09
1.591702557751386881e+09
1.591702558533783913e+09
1.591702559313158035e+09
1.591702570998440981e+09
1.591702571787468910e+09
1.591702572644124985e+09
1.591702573431262970e+09
1.591702574221019983e+09
1.591702575018769979e+09
1.591702575805310011e+09
1.591702576592945099e+09
1.591702577385241985e+09
1.591702578321966887e+09
1.591702579113905907e+09
1.591702579936129093e+09
1.591702580731307983e+09
1.591702592786487103e+09
1.591702593719129086e+09
1.591702594512670994e+09
1.591702595306601048e+09
1.591702596098553896e+09
1.591702596896559954e+09
1.591702597702306032e+09
1.591702598499133110e+09
1.591702599297624111e+09
1.591702600092839956e+09
1.591702600880705118e+09
1.591702601681653023e+09
1.591702613347563028e+09
1.591702614138597965e+09
1.591702614947010040e+09
1.591702615721456051e+09
1.591702616499500990e+09
1.591702617279242992e+09
1.591702618062890053e+09
1.591702618845732927e+09
1.591702619622145891e+09
1.591702620410763025e+09
1.591702621193310976e+09
1.591702621973973989e+09
1.591702622749443054e+09
1.591702634731112003e+09
1.591702635517770052e+09
1.591702636309066057e+09
1.591702637106113911e+09
1.591702637936976910e+09
1.591702638729150057e+09
1.591702639646501064e+09
1.591702640441386938e+09
1.591702641231252909e+09
1.591702642027230978e+09
1.591702642815351963e+09
1.591702643610456944e+09
1.591702655509615898e+09
1.591702656325042963e+09
1.591702657124118090e+09
1.591702657965437889e+09
1.591702658769879103e+09
1.591702659609328032e+09
1.591702660407633066e+09
1.591702661212745905e+09
1.591702662012032986e+09
1.591702662806966066e+09
1.591702663607368946e+09
1.591702664403173923e+09
1.591702722839550972e+09
1.591702723636205912e+09
1.591702724431216002e+09
1.591702725231024027e+09
1.591702726030848980e+09
1.591702726892441988e+09
1.591702727693190098e+09
1.591702728492748022e+09
1.591702729294189930e+09
1.591702730088973045e+09
1.591702730875293970e+09
1.591702731669239044e+09
1.591702732471693993e+09
1.591702744202297926e+09
1.591702744981571913e+09
1.591702745760675907e+09
1.591702746540545940e+09
1.591702747393449068e+09
1.591702748178842068e+09
1.591702748984780073e+09
1.591702749771759987e+09
1.591702750566822052e+09
1.591702751360956907e+09
1.591702752162910938e+09
1.591702752983696938e+09
1.591702753775665998e+09
1.591702765785556078e+09
1.591702766573509932e+09
1.591702767356096029e+09
1.591702768294526100e+09
1.591702769095698118e+09
1.591702769890582085e+09
1.591702770690908909e+09
1.591702771486449957e+09
1.591702772285732031e+09
1.591702773207762003e+09
1.591702774018486023e+09
1.591702774821969986e+09
1.591702786566751957e+09
1.591702787361098051e+09
1.591702788227418900e+09
1.591702789031932116e+09
1.591702789823051929e+09
1.591702790619807959e+09
1.591702791423829079e+09
1.591702792225277901e+09
1.591702793024823904e+09
1.591702793966269016e+09
1.591702794770271063e+09
1.591702795571598053e+09
1.591702796374053001e+09
1.591702808353696108e+09
1.591702809300404072e+09
1.591702810112128019e+09
1.591702810952095985e+09
1.591702811754776001e+09
1.591702812567104101e+09
1.591702813390145063e+09
1.591702814347183943e+09
1.591702815159773111e+09
1.591702816003981113e+09
1.591702816809192896e+09
1.591702817618031979e+09
1.591702829378056049e+09
1.591702830180557013e+09
1.591702830993295908e+09
1.591702831790740967e+09
1.591702832594904900e+09
1.591702833399105072e+09
1.591702834222789049e+09
1.591702835029035091e+09
1.591702835826803923e+09
1.591702836632189035e+09
1.591702837436958075e+09
1.591702838246721983e+09
1.591702839056214094e+09
