1.591769636192059040e+09
1.591769636395342112e+09
1.591769636593378067e+09
1.591769636792026997e+09
1.591769636995138884e+09
1.591769637191878080e+09
1.591769637392373085e+09
1.591769637591618061e+09
1.591769637793607950e+09
1.591769637993597984e+09
1.591769638193617105e+09
1.591769638393553019e+09
1.591769638591919899e+09
1.591769638791598082e+09
1.591769638993916988e+09
1.591769639193788052e+09
1.591769639392010927e+09
1.591769639593729019e+09
1.591769639793517113e+09
1.591769639993230104e+09
1.591769640193773031e+09
1.591769640391042948e+09
1.591769640591378927e+09
1.591769640790891886e+09
1.591769640990298986e+09
1.591769641186225891e+09
1.591769641391956091e+09
1.591769641590132952e+09
1.591769641791929960e+09
1.591769641990179062e+09
1.591769642192028999e+09
1.591769642390638113e+09
1.591769642592108965e+09
1.591769642790297031e+09
1.591769642991391897e+09
1.591769643190382004e+09
1.591769643390245914e+09
1.591769643590503931e+09
1.591769643788263083e+09
1.591769643990359068e+09
1.591769644188237906e+09
1.591769644388478994e+09
1.591769644588769913e+09
1.591769644790343046e+09
1.591769644989794016e+09
1.591769645188661098e+09
1.591769645390645027e+09
1.591769645591943026e+09
1.591769645788621902e+09
1.591769645988837957e+09
1.591769646329143047e+09
1.591769646399636984e+09
1.591769646589359045e+09
1.591769646786835909e+09
1.591769646988092899e+09
1.591769647188570976e+09
1.591769647388971090e+09
1.591769647588711023e+09
1.591769647786974907e+09
1.591769647989358902e+09
1.591769648188163996e+09
1.591769648388930082e+09
1.591769648587166071e+09
1.591769648787928104e+09
1.591769648987931013e+09
1.591769649188344002e+09
1.591769649387160063e+09
1.591769649584850073e+09
1.591769649785125971e+09
1.591769649987387896e+09
1.591769650196199894e+09
1.591769650383001089e+09
1.591769650586668015e+09
1.591769650785048962e+09
1.591769650987268925e+09
1.591769651185937881e+09
1.591769651387562037e+09
1.591769651588170052e+09
1.591769651786866903e+09
1.591769651987951994e+09
1.591769652185561895e+09
1.591769652385716915e+09
1.591769652583715916e+09
1.591769652785939932e+09
1.591769652985979080e+09
1.591769653183952093e+09
1.591769653383445978e+09
1.591769653585731983e+09
1.591769653785866022e+09
1.591769653984437943e+09
1.591769654185817003e+09
1.591769654385893106e+09
1.591769654585692883e+09
1.591769654784099102e+09
1.591769654985876083e+09
1.591769655183979988e+09
1.591769655383657932e+09
1.591769655581665993e+09
1.591769655781655073e+09
1.591769655984241962e+09
1.591769656319612980e+09
1.591769656405591011e+09
1.591769656584147930e+09
1.591769656783792973e+09
1.591769656984304905e+09
1.591769657184084892e+09
1.591769657382181883e+09
1.591769657582285881e+09
1.591769657782203913e+09
1.591769657983442068e+09
1.591769658180917025e+09
1.591769658382385015e+09
1.591769658581804037e+09
1.591769658782068968e+09
1.591769658981601954e+09
1.591769659180202961e+09
1.591769659381720066e+09
1.591769659582190990e+09
1.591769659780164957e+09
1.591769659980176926e+09
1.591769660180751085e+09
1.591769660380292892e+09
1.591769660580302000e+09
1.591769660782130003e+09
1.591769660977981091e+09
1.591769661320225954e+09
1.591769661410113096e+09
1.591769661578205109e+09
1.591769661780585051e+09
1.591769661978286982e+09
1.591769662178534985e+09
1.591769662378321886e+09
1.591769662578466892e+09
1.591769662778335094e+09
1.591769662978979111e+09
1.591769663178641081e+09
1.591769663380733013e+09
1.591769663579823017e+09
1.591769663777833939e+09
1.591769663980243921e+09
1.591769664178523064e+09
1.591769664378772020e+09
1.591769664577482939e+09
1.591769664779576063e+09
1.591769664979578972e+09
1.591769665176970005e+09
1.591769665380100965e+09
1.591769665578864098e+09
1.591769665779403925e+09
1.591769665979124069e+09
1.591769666179332972e+09
1.591769666374847889e+09
1.591769666579216957e+09
1.591769666781378031e+09
1.591769666977003098e+09
1.591769667177402020e+09
1.591769667376101971e+09
1.591769667596606970e+09
1.591769667777084112e+09
1.591769667978540897e+09
1.591769668176234961e+09
1.591769668377285004e+09
1.591769668578217983e+09
1.591769668775738955e+09
1.591769668978497028e+09
1.591769669178817987e+09
1.591769669378407955e+09
1.591769669576380014e+09
1.591769669777350903e+09
1.591769669975419044e+09
1.591769670176028967e+09
1.591769670373852015e+09
1.591769670575071096e+09
1.591769670775629044e+09
1.591769670974035025e+09
1.591769671173930883e+09
1.591769671369844913e+09
1.591769671576080084e+09
1.591769671773825884e+09
1.591769671973598003e+09
1.591769672173881054e+09
1.591769672373858929e+09
1.591769672577519894e+09
1.591769672773852110e+09
1.591769672973917007e+09
1.591769673173873901e+09
1.591769673371670961e+09
1.591769673575181961e+09
1.591769673772600889e+09
1.591769673972085953e+09
1.591769674175837994e+09
1.591769674374814987e+09
1.591769674572843075e+09
1.591769674772967100e+09
1.591769674972203016e+09
1.591769675172308922e+09
1.591769675372030020e+09
1.591769675575581074e+09
1.591769675772557974e+09
1.591769675972162962e+09
1.591769676172574997e+09
1.591769676370836020e+09
1.591769676570813894e+09
1.591769676770764112e+09
1.591769676970566988e+09
1.591769677171638966e+09
1.591769677368419886e+09
1.591769677570591927e+09
1.591769677769743919e+09
1.591769677971503973e+09
1.591769678170682907e+09
1.591769678371154070e+09
1.591769678571717978e+09
1.591769678769609928e+09
1.591769678968626022e+09
1.591769679171737909e+09
1.591769679368572950e+09
1.591769679570027113e+09
1.591769679770548105e+09
1.591769679968663931e+09
1.591769680170773029e+09
1.591769680371421099e+09
1.591769680571635962e+09
1.591769680771058083e+09
1.591769680970907927e+09
1.591769681169342041e+09
1.591769681514020920e+09
1.591769681614836931e+09
1.591769681765868902e+09
1.591769681969192982e+09
1.591769682169984102e+09
1.591769682369008064e+09
1.591769682568599939e+09
1.591769682766951084e+09
1.591769682968559980e+09
1.591769683167918921e+09
1.591769683369365931e+09
1.591769683567940950e+09
1.591769683769824982e+09
1.591769683969216108e+09
1.591769684167222023e+09
1.591769684367312908e+09
1.591769684564910889e+09
1.591769684769074917e+09
1.591769684967628956e+09
1.591769685166104078e+09
1.591769685367614985e+09
1.591769685569155931e+09
1.591769685766129971e+09
1.591769685967745066e+09
1.591769686167639017e+09
1.591769686365811110e+09
1.591769686567468882e+09
1.591769686766778946e+09
1.591769686965432882e+09
1.591769687165620089e+09
1.591769687365912914e+09
1.591769687567040920e+09
1.591769687765201092e+09
1.591769687965675116e+09
1.591769688166675091e+09
1.591769688363689899e+09
1.591769688564412117e+09
1.591769688766072989e+09
1.591769688963905096e+09
1.591769689165823936e+09
1.591769689366293907e+09
1.591769689564043045e+09
1.591769689763951063e+09
1.591769689962702990e+09
1.591769690160722971e+09
1.591769690366000891e+09
1.591769690566226959e+09
1.591769690763533115e+09
1.591769690964637041e+09
1.591769691164218903e+09
1.591769691363122940e+09
1.591769691564172029e+09
1.591769691764802933e+09
1.591769691964368105e+09
1.591769692164026976e+09
1.591769692364403009e+09
1.591769692563234091e+09
1.591769692764822006e+09
1.591769692965184927e+09
1.591769693160831928e+09
1.591769693364907980e+09
1.591769693562434912e+09
1.591769693764229059e+09
1.591769693962505102e+09
1.591769694165144920e+09
1.591769694360479116e+09
1.591769694562845945e+09
1.591769694760514021e+09
1.591769694962889910e+09
1.591769695160942078e+09
1.591769695363626957e+09
1.591769695560836077e+09
1.591769695761073112e+09
1.591769695960844040e+09
1.591769696161358118e+09
