8.770000000000000018e-01
8.770000000000000018e-01
8.770000000000000018e-01
8.770000000000000018e-01
8.770000000000000018e-01
8.770000000000000018e-01
8.770000000000000018e-01
8.770000000000000018e-01
8.770000000000000018e-01
8.770000000000000018e-01
8.770000000000000018e-01
8.770000000000000018e-01
8.770000000000000018e-01
8.770000000000000018e-01
8.770000000000000018e-01
8.770000000000000018e-01
8.770000000000000018e-01
8.770000000000000018e-01
8.770000000000000018e-01
8.770000000000000018e-01
8.770000000000000018e-01
8.770000000000000018e-01
8.770000000000000018e-01
8.780000000000000027e-01
8.780000000000000027e-01
9.020000000000000240e-01
9.030000000000000249e-01
9.020000000000000240e-01
9.020000000000000240e-01
9.030000000000000249e-01
9.040000000000000258e-01
9.030000000000000249e-01
9.030000000000000249e-01
9.030000000000000249e-01
9.030000000000000249e-01
9.030000000000000249e-01
9.030000000000000249e-01
9.030000000000000249e-01
9.030000000000000249e-01
9.030000000000000249e-01
9.030000000000000249e-01
9.030000000000000249e-01
9.030000000000000249e-01
9.030000000000000249e-01
9.030000000000000249e-01
9.030000000000000249e-01
9.030000000000000249e-01
9.020000000000000240e-01
9.020000000000000240e-01
9.020000000000000240e-01
9.020000000000000240e-01
9.020000000000000240e-01
9.020000000000000240e-01
9.020000000000000240e-01
9.020000000000000240e-01
9.020000000000000240e-01
9.010000000000000231e-01
9.010000000000000231e-01
9.010000000000000231e-01
9.000000000000000222e-01
9.000000000000000222e-01
9.000000000000000222e-01
9.000000000000000222e-01
8.990000000000000213e-01
8.990000000000000213e-01
8.990000000000000213e-01
8.990000000000000213e-01
8.990000000000000213e-01
8.990000000000000213e-01
8.990000000000000213e-01
8.990000000000000213e-01
8.990000000000000213e-01
8.980000000000000204e-01
8.980000000000000204e-01
8.980000000000000204e-01
8.980000000000000204e-01
8.980000000000000204e-01
8.980000000000000204e-01
8.980000000000000204e-01
8.990000000000000213e-01
8.990000000000000213e-01
8.990000000000000213e-01
8.990000000000000213e-01
9.000000000000000222e-01
9.000000000000000222e-01
9.000000000000000222e-01
9.000000000000000222e-01
9.010000000000000231e-01
9.010000000000000231e-01
9.010000000000000231e-01
9.010000000000000231e-01
9.020000000000000240e-01
9.020000000000000240e-01
9.020000000000000240e-01
9.020000000000000240e-01
9.020000000000000240e-01
9.020000000000000240e-01
9.020000000000000240e-01
9.020000000000000240e-01
9.030000000000000249e-01
9.030000000000000249e-01
9.030000000000000249e-01
9.030000000000000249e-01
9.030000000000000249e-01
9.030000000000000249e-01
9.030000000000000249e-01
9.030000000000000249e-01
9.030000000000000249e-01
9.030000000000000249e-01
9.030000000000000249e-01
9.030000000000000249e-01
9.030000000000000249e-01
9.030000000000000249e-01
9.030000000000000249e-01
9.030000000000000249e-01
9.030000000000000249e-01
9.030000000000000249e-01
9.030000000000000249e-01
9.030000000000000249e-01
9.030000000000000249e-01
9.030000000000000249e-01
9.020000000000000240e-01
9.020000000000000240e-01
9.020000000000000240e-01
9.020000000000000240e-01
9.020000000000000240e-01
9.020000000000000240e-01
9.020000000000000240e-01
9.020000000000000240e-01
9.020000000000000240e-01
9.020000000000000240e-01
9.020000000000000240e-01
9.020000000000000240e-01
9.020000000000000240e-01
9.020000000000000240e-01
9.020000000000000240e-01
9.020000000000000240e-01
9.020000000000000240e-01
9.020000000000000240e-01
9.020000000000000240e-01
9.020000000000000240e-01
9.020000000000000240e-01
9.020000000000000240e-01
9.020000000000000240e-01
9.020000000000000240e-01
9.020000000000000240e-01
9.020000000000000240e-01
9.020000000000000240e-01
9.020000000000000240e-01
9.020000000000000240e-01
9.020000000000000240e-01
9.020000000000000240e-01
9.330000000000000515e-01
9.330000000000000515e-01
9.330000000000000515e-01
9.330000000000000515e-01
9.330000000000000515e-01
9.330000000000000515e-01
9.330000000000000515e-01
9.330000000000000515e-01
9.330000000000000515e-01
9.330000000000000515e-01
9.330000000000000515e-01
9.330000000000000515e-01
9.330000000000000515e-01
9.330000000000000515e-01
9.330000000000000515e-01
9.330000000000000515e-01
9.330000000000000515e-01
9.330000000000000515e-01
9.330000000000000515e-01
9.330000000000000515e-01
9.330000000000000515e-01
9.330000000000000515e-01
9.330000000000000515e-01
9.330000000000000515e-01
9.330000000000000515e-01
9.330000000000000515e-01
9.330000000000000515e-01
9.330000000000000515e-01
9.330000000000000515e-01
9.330000000000000515e-01
9.330000000000000515e-01
9.330000000000000515e-01
9.330000000000000515e-01
9.330000000000000515e-01
9.330000000000000515e-01
9.330000000000000515e-01
9.330000000000000515e-01
9.330000000000000515e-01
9.330000000000000515e-01
9.330000000000000515e-01
9.330000000000000515e-01
9.330000000000000515e-01
9.330000000000000515e-01
9.330000000000000515e-01
9.330000000000000515e-01
9.330000000000000515e-01
9.330000000000000515e-01
9.330000000000000515e-01
9.330000000000000515e-01
9.330000000000000515e-01
9.330000000000000515e-01
9.330000000000000515e-01
9.330000000000000515e-01
9.330000000000000515e-01
9.330000000000000515e-01
9.330000000000000515e-01
9.330000000000000515e-01
9.330000000000000515e-01
9.330000000000000515e-01
9.330000000000000515e-01
9.330000000000000515e-01
9.330000000000000515e-01
9.330000000000000515e-01
9.330000000000000515e-01
9.330000000000000515e-01
9.330000000000000515e-01
9.330000000000000515e-01
9.330000000000000515e-01
9.330000000000000515e-01
9.330000000000000515e-01
9.330000000000000515e-01
9.330000000000000515e-01
9.330000000000000515e-01
9.330000000000000515e-01
9.330000000000000515e-01
9.330000000000000515e-01
9.330000000000000515e-01
9.330000000000000515e-01
9.330000000000000515e-01
9.330000000000000515e-01
9.330000000000000515e-01
9.330000000000000515e-01
9.330000000000000515e-01
9.330000000000000515e-01
9.330000000000000515e-01
9.330000000000000515e-01
9.330000000000000515e-01
9.330000000000000515e-01
9.330000000000000515e-01
9.330000000000000515e-01
9.330000000000000515e-01
9.330000000000000515e-01
9.330000000000000515e-01
9.330000000000000515e-01
9.330000000000000515e-01
9.330000000000000515e-01
9.330000000000000515e-01
9.330000000000000515e-01
9.330000000000000515e-01
9.330000000000000515e-01
9.330000000000000515e-01
9.330000000000000515e-01
9.330000000000000515e-01
9.330000000000000515e-01
9.330000000000000515e-01
9.330000000000000515e-01
9.330000000000000515e-01
9.330000000000000515e-01
9.330000000000000515e-01
9.330000000000000515e-01
9.330000000000000515e-01
9.330000000000000515e-01
9.330000000000000515e-01
9.330000000000000515e-01
9.330000000000000515e-01
9.330000000000000515e-01
9.330000000000000515e-01
9.330000000000000515e-01
9.330000000000000515e-01
9.330000000000000515e-01
9.330000000000000515e-01
9.330000000000000515e-01
9.330000000000000515e-01
9.330000000000000515e-01
9.330000000000000515e-01
9.330000000000000515e-01
9.330000000000000515e-01
9.330000000000000515e-01
9.330000000000000515e-01
9.330000000000000515e-01
9.330000000000000515e-01
9.330000000000000515e-01
9.330000000000000515e-01
9.330000000000000515e-01
9.330000000000000515e-01
9.330000000000000515e-01
9.330000000000000515e-01
9.330000000000000515e-01
9.330000000000000515e-01
9.330000000000000515e-01
9.330000000000000515e-01
9.330000000000000515e-01
9.330000000000000515e-01
9.330000000000000515e-01
9.330000000000000515e-01
9.330000000000000515e-01
9.330000000000000515e-01
9.330000000000000515e-01
