1.591711801534959078e+09
1.591711801740962029e+09
1.591711801938636065e+09
1.591711802140961885e+09
1.591711802337804079e+09
1.591711802537801981e+09
1.591711802739034891e+09
1.591711802940541983e+09
1.591711803138860941e+09
1.591711803339457035e+09
1.591711803537223101e+09
1.591711803737221003e+09
1.591711803939266920e+09
1.591711804137490034e+09
1.591711804339576960e+09
1.591711804537520885e+09
1.591711804738342047e+09
1.591711804938602924e+09
1.591711805138394117e+09
1.591711805335000038e+09
1.591711805538615942e+09
1.591711805738078117e+09
1.591711805939307928e+09
1.591711806136229992e+09
1.591711806337867975e+09
1.591711806538784027e+09
1.591711806738409042e+09
1.591711806938164949e+09
1.591711807139251947e+09
1.591711807336549044e+09
1.591711807536643028e+09
1.591711807737107038e+09
1.591711807938716888e+09
1.591711808138866901e+09
1.591711808336833954e+09
1.591711808537822008e+09
1.591711808737947941e+09
1.591711808937952042e+09
1.591711809138905048e+09
1.591711809336939096e+09
1.591711809536902905e+09
1.591711809736993074e+09
1.591711809937582016e+09
1.591711810137671947e+09
1.591711810333605051e+09
1.591711810537168026e+09
1.591711810737512112e+09
1.591711810937366962e+09
1.591711811136583090e+09
1.591711811335148096e+09
1.591711811534281015e+09
1.591711811735583067e+09
1.591711811937726021e+09
1.591711812136229038e+09
1.591711812338164091e+09
1.591711812535928965e+09
1.591711812735661983e+09
1.591711812935632944e+09
1.591711813135811090e+09
1.591711813336896896e+09
1.591711813538259983e+09
1.591711813736044884e+09
1.591711813936024904e+09
1.591711814136024952e+09
1.591711814336221933e+09
1.591711814536505938e+09
1.591711814736186028e+09
1.591711814933944941e+09
1.591711815135926962e+09
1.591711815334743977e+09
1.591711815536025047e+09
1.591711815734180927e+09
1.591711815935929060e+09
1.591711816136373997e+09
1.591711816332974911e+09
1.591711816534466982e+09
1.591711816732717991e+09
1.591711816934904099e+09
1.591711817134193897e+09
1.591711817334538937e+09
1.591711817534256935e+09
1.591711817734642029e+09
1.591711817932502985e+09
1.591711818134777069e+09
1.591711818334438086e+09
1.591711818534800053e+09
1.591711818734622955e+09
1.591711818934806108e+09
1.591711819134958982e+09
1.591711819327816010e+09
1.591711819527553082e+09
1.591711819734988928e+09
1.591711819933448076e+09
1.591711820127882957e+09
1.591711820333578110e+09
1.591711820534507036e+09
1.591711820733167887e+09
1.591711820933163881e+09
1.591711821131406069e+09
1.591711821334199905e+09
1.591711821535705090e+09
1.591711821726551056e+09
1.591711821931967020e+09
1.591711822137348890e+09
1.591711822333328962e+09
1.591711822531341076e+09
1.591711822733546019e+09
1.591711822931577921e+09
1.591711823131508112e+09
1.591711823331489086e+09
1.591711823531582117e+09
1.591711823731981039e+09
1.591711823931513071e+09
1.591711824131696939e+09
1.591711824331687927e+09
1.591711824529613972e+09
1.591711824730592012e+09
1.591711824930222988e+09
1.591711825132553101e+09
1.591711825456361055e+09
1.591711825537703991e+09
1.591711825731215000e+09
1.591711825932625055e+09
1.591711826134809971e+09
1.591711826333826065e+09
1.591711826530771971e+09
1.591711826731481075e+09
1.591711826929686069e+09
1.591711827130433083e+09
1.591711827328756094e+09
1.591711827530937910e+09
1.591711827731512070e+09
1.591711827932358980e+09
1.591711828129276991e+09
1.591711828332515955e+09
1.591711828529225111e+09
1.591711828730842113e+09
1.591711828929614067e+09
1.591711829131491899e+09
1.591711829331140995e+09
1.591711829529571056e+09
1.591711829729453087e+09
1.591711829930804968e+09
1.591711830128849983e+09
1.591711830449217081e+09
1.591711830538110018e+09
1.591711830730057955e+09
1.591711830930847883e+09
1.591711831129206896e+09
1.591711831329277039e+09
1.591711831527487993e+09
1.591711831729197979e+09
1.591711831929630995e+09
1.591711832129545927e+09
1.591711832327416897e+09
1.591711832527636051e+09
1.591711832729640007e+09
1.591711832951101065e+09
1.591711833129745960e+09
1.591711833327614069e+09
1.591711833527827978e+09
1.591711833732490063e+09
1.591711833927966118e+09
1.591711834130139112e+09
1.591711834328552008e+09
1.591711834527839899e+09
1.591711834726248026e+09
1.591711834928960085e+09
1.591711835128530979e+09
1.591711835329071999e+09
1.591711835528369904e+09
1.591711835726264000e+09
1.591711835926096916e+09
1.591711836126116991e+09
1.591711836328285933e+09
1.591711836526638031e+09
1.591711836726850033e+09
1.591711836926938057e+09
1.591711837128850937e+09
1.591711837326168060e+09
1.591711837526878119e+09
1.591711837729152918e+09
1.591711837927114010e+09
1.591711838127178907e+09
1.591711838327348948e+09
1.591711838525032043e+09
1.591711838727941036e+09
1.591711838925705910e+09
1.591711839127392054e+09
1.591711839327441931e+09
1.591711839527678013e+09
1.591711839726252079e+09
1.591711839925317049e+09
1.591711840125848055e+09
1.591711840325815916e+09
1.591711840521812916e+09
1.591711840725491047e+09
1.591711840927472115e+09
1.591711841127235889e+09
1.591711841325587034e+09
1.591711841525316954e+09
1.591711841726332903e+09
1.591711841923403025e+09
1.591711842123668909e+09
1.591711842324476957e+09
1.591711842525701046e+09
1.591711842726906061e+09
1.591711842924999952e+09
1.591711843123686075e+09
1.591711843326832056e+09
1.591711843526106119e+09
1.591711843724157095e+09
1.591711843924114943e+09
1.591711844124195099e+09
1.591711844324661016e+09
1.591711844524116993e+09
1.591711844726149082e+09
1.591711844924041033e+09
1.591711845123950005e+09
1.591711845322041988e+09
1.591711845664057970e+09
1.591711845768229008e+09
1.591711845922218084e+09
1.591711846122252941e+09
1.591711846322277069e+09
1.591711846524574995e+09
1.591711846724953890e+09
1.591711846923517942e+09
1.591711847124814034e+09
1.591711847324796915e+09
1.591711847524765968e+09
1.591711847723416090e+09
1.591711847924289942e+09
1.591711848124336958e+09
1.591711848322770119e+09
1.591711848522969961e+09
1.591711848720700979e+09
1.591711848920892000e+09
1.591711849123220921e+09
1.591711849323064089e+09
1.591711849522945881e+09
1.591711849722975969e+09
1.591711849923015118e+09
1.591711850120903015e+09
1.591711850321805000e+09
1.591711850520982027e+09
1.591711850721412897e+09
1.591711850921374083e+09
1.591711851121512890e+09
1.591711851321681023e+09
1.591711851523396969e+09
1.591711851723278046e+09
1.591711851921585083e+09
1.591711852121695042e+09
1.591711852319327116e+09
1.591711852520100117e+09
1.591711852719368935e+09
1.591711852919409037e+09
1.591711853119465113e+09
1.591711853319564104e+09
1.591711853519805908e+09
1.591711853722259998e+09
1.591711853922056913e+09
1.591711854122109890e+09
1.591711854319596052e+09
1.591711854520540953e+09
1.591711854720144033e+09
1.591711854920459032e+09
1.591711855122057915e+09
1.591711855320271969e+09
1.591711855663139105e+09
1.591711855774717093e+09
1.591711855922975063e+09
1.591711856121195078e+09
1.591711856320734024e+09
1.591711856520698071e+09
1.591711856718477964e+09
1.591711856918332100e+09
1.591711857121093988e+09
1.591711857318881989e+09
1.591711857518477917e+09
1.591711857720650911e+09
1.591711857919616938e+09
1.591711858118916035e+09
1.591711858320787907e+09
1.591711858520191908e+09
1.591711858719772100e+09
1.591711858918875933e+09
1.591711859119038105e+09
1.591711859318674088e+09
1.591711859517399073e+09
1.591711859717556953e+09
1.591711859919163942e+09
1.591711860119200945e+09
1.591711860319603920e+09
1.591711860520471096e+09
1.591711860720498085e+09
1.591711860917547941e+09
1.591711861119695902e+09
1.591711861317748070e+09
