3.969599999999999795e+01
3.969800000000000040e+01
3.970100000000000051e+01
3.970799999999999841e+01
3.971200000000000330e+01
3.971900000000000119e+01
3.972200000000000131e+01
3.972800000000000153e+01
3.973100000000000165e+01
3.973599999999999710e+01
3.973899999999999721e+01
3.974499999999999744e+01
3.974799999999999756e+01
3.975500000000000256e+01
3.978699999999999903e+01
3.979800000000000182e+01
3.980599999999999739e+01
3.981700000000000017e+01
3.981799999999999784e+01
3.982399999999999807e+01
3.982900000000000063e+01
3.983400000000000318e+01
3.983500000000000085e+01
3.984000000000000341e+01
3.984400000000000119e+01
3.984700000000000131e+01
3.985199999999999676e+01
3.985399999999999920e+01
3.985900000000000176e+01
3.986299999999999955e+01
3.986899999999999977e+01
3.987199999999999989e+01
3.987899999999999778e+01
3.988199999999999790e+01
3.988900000000000290e+01
3.992600000000000193e+01
3.993900000000000006e+01
3.993999999999999773e+01
3.994299999999999784e+01
3.994800000000000040e+01
3.995600000000000307e+01
3.995799999999999841e+01
3.996600000000000108e+01
3.996999999999999886e+01
3.997599999999999909e+01
3.997800000000000153e+01
3.998199999999999932e+01
3.999000000000000199e+01
3.999300000000000210e+01
4.066100000000000136e+01
4.066700000000000159e+01
4.066899999999999693e+01
4.067399999999999949e+01
4.070199999999999818e+01
4.072200000000000131e+01
4.072800000000000153e+01
4.073299999999999699e+01
4.073599999999999710e+01
4.074300000000000210e+01
4.074699999999999989e+01
4.075300000000000011e+01
4.075399999999999778e+01
4.075999999999999801e+01
4.076400000000000290e+01
4.076700000000000301e+01
4.077199999999999847e+01
4.077600000000000335e+01
4.078399999999999892e+01
4.078799999999999670e+01
4.079599999999999937e+01
4.079999999999999716e+01
4.080700000000000216e+01
4.083400000000000318e+01
4.083700000000000330e+01
4.084499999999999886e+01
4.085900000000000176e+01
4.086099999999999710e+01
4.086699999999999733e+01
4.087199999999999989e+01
4.087899999999999778e+01
4.088100000000000023e+01
4.088499999999999801e+01
4.088799999999999812e+01
4.089099999999999824e+01
4.089699999999999847e+01
4.089900000000000091e+01
4.090400000000000347e+01
4.090599999999999881e+01
4.091199999999999903e+01
4.091499999999999915e+01
4.092199999999999704e+01
4.096399999999999864e+01
4.097299999999999898e+01
4.097200000000000131e+01
4.097099999999999653e+01
4.097299999999999898e+01
4.098100000000000165e+01
4.098700000000000188e+01
4.099399999999999977e+01
4.167900000000000205e+01
4.168800000000000239e+01
4.169100000000000250e+01
4.169299999999999784e+01
4.169700000000000273e+01
4.170000000000000284e+01
4.170499999999999829e+01
4.170799999999999841e+01
4.171399999999999864e+01
4.171699999999999875e+01
4.172399999999999665e+01
4.172800000000000153e+01
4.173400000000000176e+01
4.176899999999999835e+01
4.178799999999999670e+01
4.178999999999999915e+01
4.179200000000000159e+01
4.179599999999999937e+01
4.180400000000000205e+01
4.180700000000000216e+01
4.181199999999999761e+01
4.181300000000000239e+01
4.181900000000000261e+01
4.182399999999999807e+01
4.182600000000000051e+01
4.183100000000000307e+01
4.183400000000000318e+01
4.184100000000000108e+01
4.184400000000000119e+01
4.185099999999999909e+01
4.185300000000000153e+01
4.185999999999999943e+01
4.186399999999999721e+01
4.190299999999999869e+01
4.191499999999999915e+01
4.191700000000000159e+01
4.191899999999999693e+01
4.192399999999999949e+01
4.193200000000000216e+01
4.193399999999999750e+01
4.194200000000000017e+01
4.194700000000000273e+01
4.195300000000000296e+01
4.195400000000000063e+01
4.195600000000000307e+01
4.196099999999999852e+01
4.196399999999999864e+01
4.196999999999999886e+01
4.197200000000000131e+01
4.197699999999999676e+01
4.431499999999999773e+01
4.432000000000000028e+01
4.432300000000000040e+01
4.432900000000000063e+01
4.433100000000000307e+01
4.433700000000000330e+01
4.433899999999999864e+01
4.434499999999999886e+01
4.437599999999999767e+01
4.437599999999999767e+01
4.438100000000000023e+01
4.439800000000000324e+01
4.440599999999999881e+01
4.441499999999999915e+01
4.441499999999999915e+01
4.441599999999999682e+01
4.441499999999999915e+01
4.441700000000000159e+01
4.442199999999999704e+01
4.442499999999999716e+01
4.443200000000000216e+01
4.443399999999999750e+01
4.443999999999999773e+01
4.444299999999999784e+01
4.444800000000000040e+01
4.445000000000000284e+01
4.445600000000000307e+01
4.445900000000000318e+01
4.446399999999999864e+01
4.448499999999999943e+01
4.449399999999999977e+01
4.450699999999999790e+01
4.452400000000000091e+01
4.452400000000000091e+01
4.452600000000000335e+01
4.452499999999999858e+01
4.452300000000000324e+01
4.452600000000000335e+01
4.453300000000000125e+01
4.453799999999999670e+01
4.454099999999999682e+01
4.454699999999999704e+01
4.454999999999999716e+01
4.455599999999999739e+01
4.455799999999999983e+01
4.456300000000000239e+01
4.456499999999999773e+01
4.457000000000000028e+01
4.457300000000000040e+01
4.518599999999999994e+01
4.518500000000000227e+01
4.518299999999999983e+01
4.518500000000000227e+01
4.519200000000000017e+01
4.519700000000000273e+01
4.520000000000000284e+01
4.520600000000000307e+01
4.520900000000000318e+01
4.521500000000000341e+01
4.521699999999999875e+01
4.522200000000000131e+01
4.522500000000000142e+01
4.523100000000000165e+01
4.525699999999999790e+01
4.525600000000000023e+01
4.525900000000000034e+01
4.527199999999999847e+01
4.528000000000000114e+01
4.529099999999999682e+01
4.529099999999999682e+01
4.529399999999999693e+01
4.529899999999999949e+01
4.530499999999999972e+01
4.530899999999999750e+01
4.531099999999999994e+01
4.531700000000000017e+01
4.532000000000000028e+01
4.532800000000000296e+01
4.532999999999999829e+01
4.533700000000000330e+01
4.534000000000000341e+01
4.534599999999999653e+01
4.537500000000000000e+01
4.539300000000000068e+01
4.539699999999999847e+01
4.539800000000000324e+01
4.539800000000000324e+01
4.539900000000000091e+01
4.540500000000000114e+01
4.541400000000000148e+01
4.541599999999999682e+01
4.542199999999999704e+01
4.542199999999999704e+01
4.542399999999999949e+01
4.542600000000000193e+01
4.542699999999999960e+01
4.542900000000000205e+01
4.543099999999999739e+01
4.543500000000000227e+01
4.681499999999999773e+01
4.681799999999999784e+01
4.682500000000000284e+01
4.682800000000000296e+01
4.683400000000000318e+01
4.683800000000000097e+01
4.684400000000000119e+01
4.688400000000000034e+01
4.689000000000000057e+01
4.689399999999999835e+01
4.690100000000000335e+01
4.690500000000000114e+01
4.691199999999999903e+01
4.691499999999999915e+01
4.692099999999999937e+01
4.692399999999999949e+01
4.692999999999999972e+01
4.693299999999999983e+01
4.693599999999999994e+01
4.694200000000000017e+01
4.694599999999999795e+01
4.695199999999999818e+01
4.695499999999999829e+01
4.696200000000000330e+01
4.696500000000000341e+01
4.697099999999999653e+01
4.697500000000000142e+01
4.698100000000000165e+01
4.701899999999999835e+01
4.702499999999999858e+01
4.702900000000000347e+01
4.703600000000000136e+01
4.703900000000000148e+01
4.704599999999999937e+01
4.704899999999999949e+01
4.705499999999999972e+01
4.705799999999999983e+01
4.706499999999999773e+01
4.706799999999999784e+01
4.707099999999999795e+01
4.707800000000000296e+01
4.708100000000000307e+01
4.708700000000000330e+01
4.709000000000000341e+01
4.709700000000000131e+01
4.710000000000000142e+01
4.710699999999999932e+01
4.710999999999999943e+01
4.711599999999999966e+01
4.779800000000000182e+01
4.781300000000000239e+01
4.781700000000000017e+01
4.782300000000000040e+01
4.782200000000000273e+01
4.782600000000000051e+01
4.783100000000000307e+01
4.783700000000000330e+01
4.784000000000000341e+01
4.784400000000000119e+01
4.785399999999999920e+01
4.785799999999999699e+01
4.786500000000000199e+01
4.786699999999999733e+01
4.787299999999999756e+01
4.787599999999999767e+01
4.788199999999999790e+01
4.788499999999999801e+01
4.789099999999999824e+01
4.789399999999999835e+01
4.790100000000000335e+01
4.790400000000000347e+01
4.790999999999999659e+01
4.794700000000000273e+01
4.796900000000000119e+01
4.797399999999999665e+01
4.797599999999999909e+01
4.797500000000000142e+01
4.797500000000000142e+01
4.798199999999999932e+01
4.799099999999999966e+01
4.799499999999999744e+01
4.800099999999999767e+01
4.800300000000000011e+01
4.800800000000000267e+01
4.801599999999999824e+01
4.801899999999999835e+01
4.802400000000000091e+01
4.802700000000000102e+01
4.803300000000000125e+01
4.803699999999999903e+01
4.804299999999999926e+01
4.804599999999999937e+01
4.805199999999999960e+01
4.805599999999999739e+01
4.806300000000000239e+01
4.806600000000000250e+01
4.807200000000000273e+01
4.810799999999999699e+01
4.877799999999999869e+01
4.878399999999999892e+01
4.878699999999999903e+01
4.879500000000000171e+01
4.879899999999999949e+01
4.883299999999999841e+01
4.883400000000000318e+01
4.884199999999999875e+01
4.885900000000000176e+01
4.886200000000000188e+01
4.886699999999999733e+01
4.886699999999999733e+01
4.887100000000000222e+01
4.887599999999999767e+01
4.888300000000000267e+01
4.888600000000000279e+01
4.889000000000000057e+01
4.889999999999999858e+01
4.890400000000000347e+01
4.891100000000000136e+01
4.891299999999999670e+01
4.891799999999999926e+01
4.892099999999999937e+01
4.892699999999999960e+01
4.892999999999999972e+01
4.893500000000000227e+01
4.893900000000000006e+01
4.894500000000000028e+01
4.894800000000000040e+01
4.899799999999999756e+01
4.900900000000000034e+01
4.900800000000000267e+01
4.900500000000000256e+01
4.900600000000000023e+01
4.901299999999999812e+01
4.902000000000000313e+01
4.902799999999999869e+01
4.903000000000000114e+01
4.903600000000000136e+01
4.903999999999999915e+01
4.904399999999999693e+01
4.904999999999999716e+01
4.905299999999999727e+01
4.906000000000000227e+01
4.906499999999999773e+01
4.907200000000000273e+01
4.907500000000000284e+01
4.908200000000000074e+01
4.908599999999999852e+01
4.976800000000000068e+01
4.981199999999999761e+01
4.981900000000000261e+01
4.981900000000000261e+01
4.982500000000000284e+01
4.983100000000000307e+01
4.983899999999999864e+01
4.984000000000000341e+01
4.984199999999999875e+01
4.984599999999999653e+01
4.985199999999999676e+01
4.985499999999999687e+01
4.985799999999999699e+01
4.986299999999999955e+01
4.986599999999999966e+01
4.987299999999999756e+01
4.987599999999999767e+01
4.988199999999999790e+01
4.988499999999999801e+01
4.989099999999999824e+01
4.989399999999999835e+01
4.989999999999999858e+01
4.990400000000000347e+01
4.991100000000000136e+01
4.991499999999999915e+01
4.996099999999999852e+01
4.996099999999999852e+01
4.996699999999999875e+01
4.998100000000000165e+01
4.998499999999999943e+01
4.999099999999999966e+01
4.999099999999999966e+01
4.999399999999999977e+01
5.000000000000000000e+01
5.000600000000000023e+01
5.000900000000000034e+01
5.001100000000000279e+01
5.001800000000000068e+01
5.002199999999999847e+01
5.002900000000000347e+01
5.003199999999999648e+01
5.003799999999999670e+01
5.004099999999999682e+01
5.004800000000000182e+01
5.005100000000000193e+01
5.005700000000000216e+01
5.010399999999999920e+01
5.011299999999999955e+01
5.011099999999999710e+01
5.077000000000000313e+01
5.077300000000000324e+01
5.080799999999999983e+01
5.082600000000000051e+01
5.082900000000000063e+01
5.083100000000000307e+01
5.083599999999999852e+01
5.084499999999999886e+01
5.084700000000000131e+01
5.085300000000000153e+01
5.085399999999999920e+01
5.085999999999999943e+01
5.086500000000000199e+01
5.086699999999999733e+01
5.087100000000000222e+01
5.087400000000000233e+01
5.088000000000000256e+01
5.088400000000000034e+01
5.089000000000000057e+01
5.089300000000000068e+01
5.089900000000000091e+01
5.090299999999999869e+01
5.090899999999999892e+01
5.091199999999999903e+01
5.091899999999999693e+01
5.096999999999999886e+01
5.097599999999999909e+01
5.097399999999999665e+01
5.097200000000000131e+01
5.097699999999999676e+01
5.098700000000000188e+01
5.099199999999999733e+01
5.100000000000000000e+01
5.100399999999999778e+01
5.101299999999999812e+01
5.101599999999999824e+01
5.101800000000000068e+01
5.102199999999999847e+01
5.102499999999999858e+01
5.103199999999999648e+01
5.103499999999999659e+01
5.103999999999999915e+01
5.104299999999999926e+01
5.104899999999999949e+01
5.105199999999999960e+01
5.105799999999999983e+01
5.106099999999999994e+01
5.106799999999999784e+01
5.107200000000000273e+01
5.176899999999999835e+01
5.177199999999999847e+01
5.177900000000000347e+01
5.178199999999999648e+01
5.178799999999999670e+01
5.179099999999999682e+01
5.179800000000000182e+01
5.180100000000000193e+01
5.180700000000000216e+01
5.185900000000000176e+01
5.186999999999999744e+01
5.186800000000000210e+01
5.186599999999999966e+01
5.186699999999999733e+01
5.187400000000000233e+01
5.188000000000000256e+01
5.188700000000000045e+01
5.188900000000000290e+01
5.189399999999999835e+01
5.189900000000000091e+01
5.190200000000000102e+01
5.190800000000000125e+01
5.191100000000000136e+01
5.191599999999999682e+01
5.192000000000000171e+01
5.192699999999999960e+01
5.192999999999999972e+01
5.193699999999999761e+01
5.194100000000000250e+01
5.194800000000000040e+01
5.198100000000000165e+01
5.198199999999999932e+01
5.199000000000000199e+01
5.200300000000000011e+01
5.200500000000000256e+01
5.201100000000000279e+01
5.201700000000000301e+01
5.202400000000000091e+01
5.202600000000000335e+01
5.203099999999999881e+01
5.203300000000000125e+01
5.203799999999999670e+01
5.204500000000000171e+01
5.204699999999999704e+01
5.205299999999999727e+01
5.205599999999999739e+01
5.206300000000000239e+01
5.206600000000000250e+01
5.207200000000000273e+01
5.211699999999999733e+01
5.277900000000000347e+01
5.278900000000000148e+01
5.279299999999999926e+01
5.279899999999999949e+01
5.280199999999999960e+01
5.280700000000000216e+01
5.281000000000000227e+01
5.281600000000000250e+01
5.281799999999999784e+01
5.282399999999999807e+01
5.282699999999999818e+01
5.283400000000000318e+01
5.283599999999999852e+01
5.288799999999999812e+01
5.289999999999999858e+01
5.289900000000000091e+01
5.289699999999999847e+01
5.289699999999999847e+01
5.290400000000000347e+01
5.291100000000000136e+01
5.291899999999999693e+01
5.292099999999999937e+01
5.292699999999999960e+01
5.293099999999999739e+01
5.293500000000000227e+01
5.294100000000000250e+01
5.294299999999999784e+01
5.294899999999999807e+01
5.295199999999999818e+01
5.295900000000000318e+01
5.296200000000000330e+01
5.296900000000000119e+01
5.297200000000000131e+01
5.297800000000000153e+01
5.298199999999999932e+01
5.298799999999999955e+01
5.299099999999999966e+01
5.302600000000000335e+01
5.304599999999999937e+01
5.305299999999999727e+01
5.305899999999999750e+01
5.305700000000000216e+01
5.305700000000000216e+01
5.306199999999999761e+01
5.307099999999999795e+01
5.307500000000000284e+01
5.308200000000000074e+01
5.308299999999999841e+01
5.308800000000000097e+01
5.377900000000000347e+01
5.378399999999999892e+01
5.378799999999999670e+01
5.379399999999999693e+01
5.379699999999999704e+01
5.380299999999999727e+01
5.380599999999999739e+01
5.381199999999999761e+01
5.381600000000000250e+01
5.382200000000000273e+01
5.382500000000000284e+01
5.386500000000000199e+01
5.388600000000000279e+01
5.388900000000000290e+01
5.388799999999999812e+01
5.388700000000000045e+01
5.389000000000000057e+01
5.389699999999999847e+01
5.390699999999999648e+01
5.390899999999999892e+01
5.391599999999999682e+01
5.391899999999999693e+01
5.392300000000000182e+01
5.392999999999999972e+01
5.393299999999999983e+01
5.393800000000000239e+01
5.394100000000000250e+01
5.394800000000000040e+01
5.395100000000000051e+01
5.395799999999999841e+01
5.400200000000000244e+01
5.401299999999999812e+01
5.401200000000000045e+01
5.400999999999999801e+01
5.401100000000000279e+01
5.401800000000000068e+01
5.402499999999999858e+01
5.403399999999999892e+01
5.403499999999999659e+01
5.404099999999999682e+01
5.404500000000000171e+01
5.404800000000000182e+01
5.405400000000000205e+01
5.405599999999999739e+01
5.406000000000000227e+01
5.406400000000000006e+01
5.407000000000000028e+01
5.407300000000000040e+01
5.407999999999999829e+01
5.477499999999999858e+01
5.477799999999999869e+01
5.478399999999999892e+01
5.478699999999999903e+01
5.479299999999999926e+01
5.479599999999999937e+01
5.480299999999999727e+01
5.483200000000000074e+01
5.484700000000000131e+01
5.485600000000000165e+01
5.486500000000000199e+01
5.486599999999999966e+01
5.487299999999999756e+01
5.487899999999999778e+01
5.488499999999999801e+01
5.488600000000000279e+01
5.489099999999999824e+01
5.489500000000000313e+01
5.489800000000000324e+01
5.490299999999999869e+01
5.490500000000000114e+01
5.490999999999999659e+01
5.491400000000000148e+01
5.492000000000000171e+01
5.492399999999999949e+01
5.492999999999999972e+01
5.493299999999999983e+01
5.493900000000000006e+01
5.494299999999999784e+01
5.494899999999999807e+01
5.495199999999999818e+01
5.499099999999999966e+01
5.500999999999999801e+01
5.501400000000000290e+01
5.501700000000000301e+01
5.502100000000000080e+01
5.503000000000000114e+01
5.503300000000000125e+01
5.503900000000000148e+01
5.503999999999999915e+01
5.504500000000000171e+01
5.504999999999999716e+01
5.505199999999999960e+01
5.505700000000000216e+01
5.506099999999999994e+01
5.506900000000000261e+01
5.507300000000000040e+01
5.507900000000000063e+01
5.508200000000000074e+01
5.575900000000000034e+01
5.576200000000000045e+01
5.576899999999999835e+01
5.577199999999999847e+01
5.577900000000000347e+01
5.578199999999999648e+01
5.578799999999999670e+01
5.582099999999999795e+01
5.584199999999999875e+01
5.584700000000000131e+01
5.585000000000000142e+01
5.584899999999999665e+01
5.584899999999999665e+01
5.585600000000000165e+01
5.586599999999999966e+01
5.586899999999999977e+01
5.587700000000000244e+01
5.587800000000000011e+01
5.588300000000000267e+01
5.589099999999999824e+01
5.589399999999999835e+01
5.589999999999999858e+01
5.590299999999999869e+01
5.590899999999999892e+01
5.591199999999999903e+01
5.591899999999999693e+01
5.592199999999999704e+01
5.592799999999999727e+01
5.593099999999999739e+01
5.593800000000000239e+01
5.594100000000000250e+01
5.594800000000000040e+01
5.598199999999999932e+01
5.600300000000000011e+01
5.600999999999999801e+01
5.601400000000000290e+01
5.601200000000000045e+01
5.601200000000000045e+01
5.601800000000000068e+01
5.602700000000000102e+01
5.603099999999999881e+01
5.603799999999999670e+01
5.603900000000000148e+01
5.604399999999999693e+01
5.605199999999999960e+01
5.605499999999999972e+01
5.606199999999999761e+01
5.606600000000000250e+01
5.607300000000000040e+01
5.607699999999999818e+01
5.678900000000000148e+01
5.679800000000000182e+01
5.680899999999999750e+01
5.680799999999999983e+01
5.680799999999999983e+01
5.681099999999999994e+01
5.681900000000000261e+01
5.682399999999999807e+01
5.683100000000000307e+01
5.683200000000000074e+01
5.683400000000000318e+01
5.683800000000000097e+01
5.684000000000000341e+01
5.684400000000000119e+01
5.684700000000000131e+01
5.685300000000000153e+01
5.685600000000000165e+01
5.686200000000000188e+01
5.686500000000000199e+01
5.686999999999999744e+01
5.687299999999999756e+01
5.687899999999999778e+01
5.688199999999999790e+01
5.691199999999999903e+01
5.691299999999999670e+01
5.692199999999999704e+01
5.694200000000000017e+01
5.694700000000000273e+01
5.695400000000000063e+01
5.695400000000000063e+01
5.695300000000000296e+01
5.695300000000000296e+01
5.695700000000000074e+01
5.696300000000000097e+01
5.696600000000000108e+01
5.697200000000000131e+01
5.697500000000000142e+01
5.698100000000000165e+01
5.698299999999999699e+01
5.698799999999999955e+01
5.699099999999999966e+01
5.699699999999999989e+01
5.700000000000000000e+01
5.700600000000000023e+01
5.702700000000000102e+01
5.703900000000000148e+01
5.704999999999999716e+01
5.706300000000000239e+01
5.706300000000000239e+01
5.763199999999999790e+01
5.763900000000000290e+01
5.764099999999999824e+01
5.764699999999999847e+01
5.764900000000000091e+01
5.765400000000000347e+01
5.765699999999999648e+01
5.766199999999999903e+01
5.766599999999999682e+01
5.767199999999999704e+01
5.769700000000000273e+01
5.770799999999999841e+01
5.772299999999999898e+01
5.772299999999999898e+01
5.772399999999999665e+01
5.772299999999999898e+01
5.772200000000000131e+01
5.772599999999999909e+01
5.773499999999999943e+01
5.773899999999999721e+01
5.774300000000000210e+01
5.774900000000000233e+01
5.775300000000000011e+01
5.775800000000000267e+01
5.775999999999999801e+01
5.776400000000000290e+01
5.776700000000000301e+01
5.777199999999999847e+01
5.777400000000000091e+01
5.778000000000000114e+01
5.780799999999999983e+01
5.782000000000000028e+01
5.783599999999999852e+01
5.783599999999999852e+01
5.783599999999999852e+01
5.783500000000000085e+01
5.783400000000000318e+01
5.783800000000000097e+01
5.784499999999999886e+01
5.785000000000000142e+01
5.785300000000000153e+01
5.785900000000000176e+01
5.786200000000000188e+01
5.786699999999999733e+01
5.786999999999999744e+01
5.787500000000000000e+01
5.787800000000000011e+01
5.788400000000000034e+01
5.849300000000000210e+01
5.849199999999999733e+01
5.849499999999999744e+01
5.850300000000000011e+01
5.850800000000000267e+01
5.851200000000000045e+01
5.851800000000000068e+01
5.852100000000000080e+01
5.852700000000000102e+01
5.852900000000000347e+01
5.853399999999999892e+01
5.853699999999999903e+01
5.854200000000000159e+01
5.854500000000000171e+01
5.855100000000000193e+01
5.857399999999999807e+01
5.858599999999999852e+01
5.860399999999999920e+01
5.860399999999999920e+01
5.860600000000000165e+01
5.860499999999999687e+01
5.860399999999999920e+01
5.860600000000000165e+01
5.861299999999999955e+01
5.861800000000000210e+01
5.861999999999999744e+01
5.862599999999999767e+01
5.862899999999999778e+01
5.863400000000000034e+01
5.863600000000000279e+01
5.864099999999999824e+01
5.864399999999999835e+01
5.864999999999999858e+01
5.865299999999999869e+01
5.865899999999999892e+01
5.868299999999999983e+01
5.869500000000000028e+01
5.871399999999999864e+01
5.871399999999999864e+01
5.871600000000000108e+01
5.871500000000000341e+01
5.871399999999999864e+01
5.871600000000000108e+01
5.872299999999999898e+01
5.872899999999999920e+01
5.873199999999999932e+01
5.873799999999999955e+01
5.874099999999999966e+01
5.931799999999999784e+01
5.932099999999999795e+01
5.932699999999999818e+01
5.932999999999999829e+01
5.933599999999999852e+01
5.936399999999999721e+01
5.936699999999999733e+01
5.937700000000000244e+01
5.939600000000000080e+01
5.939800000000000324e+01
5.940299999999999869e+01
5.940200000000000102e+01
5.940100000000000335e+01
5.940299999999999869e+01
5.940999999999999659e+01
5.941599999999999682e+01
5.941899999999999693e+01
5.942499999999999716e+01
5.942799999999999727e+01
5.943399999999999750e+01
5.943599999999999994e+01
5.943999999999999773e+01
5.944299999999999784e+01
5.944800000000000040e+01
5.945100000000000051e+01
5.945600000000000307e+01
5.947699999999999676e+01
5.949799999999999756e+01
5.950500000000000256e+01
5.951100000000000279e+01
5.950999999999999801e+01
5.950800000000000267e+01
5.950699999999999790e+01
5.950999999999999801e+01
5.951700000000000301e+01
5.952499999999999858e+01
5.952900000000000347e+01
5.953199999999999648e+01
5.953799999999999670e+01
5.954099999999999682e+01
5.954599999999999937e+01
5.954800000000000182e+01
5.955299999999999727e+01
5.955599999999999739e+01
5.956199999999999761e+01
5.956499999999999773e+01
5.958599999999999852e+01
6.020400000000000063e+01
6.022299999999999898e+01
6.022500000000000142e+01
6.022500000000000142e+01
6.022899999999999920e+01
6.023700000000000188e+01
6.024000000000000199e+01
6.024600000000000222e+01
6.024699999999999989e+01
6.025399999999999778e+01
6.025800000000000267e+01
6.026100000000000279e+01
6.026500000000000057e+01
6.026700000000000301e+01
6.027300000000000324e+01
6.027600000000000335e+01
6.028199999999999648e+01
6.028399999999999892e+01
6.028999999999999915e+01
6.029200000000000159e+01
6.029599999999999937e+01
6.029699999999999704e+01
6.029999999999999716e+01
6.030100000000000193e+01
6.030499999999999972e+01
6.030599999999999739e+01
6.031000000000000227e+01
6.031199999999999761e+01
6.031600000000000250e+01
6.031799999999999784e+01
6.035300000000000153e+01
6.035999999999999943e+01
6.036800000000000210e+01
6.037899999999999778e+01
6.037899999999999778e+01
6.038300000000000267e+01
6.038799999999999812e+01
6.039300000000000068e+01
6.039500000000000313e+01
6.040200000000000102e+01
6.040599999999999881e+01
6.040899999999999892e+01
6.041499999999999915e+01
6.041799999999999926e+01
6.113199999999999790e+01
6.113799999999999812e+01
6.114200000000000301e+01
6.114999999999999858e+01
6.116899999999999693e+01
6.116899999999999693e+01
6.117399999999999949e+01
6.119200000000000017e+01
6.119899999999999807e+01
6.121200000000000330e+01
6.121500000000000341e+01
6.122299999999999898e+01
6.122599999999999909e+01
6.123199999999999932e+01
6.123400000000000176e+01
6.123599999999999710e+01
6.124099999999999966e+01
6.124300000000000210e+01
6.124799999999999756e+01
6.125099999999999767e+01
6.125699999999999790e+01
6.125900000000000034e+01
6.126500000000000057e+01
6.126700000000000301e+01
6.127300000000000324e+01
6.127600000000000335e+01
6.128199999999999648e+01
6.133100000000000307e+01
6.133200000000000074e+01
6.133200000000000074e+01
6.132999999999999829e+01
6.133299999999999841e+01
6.134400000000000119e+01
6.135199999999999676e+01
6.136399999999999721e+01
6.136599999999999966e+01
6.137299999999999756e+01
6.137299999999999756e+01
6.137599999999999767e+01
6.138100000000000023e+01
6.138400000000000034e+01
6.139200000000000301e+01
6.139600000000000080e+01
6.213700000000000045e+01
6.214000000000000057e+01
6.214600000000000080e+01
6.214900000000000091e+01
6.215599999999999881e+01
6.215899999999999892e+01
6.216599999999999682e+01
6.219800000000000040e+01
6.220799999999999841e+01
6.222099999999999653e+01
6.221999999999999886e+01
6.222099999999999653e+01
6.222299999999999898e+01
6.222999999999999687e+01
6.223599999999999710e+01
6.224300000000000210e+01
6.224399999999999977e+01
6.224799999999999756e+01
6.225600000000000023e+01
6.225999999999999801e+01
6.226599999999999824e+01
6.226899999999999835e+01
6.227499999999999858e+01
6.227799999999999869e+01
6.228399999999999892e+01
6.228799999999999670e+01
6.229399999999999693e+01
6.232800000000000296e+01
6.233899999999999864e+01
6.235300000000000153e+01
6.235199999999999676e+01
6.235199999999999676e+01
6.235499999999999687e+01
6.236099999999999710e+01
6.236699999999999733e+01
6.237299999999999756e+01
6.237400000000000233e+01
6.237800000000000011e+01
6.238600000000000279e+01
6.238900000000000290e+01
6.239500000000000313e+01
6.315200000000000102e+01
6.315800000000000125e+01
6.315999999999999659e+01
6.316499999999999915e+01
6.317300000000000182e+01
6.317600000000000193e+01
6.318099999999999739e+01
6.318399999999999750e+01
6.319100000000000250e+01
6.319400000000000261e+01
6.320100000000000051e+01
6.320300000000000296e+01
6.321000000000000085e+01
6.321300000000000097e+01
6.321999999999999886e+01
6.322299999999999898e+01
6.322899999999999920e+01
6.326800000000000068e+01
6.328900000000000148e+01
6.329299999999999926e+01
6.329500000000000171e+01
6.329399999999999693e+01
6.329500000000000171e+01
6.330199999999999960e+01
6.331099999999999994e+01
6.331400000000000006e+01
6.332000000000000028e+01
6.332200000000000273e+01
6.332699999999999818e+01
6.333500000000000085e+01
6.333700000000000330e+01
6.334300000000000352e+01
6.334599999999999653e+01
6.335199999999999676e+01
6.335600000000000165e+01
6.336299999999999955e+01
6.336599999999999966e+01
6.337199999999999989e+01
6.337599999999999767e+01
6.338300000000000267e+01
6.338600000000000279e+01
6.414600000000000080e+01
6.414900000000000091e+01
6.415500000000000114e+01
6.415900000000000603e+01
6.416599999999999682e+01
6.416899999999999693e+01
6.417600000000000193e+01
6.421399999999999864e+01
6.423699999999999477e+01
6.424299999999999500e+01
6.424699999999999989e+01
6.424599999999999511e+01
6.424500000000000455e+01
6.425100000000000477e+01
6.426000000000000512e+01
6.426300000000000523e+01
6.427100000000000080e+01
6.427599999999999625e+01
6.428000000000000114e+01
6.428799999999999670e+01
6.429099999999999682e+01
6.429600000000000648e+01
6.429999999999999716e+01
6.430700000000000216e+01
6.431000000000000227e+01
6.431600000000000250e+01
6.435200000000000387e+01
6.436100000000000421e+01
6.437000000000000455e+01
6.436899999999999977e+01
6.436799999999999500e+01
6.437300000000000466e+01
6.438200000000000500e+01
6.438599999999999568e+01
6.439199999999999591e+01
6.439400000000000546e+01
6.439799999999999613e+01
6.440600000000000591e+01
6.440900000000000603e+01
6.441500000000000625e+01
6.519400000000000261e+01
6.519899999999999807e+01
6.520099999999999341e+01
6.520600000000000307e+01
6.524299999999999500e+01
6.526200000000000045e+01
6.526600000000000534e+01
6.526699999999999591e+01
6.527100000000000080e+01
6.527899999999999636e+01
6.528300000000000125e+01
6.529200000000000159e+01
6.529699999999999704e+01
6.530500000000000682e+01
6.530700000000000216e+01
6.530800000000000693e+01
6.531300000000000239e+01
6.531600000000000250e+01
6.532200000000000273e+01
6.532500000000000284e+01
6.533100000000000307e+01
6.533400000000000318e+01
6.534099999999999397e+01
6.534399999999999409e+01
6.534999999999999432e+01
6.535299999999999443e+01
6.535999999999999943e+01
6.536299999999999955e+01
6.541500000000000625e+01
6.542700000000000671e+01
6.542600000000000193e+01
6.542400000000000659e+01
6.542499999999999716e+01
6.543099999999999739e+01
6.543800000000000239e+01
6.544599999999999795e+01
6.545000000000000284e+01
6.546099999999999852e+01
6.546399999999999864e+01
6.626500000000000057e+01
6.626699999999999591e+01
6.627299999999999613e+01
6.627800000000000580e+01
6.628499999999999659e+01
6.628700000000000614e+01
6.629200000000000159e+01
6.629399999999999693e+01
6.629800000000000182e+01
6.630599999999999739e+01
6.630899999999999750e+01
6.631499999999999773e+01
6.631799999999999784e+01
6.632500000000000284e+01
6.632899999999999352e+01
6.633599999999999852e+01
6.633899999999999864e+01
6.634600000000000364e+01
6.634900000000000375e+01
6.635599999999999454e+01
6.639700000000000557e+01
6.639600000000000080e+01
6.640300000000000580e+01
6.642000000000000171e+01
6.642499999999999716e+01
6.643300000000000693e+01
6.643600000000000705e+01
6.644299999999999784e+01
6.644599999999999795e+01
6.645099999999999341e+01
6.645199999999999818e+01
6.645600000000000307e+01
6.646399999999999864e+01
6.646699999999999875e+01
6.647400000000000375e+01
6.647599999999999909e+01
6.648300000000000409e+01
6.648699999999999477e+01
6.649399999999999977e+01
6.730299999999999727e+01
6.730500000000000682e+01
6.730899999999999750e+01
6.731699999999999307e+01
6.731999999999999318e+01
6.732599999999999341e+01
6.732999999999999829e+01
6.733599999999999852e+01
6.734000000000000341e+01
6.734699999999999420e+01
6.735099999999999909e+01
6.735800000000000409e+01
6.736100000000000421e+01
6.736899999999999977e+01
6.737199999999999989e+01
6.737900000000000489e+01
6.742199999999999704e+01
6.744400000000000261e+01
6.744899999999999807e+01
6.745199999999999818e+01
6.745099999999999341e+01
6.745199999999999818e+01
6.745799999999999841e+01
6.746699999999999875e+01
6.746999999999999886e+01
6.747599999999999909e+01
6.747899999999999920e+01
6.748300000000000409e+01
6.749200000000000443e+01
6.749500000000000455e+01
6.750199999999999534e+01
6.750600000000000023e+01
6.751399999999999579e+01
6.754300000000000637e+01
6.754399999999999693e+01
6.755299999999999727e+01
6.756999999999999318e+01
6.834199999999999875e+01
6.834799999999999898e+01
6.834999999999999432e+01
6.835399999999999920e+01
6.836199999999999477e+01
6.836400000000000432e+01
6.837000000000000455e+01
6.837300000000000466e+01
6.837900000000000489e+01
6.838200000000000500e+01
6.838899999999999579e+01
6.839199999999999591e+01
6.839799999999999613e+01
6.840200000000000102e+01
6.840900000000000603e+01
6.841200000000000614e+01
6.841800000000000637e+01
6.845399999999999352e+01
6.847299999999999898e+01
6.848000000000000398e+01
6.848499999999999943e+01
6.848399999999999466e+01
6.848399999999999466e+01
6.848900000000000432e+01
6.849800000000000466e+01
6.850199999999999534e+01
6.850900000000000034e+01
6.851000000000000512e+01
6.851500000000000057e+01
6.852299999999999613e+01
6.852599999999999625e+01
6.853199999999999648e+01
6.853499999999999659e+01
6.854099999999999682e+01
6.854500000000000171e+01
6.855100000000000193e+01
6.855400000000000205e+01
6.933199999999999363e+01
6.933799999999999386e+01
6.937999999999999545e+01
6.938800000000000523e+01
6.939499999999999602e+01
6.939400000000000546e+01
6.939300000000000068e+01
6.939799999999999613e+01
6.940600000000000591e+01
6.940999999999999659e+01
6.941700000000000159e+01
6.941800000000000637e+01
6.942199999999999704e+01
6.943000000000000682e+01
6.943300000000000693e+01
6.943899999999999295e+01
6.944100000000000250e+01
6.944700000000000273e+01
6.945099999999999341e+01
6.945699999999999363e+01
6.945999999999999375e+01
6.948999999999999488e+01
6.951000000000000512e+01
6.951699999999999591e+01
6.952400000000000091e+01
6.952299999999999613e+01
6.952200000000000557e+01
6.952700000000000102e+01
6.953600000000000136e+01
6.954000000000000625e+01
6.954699999999999704e+01
6.954900000000000659e+01
6.955299999999999727e+01
6.956199999999999761e+01
6.956499999999999773e+01
6.957099999999999795e+01
7.034300000000000352e+01
7.034900000000000375e+01
7.035200000000000387e+01
7.035899999999999466e+01
7.036199999999999477e+01
7.036799999999999500e+01
7.039700000000000557e+01
7.041299999999999670e+01
7.042199999999999704e+01
7.043099999999999739e+01
7.043000000000000682e+01
7.043000000000000682e+01
7.043399999999999750e+01
7.044100000000000250e+01
7.044599999999999795e+01
7.045300000000000296e+01
7.045399999999999352e+01
7.045799999999999841e+01
7.046599999999999397e+01
7.046999999999999886e+01
7.047599999999999909e+01
7.047899999999999920e+01
7.048499999999999943e+01
7.048799999999999955e+01
7.049500000000000455e+01
7.049800000000000466e+01
7.050400000000000489e+01
7.054000000000000625e+01
7.054999999999999716e+01
7.056100000000000705e+01
7.056100000000000705e+01
7.056000000000000227e+01
7.056399999999999295e+01
7.057200000000000273e+01
7.057599999999999341e+01
7.058199999999999363e+01
7.205200000000000671e+01
7.206100000000000705e+01
7.207500000000000284e+01
7.207500000000000284e+01
7.207599999999999341e+01
7.207699999999999818e+01
7.208299999999999841e+01
7.208799999999999386e+01
7.209399999999999409e+01
7.209499999999999886e+01
7.209900000000000375e+01
7.210599999999999454e+01
7.210999999999999943e+01
7.211599999999999966e+01
7.211899999999999977e+01
7.212500000000000000e+01
7.212800000000000011e+01
7.213500000000000512e+01
7.213800000000000523e+01
7.214400000000000546e+01
7.217799999999999727e+01
7.219799999999999329e+01
7.220099999999999341e+01
7.220300000000000296e+01
7.220799999999999841e+01
7.221599999999999397e+01
7.221899999999999409e+01
7.222499999999999432e+01
7.222599999999999909e+01
7.223199999999999932e+01
7.223600000000000421e+01
7.223799999999999955e+01
7.224200000000000443e+01
7.224500000000000455e+01
7.225000000000000000e+01
7.304500000000000171e+01
7.306600000000000250e+01
7.307099999999999795e+01
7.307399999999999807e+01
7.307299999999999329e+01
7.307399999999999807e+01
7.307999999999999829e+01
7.308899999999999864e+01
7.309199999999999875e+01
7.309900000000000375e+01
7.310099999999999909e+01
7.310500000000000398e+01
7.311299999999999955e+01
7.311599999999999966e+01
7.312199999999999989e+01
7.312500000000000000e+01
7.313100000000000023e+01
7.313500000000000512e+01
7.314199999999999591e+01
7.314499999999999602e+01
7.315099999999999625e+01
7.315500000000000114e+01
7.316200000000000614e+01
7.316500000000000625e+01
7.317100000000000648e+01
7.320900000000000318e+01
7.322899999999999920e+01
7.323399999999999466e+01
7.323699999999999477e+01
7.323600000000000421e+01
7.323600000000000421e+01
7.324200000000000443e+01
7.325000000000000000e+01
7.325300000000000011e+01
7.405299999999999727e+01
7.406199999999999761e+01
7.406199999999999761e+01
7.406100000000000705e+01
7.406399999999999295e+01
7.407200000000000273e+01
7.407699999999999818e+01
7.408400000000000318e+01
7.408499999999999375e+01
7.408899999999999864e+01
7.409799999999999898e+01
7.410099999999999909e+01
7.410699999999999932e+01
7.410999999999999943e+01
7.411499999999999488e+01
7.411899999999999977e+01
7.412500000000000000e+01
7.412800000000000011e+01
7.413500000000000512e+01
7.417300000000000182e+01
7.418200000000000216e+01
7.419199999999999307e+01
7.419100000000000250e+01
7.418999999999999773e+01
7.419299999999999784e+01
7.420000000000000284e+01
7.420499999999999829e+01
7.421099999999999852e+01
7.421299999999999386e+01
7.421699999999999875e+01
7.422499999999999432e+01
7.422799999999999443e+01
7.423499999999999943e+01
7.423699999999999477e+01
7.501999999999999602e+01
7.502599999999999625e+01
7.502899999999999636e+01
7.506999999999999318e+01
7.508899999999999864e+01
7.509099999999999397e+01
7.509199999999999875e+01
7.509099999999999397e+01
7.509399999999999409e+01
7.510099999999999909e+01
7.510999999999999943e+01
7.511199999999999477e+01
7.511799999999999500e+01
7.512000000000000455e+01
7.512399999999999523e+01
7.513100000000000023e+01
7.513400000000000034e+01
7.513899999999999579e+01
7.514199999999999591e+01
7.514900000000000091e+01
7.515200000000000102e+01
7.515900000000000603e+01
7.516200000000000614e+01
7.519799999999999329e+01
7.521899999999999409e+01
7.522100000000000364e+01
7.522199999999999420e+01
7.522100000000000364e+01
7.522199999999999420e+01
7.522799999999999443e+01
7.523799999999999955e+01
7.524099999999999966e+01
7.524800000000000466e+01
7.604999999999999716e+01
7.605800000000000693e+01
7.606600000000000250e+01
7.606499999999999773e+01
7.606499999999999773e+01
7.606900000000000261e+01
7.607599999999999341e+01
7.608100000000000307e+01
7.608899999999999864e+01
7.609399999999999409e+01
7.609900000000000375e+01
7.610800000000000409e+01
7.611100000000000421e+01
7.611700000000000443e+01
7.612000000000000455e+01
7.612600000000000477e+01
7.612900000000000489e+01
7.613500000000000512e+01
7.613800000000000523e+01
7.614400000000000546e+01
7.614700000000000557e+01
7.615300000000000580e+01
7.615600000000000591e+01
7.616200000000000614e+01
7.616599999999999682e+01
7.620499999999999829e+01
7.620799999999999841e+01
7.621699999999999875e+01
7.623399999999999466e+01
7.623499999999999943e+01
7.623799999999999955e+01
7.623799999999999955e+01
7.624200000000000443e+01
7.703700000000000614e+01
7.704300000000000637e+01
7.704800000000000182e+01
7.705500000000000682e+01
7.705599999999999739e+01
7.705899999999999750e+01
7.706699999999999307e+01
7.707099999999999795e+01
7.707800000000000296e+01
7.708100000000000307e+01
7.708700000000000330e+01
7.709099999999999397e+01
7.709799999999999898e+01
7.710099999999999909e+01
7.710699999999999932e+01
7.714000000000000057e+01
7.715000000000000568e+01
7.716400000000000148e+01
7.716400000000000148e+01
7.716400000000000148e+01
7.716700000000000159e+01
7.717300000000000182e+01
7.717799999999999727e+01
7.718399999999999750e+01
7.718500000000000227e+01
7.718899999999999295e+01
7.719700000000000273e+01
7.720000000000000284e+01
7.720699999999999363e+01
7.720999999999999375e+01
7.721699999999999875e+01
7.721999999999999886e+01
7.722700000000000387e+01
7.803300000000000125e+01
7.803499999999999659e+01
7.804099999999999682e+01
7.804399999999999693e+01
7.805100000000000193e+01
7.805400000000000205e+01
7.806000000000000227e+01
7.809999999999999432e+01
7.810699999999999932e+01
7.811299999999999955e+01
7.811199999999999477e+01
7.811100000000000421e+01
7.811700000000000443e+01
7.812699999999999534e+01
7.813100000000000023e+01
7.813899999999999579e+01
7.814100000000000534e+01
7.814499999999999602e+01
7.815399999999999636e+01
7.815699999999999648e+01
7.816299999999999670e+01
7.816599999999999682e+01
7.817300000000000182e+01
7.817700000000000671e+01
7.818399999999999750e+01
7.821599999999999397e+01
7.821399999999999864e+01
7.822400000000000375e+01
7.824200000000000443e+01
7.824500000000000455e+01
7.824899999999999523e+01
7.905700000000000216e+01
7.906399999999999295e+01
7.906900000000000261e+01
7.906699999999999307e+01
7.906699999999999307e+01
7.907299999999999329e+01
7.908100000000000307e+01
7.908400000000000318e+01
7.909000000000000341e+01
7.909199999999999875e+01
7.909600000000000364e+01
7.910399999999999920e+01
7.910699999999999932e+01
7.911299999999999955e+01
7.911599999999999966e+01
7.912199999999999989e+01
7.912600000000000477e+01
7.913200000000000500e+01
7.913500000000000512e+01
7.914199999999999591e+01
7.914499999999999602e+01
7.915200000000000102e+01
7.915500000000000114e+01
7.916200000000000614e+01
7.919799999999999329e+01
7.921800000000000352e+01
7.922400000000000375e+01
7.922799999999999443e+01
7.922700000000000387e+01
7.922799999999999443e+01
7.923499999999999943e+01
8.004000000000000625e+01
8.004800000000000182e+01
8.005100000000000193e+01
8.005800000000000693e+01
8.006199999999999761e+01
8.006900000000000261e+01
8.010800000000000409e+01
8.011299999999999955e+01
8.011700000000000443e+01
8.012000000000000455e+01
8.012800000000000011e+01
8.013100000000000023e+01
8.013800000000000523e+01
8.014199999999999591e+01
8.014799999999999613e+01
8.015000000000000568e+01
8.015399999999999636e+01
8.016100000000000136e+01
8.016400000000000148e+01
8.017100000000000648e+01
8.017499999999999716e+01
8.018200000000000216e+01
8.021299999999999386e+01
8.022899999999999920e+01
8.023199999999999932e+01
8.023399999999999466e+01
8.023900000000000432e+01
8.024800000000000466e+01
8.025100000000000477e+01
8.026099999999999568e+01
8.117499999999999716e+01
8.117900000000000205e+01
8.118600000000000705e+01
8.122499999999999432e+01
8.123099999999999454e+01
8.123499999999999943e+01
8.123600000000000421e+01
8.124299999999999500e+01
8.124899999999999523e+01
8.125600000000000023e+01
8.126000000000000512e+01
8.126900000000000546e+01
8.127299999999999613e+01
8.127599999999999625e+01
8.128199999999999648e+01
8.128600000000000136e+01
8.129399999999999693e+01
8.129699999999999704e+01
8.130400000000000205e+01
8.130800000000000693e+01
8.131499999999999773e+01
8.135399999999999920e+01
8.135999999999999943e+01
8.136400000000000432e+01
8.136700000000000443e+01
8.137500000000000000e+01
8.137999999999999545e+01
8.138599999999999568e+01
8.139000000000000057e+01
8.232299999999999329e+01
8.233100000000000307e+01
8.233499999999999375e+01
8.234199999999999875e+01
8.238200000000000500e+01
8.239600000000000080e+01
8.239600000000000080e+01
8.239700000000000557e+01
8.240200000000000102e+01
8.241200000000000614e+01
8.241400000000000148e+01
8.242199999999999704e+01
8.242700000000000671e+01
8.243399999999999750e+01
8.243699999999999761e+01
8.243999999999999773e+01
8.244799999999999329e+01
8.245300000000000296e+01
8.245999999999999375e+01
8.246399999999999864e+01
8.247100000000000364e+01
8.247499999999999432e+01
8.248199999999999932e+01
8.248600000000000421e+01
8.249399999999999977e+01
8.253100000000000591e+01
8.254500000000000171e+01
8.255200000000000671e+01
8.255899999999999750e+01
8.256000000000000227e+01
8.349599999999999511e+01
8.350300000000000011e+01
8.350799999999999557e+01
8.351399999999999579e+01
8.351699999999999591e+01
8.352599999999999625e+01
8.353000000000000114e+01
8.353300000000000125e+01
8.353900000000000148e+01
8.354300000000000637e+01
8.355100000000000193e+01
8.355500000000000682e+01
8.356199999999999761e+01
8.356600000000000250e+01
8.357299999999999329e+01
8.357599999999999341e+01
8.358299999999999841e+01
8.358700000000000330e+01
8.359399999999999409e+01
8.363800000000000523e+01
8.365500000000000114e+01
8.365800000000000125e+01
8.365900000000000603e+01
8.366299999999999670e+01
8.367100000000000648e+01
8.367499999999999716e+01
8.368200000000000216e+01
8.368600000000000705e+01
8.369499999999999318e+01
8.369799999999999329e+01
8.460899999999999466e+01
8.461400000000000432e+01
8.461899999999999977e+01
8.462500000000000000e+01
8.462699999999999534e+01
8.463500000000000512e+01
8.463899999999999579e+01
8.464199999999999591e+01
8.464600000000000080e+01
8.465000000000000568e+01
8.465600000000000591e+01
8.465999999999999659e+01
8.466599999999999682e+01
8.466899999999999693e+01
8.467700000000000671e+01
8.468000000000000682e+01
8.468600000000000705e+01
8.468999999999999773e+01
8.469599999999999795e+01
8.470000000000000284e+01
8.475100000000000477e+01
8.475900000000000034e+01
8.476200000000000045e+01
8.476800000000000068e+01
8.477100000000000080e+01
8.477700000000000102e+01
8.478000000000000114e+01
8.478600000000000136e+01
8.478900000000000148e+01
8.479500000000000171e+01
8.559799999999999898e+01
8.560200000000000387e+01
8.563400000000000034e+01
8.563500000000000512e+01
8.564199999999999591e+01
8.565600000000000591e+01
8.565999999999999659e+01
8.566800000000000637e+01
8.567100000000000648e+01
8.567400000000000659e+01
8.567600000000000193e+01
8.568200000000000216e+01
8.568600000000000705e+01
8.568999999999999773e+01
8.569599999999999795e+01
8.570000000000000284e+01
8.570699999999999363e+01
8.570999999999999375e+01
8.571599999999999397e+01
8.571899999999999409e+01
8.572499999999999432e+01
8.576500000000000057e+01
8.577200000000000557e+01
8.577400000000000091e+01
8.577500000000000568e+01
8.577500000000000568e+01
8.577400000000000091e+01
8.577899999999999636e+01
8.578799999999999670e+01
8.659300000000000352e+01
8.660200000000000387e+01
8.664400000000000546e+01
8.664799999999999613e+01
8.664799999999999613e+01
8.664799999999999613e+01
8.664799999999999613e+01
8.665099999999999625e+01
8.665900000000000603e+01
8.666899999999999693e+01
8.667199999999999704e+01
8.667799999999999727e+01
8.668099999999999739e+01
8.668500000000000227e+01
8.669299999999999784e+01
8.669499999999999318e+01
8.670099999999999341e+01
8.670399999999999352e+01
8.670999999999999375e+01
8.671399999999999864e+01
8.672100000000000364e+01
8.672400000000000375e+01
8.673000000000000398e+01
8.673399999999999466e+01
8.674099999999999966e+01
8.674399999999999977e+01
8.675000000000000000e+01
8.678900000000000148e+01
8.680899999999999750e+01
8.759099999999999397e+01
8.759399999999999409e+01
8.760099999999999909e+01
8.760399999999999920e+01
8.765300000000000580e+01
8.765099999999999625e+01
8.765099999999999625e+01
8.765600000000000591e+01
8.766500000000000625e+01
8.767799999999999727e+01
8.768000000000000682e+01
8.768699999999999761e+01
8.768800000000000239e+01
8.769499999999999318e+01
8.769899999999999807e+01
8.770199999999999818e+01
8.770600000000000307e+01
8.770900000000000318e+01
8.771599999999999397e+01
8.771999999999999886e+01
8.772599999999999909e+01
8.772899999999999920e+01
8.773499999999999943e+01
8.773900000000000432e+01
8.774500000000000455e+01
8.774800000000000466e+01
8.775400000000000489e+01
8.779000000000000625e+01
8.861700000000000443e+01
8.862500000000000000e+01
8.862800000000000011e+01
8.863500000000000512e+01
8.867700000000000671e+01
8.869899999999999807e+01
8.870099999999999341e+01
8.870099999999999341e+01
8.870000000000000284e+01
8.870199999999999818e+01
8.870999999999999375e+01
8.871999999999999886e+01
8.872299999999999898e+01
8.873000000000000398e+01
8.873300000000000409e+01
8.873799999999999955e+01
8.874599999999999511e+01
8.874899999999999523e+01
8.875600000000000023e+01
8.875900000000000034e+01
8.876600000000000534e+01
8.876999999999999602e+01
8.877700000000000102e+01
8.878000000000000114e+01
8.878700000000000614e+01
8.879099999999999682e+01
8.879800000000000182e+01
8.880100000000000193e+01
8.971699999999999875e+01
8.972100000000000364e+01
8.972299999999999898e+01
8.972199999999999420e+01
8.972199999999999420e+01
8.972899999999999920e+01
8.973900000000000432e+01
8.974200000000000443e+01
8.974899999999999523e+01
8.975100000000000477e+01
8.975499999999999545e+01
8.976399999999999579e+01
8.976699999999999591e+01
8.977299999999999613e+01
8.977599999999999625e+01
8.978300000000000125e+01
8.978700000000000614e+01
8.979399999999999693e+01
8.979699999999999704e+01
8.980400000000000205e+01
8.980700000000000216e+01
8.981399999999999295e+01
8.981799999999999784e+01
8.982399999999999807e+01
8.986400000000000432e+01
8.988599999999999568e+01
8.989100000000000534e+01
8.989300000000000068e+01
9.077400000000000091e+01
9.077899999999999636e+01
9.077800000000000580e+01
9.077700000000000102e+01
9.078400000000000603e+01
9.079300000000000637e+01
9.079699999999999704e+01
9.080400000000000205e+01
9.080500000000000682e+01
9.081000000000000227e+01
9.081900000000000261e+01
9.082200000000000273e+01
9.082800000000000296e+01
9.083100000000000307e+01
9.083799999999999386e+01
9.084099999999999397e+01
9.084799999999999898e+01
9.085099999999999909e+01
9.085800000000000409e+01
9.086199999999999477e+01
9.086899999999999977e+01
9.087300000000000466e+01
9.087900000000000489e+01
9.091800000000000637e+01
9.093899999999999295e+01
9.094499999999999318e+01
9.094899999999999807e+01
9.179699999999999704e+01
9.183899999999999864e+01
9.184000000000000341e+01
9.184900000000000375e+01
9.186499999999999488e+01
9.186700000000000443e+01
9.187000000000000455e+01
9.187099999999999511e+01
9.187500000000000000e+01
9.188200000000000500e+01
9.188800000000000523e+01
9.189000000000000057e+01
9.189300000000000068e+01
9.190099999999999625e+01
9.190500000000000114e+01
9.191200000000000614e+01
9.191500000000000625e+01
9.192199999999999704e+01
9.192499999999999716e+01
9.193200000000000216e+01
9.193600000000000705e+01
9.194199999999999307e+01
9.197299999999999898e+01
9.199399999999999977e+01
9.200199999999999534e+01
9.200900000000000034e+01
9.200799999999999557e+01
9.282800000000000296e+01
9.283100000000000307e+01
9.283700000000000330e+01
9.284000000000000341e+01
9.284600000000000364e+01
9.284900000000000375e+01
9.285599999999999454e+01
9.285899999999999466e+01
9.286499999999999488e+01
9.290200000000000102e+01
9.291200000000000614e+01
9.292199999999999704e+01
9.292100000000000648e+01
9.292000000000000171e+01
9.292300000000000182e+01
9.293099999999999739e+01
9.293600000000000705e+01
9.294199999999999307e+01
9.294400000000000261e+01
9.294799999999999329e+01
9.295600000000000307e+01
9.295999999999999375e+01
9.296599999999999397e+01
9.296899999999999409e+01
9.297400000000000375e+01
9.297799999999999443e+01
9.298499999999999943e+01
9.384300000000000352e+01
9.385099999999999909e+01
9.385500000000000398e+01
9.386299999999999955e+01
9.386599999999999966e+01
9.387300000000000466e+01
9.387600000000000477e+01
9.388100000000000023e+01
9.388500000000000512e+01
9.389100000000000534e+01
9.389400000000000546e+01
9.390099999999999625e+01
9.393600000000000705e+01
9.394599999999999795e+01
9.395799999999999841e+01
9.395699999999999363e+01
9.395699999999999363e+01
9.395900000000000318e+01
9.396599999999999397e+01
9.397100000000000364e+01
9.397700000000000387e+01
9.397899999999999920e+01
9.398300000000000409e+01
9.399099999999999966e+01
9.399399999999999977e+01
9.400100000000000477e+01
9.483899999999999864e+01
9.484099999999999397e+01
9.484399999999999409e+01
9.484600000000000364e+01
9.484900000000000375e+01
9.489499999999999602e+01
9.490200000000000102e+01
9.491299999999999670e+01
9.492900000000000205e+01
9.492900000000000205e+01
9.493000000000000682e+01
9.493200000000000216e+01
9.493699999999999761e+01
9.494299999999999784e+01
9.494899999999999807e+01
9.495099999999999341e+01
9.495399999999999352e+01
9.496200000000000330e+01
9.496599999999999397e+01
9.497199999999999420e+01
9.497499999999999432e+01
9.498000000000000398e+01
9.498399999999999466e+01
9.498999999999999488e+01
9.499299999999999500e+01
9.585399999999999920e+01
9.586199999999999477e+01
9.586700000000000443e+01
9.587300000000000466e+01
9.587399999999999523e+01
9.587800000000000011e+01
9.588599999999999568e+01
9.588899999999999579e+01
9.589499999999999602e+01
9.589799999999999613e+01
9.590399999999999636e+01
9.590699999999999648e+01
9.591299999999999670e+01
9.591700000000000159e+01
9.596599999999999397e+01
9.597499999999999432e+01
9.597299999999999898e+01
9.596999999999999886e+01
9.597299999999999898e+01
9.598099999999999454e+01
9.598699999999999477e+01
9.599399999999999977e+01
9.599500000000000455e+01
9.600100000000000477e+01
9.600600000000000023e+01
9.600900000000000034e+01
9.684399999999999409e+01
9.685200000000000387e+01
9.685599999999999454e+01
9.686299999999999955e+01
9.686599999999999966e+01
9.687199999999999989e+01
9.687600000000000477e+01
9.688200000000000500e+01
9.688500000000000512e+01
9.689100000000000534e+01
9.692600000000000193e+01
9.693600000000000705e+01
9.694899999999999807e+01
9.694799999999999329e+01
9.694799999999999329e+01
9.695000000000000284e+01
9.695799999999999841e+01
9.696299999999999386e+01
9.696899999999999409e+01
9.697100000000000364e+01
9.697499999999999432e+01
9.698300000000000409e+01
9.698600000000000421e+01
9.699200000000000443e+01
9.699500000000000455e+01
