1.591683621709634066e+09
1.591683622048911095e+09
1.591683622114865065e+09
1.591683622307002068e+09
1.591683622508671045e+09
1.591683622705845118e+09
1.591683622907222033e+09
1.591683623105753899e+09
1.591683623307421923e+09
1.591683623507524014e+09
1.591683623705730915e+09
1.591683623905627012e+09
1.591683624107682943e+09
1.591683624305903912e+09
1.591683624506753922e+09
1.591683624705873966e+09
1.591683624906903028e+09
1.591683625105974913e+09
1.591683625306560040e+09
1.591683625507838011e+09
1.591683625706669092e+09
1.591683625905625105e+09
1.591683626107383966e+09
1.591683626307229996e+09
1.591683626505722046e+09
1.591683626705878973e+09
1.591683626903501987e+09
1.591683627105874062e+09
1.591683627306575060e+09
1.591683627505594969e+09
1.591683627707034111e+09
1.591683627907219887e+09
1.591683628103962898e+09
1.591683628306801081e+09
1.591683628506517887e+09
1.591683628705343962e+09
1.591683628907036066e+09
1.591683629106429100e+09
1.591683629305885077e+09
1.591683629504389048e+09
1.591683629704196930e+09
1.591683629904892921e+09
1.591683630105458021e+09
1.591683630303118944e+09
1.591683630505074978e+09
1.591683630703576088e+09
1.591683630905010939e+09
1.591683631107753038e+09
1.591683631303735971e+09
1.591683652477118015e+09
1.591683652820868969e+09
1.591683652892570019e+09
1.591683653078897953e+09
1.591683653280725956e+09
1.591683653481045008e+09
1.591683653680497885e+09
1.591683653878518105e+09
1.591683654080301046e+09
1.591683654279913902e+09
1.591683654479844093e+09
1.591683654679447889e+09
1.591683654877727985e+09
1.591683655080051899e+09
1.591683655279323101e+09
1.591683655480703115e+09
1.591683655680675030e+09
1.591683655879693985e+09
1.591683656079349995e+09
1.591683656277779102e+09
1.591683656477844000e+09
1.591683656681197882e+09
1.591683656877465963e+09
1.591683657077852964e+09
1.591683657277700901e+09
1.591683657478056908e+09
1.591683657817033052e+09
1.591683657899606943e+09
1.591683658076076984e+09
1.591683658275688887e+09
1.591683658478193045e+09
1.591683658676314116e+09
1.591683658876133919e+09
1.591683659075829983e+09
1.591683659277247906e+09
1.591683659476979017e+09
1.591683659678529024e+09
1.591683659878509045e+09
1.591683660076356888e+09
1.591683660276367903e+09
1.591683660478048086e+09
1.591683660678473949e+09
1.591683660879067898e+09
1.591683661078224897e+09
1.591683661277249098e+09
1.591683661475771904e+09
1.591683661676984072e+09
1.591683661875665903e+09
1.591683662077074051e+09
1.591683662274775982e+09
1.591683683585433960e+09
1.591683683662785053e+09
1.591683683852823019e+09
1.591683684050622940e+09
1.591683684252999067e+09
1.591683684452939034e+09
1.591683684653211117e+09
1.591683684853125095e+09
1.591683685053316116e+09
1.591683685253026962e+09
1.591683685452867985e+09
1.591683685651031017e+09
1.591683685851378918e+09
1.591683686048959970e+09
1.591683686249293089e+09
1.591683686449470997e+09
1.591683686649683952e+09
1.591683686849292040e+09
1.591683687051619053e+09
1.591683687249422073e+09
1.591683687452044964e+09
1.591683687651465893e+09
1.591683687852001905e+09
1.591683688051647902e+09
1.591683688250107050e+09
1.591683688588006973e+09
1.591683688674616098e+09
1.591683688850136042e+09
1.591683689051240921e+09
1.591683689250225067e+09
1.591683689449949980e+09
1.591683689650597095e+09
1.591683689849896908e+09
1.591683690050272942e+09
1.591683690248040915e+09
1.591683690450526953e+09
1.591683690647953987e+09
1.591683690848611116e+09
1.591683691048141003e+09
1.591683691248486996e+09
1.591683691450829029e+09
1.591683691649164915e+09
1.591683691851253033e+09
1.591683692051270962e+09
1.591683692246676922e+09
1.591683692447525024e+09
1.591683692648998976e+09
1.591683692849405050e+09
1.591683693047343969e+09
1.591683693249667883e+09
1.591683778343620062e+09
1.591683778551924944e+09
1.591683778751848936e+09
1.591683778951833010e+09
1.591683779148704052e+09
1.591683779351928949e+09
1.591683779550012112e+09
1.591683779750252962e+09
1.591683779948030949e+09
1.591683780150295973e+09
1.591683780348151922e+09
1.591683780548157930e+09
1.591683780747922897e+09
1.591683780950136900e+09
1.591683781150298119e+09
1.591683781350533009e+09
1.591683781548463106e+09
1.591683781748234987e+09
1.591683782065220118e+09
1.591683782161345005e+09
1.591683782348979950e+09
1.591683782548661947e+09
1.591683782748773098e+09
1.591683782949091911e+09
1.591683783148811102e+09
1.591683783346833944e+09
1.591683783549245119e+09
1.591683783749191046e+09
1.591683783949608088e+09
1.591683784146943092e+09
1.591683784347009897e+09
1.591683784548495054e+09
1.591683784749018908e+09
1.591683784946734905e+09
1.591683785150156021e+09
1.591683785349174023e+09
1.591683785548823118e+09
1.591683785748301029e+09
1.591683785948870897e+09
1.591683786148103952e+09
1.591683786349859953e+09
1.591683786548204899e+09
1.591683786749397039e+09
1.591683787087146044e+09
1.591683787182079077e+09
1.591683787347637892e+09
1.591683787546653032e+09
1.591683787748090982e+09
1.591683787948157072e+09
1.591683809110537052e+09
1.591683809321724892e+09
1.591683809521492004e+09
1.591683809722332954e+09
1.591683809923840046e+09
1.591683810122248888e+09
1.591683810324093103e+09
1.591683810522265911e+09
1.591683810722151041e+09
1.591683810924084902e+09
1.591683811122657061e+09
1.591683811320065022e+09
1.591683811520878077e+09
1.591683811720252037e+09
1.591683811919898987e+09
1.591683812120248079e+09
1.591683812322319984e+09
1.591683812520107985e+09
1.591683812722460985e+09
1.591683812922148943e+09
1.591683813122708082e+09
1.591683813322215080e+09
1.591683813521615028e+09
1.591683813722856045e+09
1.591683813921673059e+09
1.591683814121211052e+09
1.591683814321384907e+09
1.591683814521363974e+09
1.591683814720120907e+09
1.591683814918994904e+09
1.591683815121009111e+09
1.591683815321716070e+09
1.591683815519278049e+09
1.591683815722410917e+09
1.591683815919183016e+09
1.591683816119467974e+09
1.591683816320880890e+09
1.591683816519124031e+09
1.591683816719412088e+09
1.591683816921030998e+09
1.591683817120788097e+09
1.591683817320466995e+09
1.591683817521279097e+09
1.591683817856503010e+09
1.591683817956903934e+09
1.591683818119669914e+09
1.591683818320072889e+09
1.591683818519790888e+09
1.591683818718305111e+09
1.591683818917656898e+09
1.591683861455266953e+09
1.591683861668781042e+09
1.591683861873203993e+09
1.591683862069629908e+09
1.591683862271126032e+09
1.591683862469042063e+09
1.591683862670248985e+09
1.591683862870263100e+09
1.591683863068897963e+09
1.591683863271244049e+09
1.591683863466820955e+09
1.591683863669323921e+09
1.591683864008764982e+09
1.591683864119916916e+09
1.591683864268999100e+09
1.591683864469264030e+09
1.591683864669462919e+09
1.591683864867547035e+09
1.591683865069103003e+09
1.591683865266906023e+09
1.591683865470093966e+09
1.591683865667289972e+09
1.591683865868655920e+09
1.591683866069423914e+09
1.591683866269076109e+09
1.591683866467648983e+09
1.591683866668082952e+09
1.591683866866643906e+09
1.591683867068259001e+09
1.591683867265496969e+09
1.591683867466223001e+09
1.591683867666323900e+09
1.591683867866982937e+09
1.591683868065716028e+09
1.591683868265641928e+09
1.591683868469227076e+09
1.591683868666222095e+09
1.591683869012970924e+09
1.591683869120102882e+09
1.591683869267586946e+09
1.591683869468297958e+09
1.591683869659782887e+09
1.591683869866288900e+09
1.591683870067002058e+09
1.591683870266791105e+09
1.591683870466747046e+09
1.591683870666469097e+09
1.591683870867614985e+09
1.591683871066863060e+09
1.591683892429876089e+09
1.591683892643287897e+09
1.591683892840835094e+09
1.591683893043366909e+09
1.591683893244764090e+09
1.591683893442914009e+09
1.591683893643383980e+09
1.591683893843056917e+09
1.591683894040338993e+09
1.591683894244777918e+09
1.591683894442203045e+09
1.591683894780920982e+09
1.591683894891352892e+09
1.591683895039392948e+09
1.591683895239285946e+09
1.591683895440818071e+09
1.591683895639858007e+09
1.591683895839490891e+09
1.591683896041620016e+09
1.591683896239994049e+09
1.591683896443181992e+09
1.591683896641968012e+09
1.591683896842324972e+09
1.591683897042171001e+09
1.591683897242719889e+09
1.591683897440834045e+09
1.591683897640155077e+09
1.591683897840121984e+09
1.591683898039886951e+09
1.591683898240087032e+09
1.591683898437964916e+09
1.591683898640773058e+09
1.591683898840585947e+09
1.591683899040900946e+09
1.591683899240762949e+09
1.591683899438497066e+09
1.591683899638896942e+09
1.591683899839423895e+09
1.591683900038841009e+09
1.591683900241029024e+09
1.591683900440809965e+09
1.591683900638235092e+09
1.591683900841576099e+09
1.591683901040136099e+09
1.591683901240529060e+09
1.591683901438982964e+09
1.591683901638909101e+09
1.591683901837032080e+09
1.591683902038907051e+09
1.591683923397949934e+09
1.591683923612433910e+09
1.591683923814351082e+09
1.591683924012290001e+09
1.591683924216905117e+09
1.591683924414067984e+09
1.591683924612286091e+09
1.591683924813982964e+09
1.591683925013585091e+09
1.591683925217003107e+09
1.591683925409621954e+09
1.591683925613809109e+09
1.591683925815274954e+09
1.591683926012924910e+09
1.591683926211694002e+09
1.591683926414741993e+09
1.591683926614110947e+09
1.591683926815479994e+09
1.591683927011771917e+09
1.591683927213695049e+09
1.591683927412700891e+09
1.591683927611507893e+09
1.591683927815989971e+09
1.591683928014780998e+09
1.591683928214143991e+09
1.591683928412497997e+09
1.591683928614166975e+09
1.591683928814223051e+09
1.591683929011379004e+09
1.591683929210839987e+09
1.591683929412786961e+09
1.591683929612052917e+09
1.591683929812237978e+09
1.591683930013484001e+09
1.591683930210630894e+09
1.591683930411649942e+09
1.591683930611217022e+09
1.591683930811007023e+09
1.591683931012820959e+09
1.591683931214236021e+09
1.591683931410218954e+09
1.591683931610888958e+09
1.591683931813359976e+09
1.591683932012464046e+09
1.591683932211941957e+09
1.591683932412019968e+09
1.591683932611958027e+09
1.591683932810502052e+09
1.591683933008810997e+09
1.591683954362987041e+09
1.591683954586298943e+09
1.591683954785739899e+09
1.591683954986924887e+09
1.591683955186027050e+09
1.591683955387336016e+09
1.591683955585628986e+09
1.591683955785132885e+09
1.591683955986406088e+09
1.591683956183470964e+09
1.591683956384692907e+09
1.591683956585467100e+09
1.591683956785969973e+09
1.591683956985903025e+09
1.591683957186851025e+09
1.591683957383728027e+09
1.591683957583194017e+09
1.591683957785300016e+09
1.591683957983084917e+09
1.591683958185986042e+09
1.591683958383968115e+09
1.591683958585726976e+09
1.591683958786417961e+09
1.591683958985774040e+09
1.591683959185934067e+09
1.591683959383817911e+09
1.591683959583143950e+09
1.591683959786581039e+09
1.591683959983910084e+09
1.591683960183865070e+09
1.591683960383480072e+09
1.591683960583827019e+09
1.591683960782192945e+09
1.591683960984008074e+09
1.591683961327508926e+09
1.591683961478607893e+09
1.591683961630434036e+09
1.591683961784873009e+09
1.591683961982361078e+09
1.591683962182877064e+09
1.591683962382683039e+09
1.591683962582218885e+09
1.591683962785001993e+09
1.591683962984544992e+09
1.591683963185856104e+09
1.591683963382909060e+09
1.591683963584321022e+09
1.591683963783952951e+09
1.591683963982440948e+09
1.591683985329866886e+09
1.591683985555938959e+09
1.591683985758784056e+09
1.591683985958451033e+09
1.591683986156042099e+09
1.591683986358153105e+09
1.591683986556134939e+09
1.591683986759347916e+09
1.591683986951481104e+09
1.591683987158860922e+09
1.591683987357217073e+09
1.591683987559551001e+09
1.591683987757257938e+09
1.591683987956640959e+09
1.591683988157538891e+09
1.591683988357630014e+09
1.591683988556324959e+09
1.591683988754894972e+09
1.591683988957591057e+09
1.591683989156946898e+09
1.591683989356225014e+09
1.591683989555183887e+09
1.591683989758176088e+09
1.591683989955128908e+09
1.591683990155492067e+09
1.591683990355674028e+09
1.591683990558851004e+09
1.591683990759538889e+09
1.591683990954286098e+09
1.591683991155849934e+09
1.591683991355237007e+09
1.591683991556479931e+09
1.591683991757126093e+09
1.591683992097754955e+09
1.591683992232184887e+09
1.591683992382826090e+09
1.591683992553634882e+09
1.591683992755547047e+09
1.591683992955849886e+09
1.591683993155991077e+09
1.591683993356043100e+09
1.591683993556382895e+09
1.591683993758158922e+09
1.591683993954576015e+09
1.591683994156382084e+09
1.591683994356746912e+09
1.591683994554037094e+09
1.591683994755305052e+09
1.591683994956160069e+09
1.591684016101002932e+09
1.591684016330252886e+09
1.591684016530227900e+09
1.591684016729037046e+09
1.591684016928570986e+09
1.591684017131567001e+09
1.591684017331520081e+09
1.591684017530554056e+09
1.591684017724827051e+09
1.591684017930370092e+09
1.591684018131005049e+09
1.591684018330415010e+09
1.591684018531565905e+09
1.591684018728646994e+09
1.591684018931313992e+09
1.591684019128428936e+09
1.591684019331686974e+09
1.591684019526891947e+09
1.591684019729696035e+09
1.591684019928323030e+09
1.591684020128508091e+09
1.591684020330573082e+09
1.591684020525866985e+09
1.591684020728317976e+09
1.591684020928759098e+09
1.591684021125236988e+09
1.591684021327512980e+09
1.591684021525420904e+09
1.591684021729163885e+09
1.591684021928555012e+09
1.591684022125086069e+09
1.591684022327222109e+09
1.591684022529294968e+09
1.591684022726000071e+09
1.591684022926083088e+09
1.591684023128225088e+09
1.591684023326622963e+09
1.591684023528518915e+09
1.591684023726360083e+09
1.591684023926377058e+09
1.591684024127795935e+09
1.591684024326298952e+09
1.591684024528816938e+09
1.591684024725280046e+09
1.591684024926852942e+09
1.591684025124646902e+09
1.591684025326678991e+09
1.591684025526592970e+09
1.591684025726070881e+09
1.591684025924658060e+09
1.591684047270267963e+09
1.591684047501195908e+09
1.591684047701616049e+09
1.591684047901693106e+09
1.591684048099416971e+09
1.591684048299000025e+09
1.591684048496875048e+09
1.591684048699937105e+09
1.591684048901870966e+09
1.591684049101356983e+09
1.591684049301636934e+09
1.591684049499677896e+09
1.591684049701566935e+09
1.591684049899111032e+09
1.591684050099450111e+09
1.591684050299669981e+09
1.591684050501142025e+09
1.591684050700777054e+09
1.591684050899765015e+09
1.591684051099530935e+09
1.591684051301188946e+09
1.591684051498815060e+09
1.591684051700426102e+09
1.591684051900911093e+09
1.591684052098840952e+09
1.591684052298692942e+09
1.591684052499243975e+09
1.591684052701509953e+09
1.591684052899368048e+09
1.591684053101226091e+09
1.591684053297157049e+09
1.591684053499797106e+09
1.591684053699007988e+09
1.591684053899458885e+09
1.591684054097593069e+09
1.591684054298949003e+09
1.591684054497953892e+09
1.591684054699496984e+09
1.591684054899605036e+09
1.591684055099411964e+09
1.591684055299143076e+09
1.591684055496992111e+09
1.591684055698695898e+09
1.591684055896701097e+09
1.591684056097549915e+09
1.591684056298465014e+09
1.591684056498332977e+09
1.591684056698496103e+09
1.591684056900111914e+09
1.591684078238622904e+09
1.591684078474488020e+09
1.591684078673996925e+09
1.591684078872265100e+09
1.591684079167727947e+09
1.591684079321661949e+09
1.591684079508040905e+09
1.591684079668935061e+09
1.591684079871166945e+09
1.591684080073029041e+09
1.591684080271565914e+09
1.591684080471494913e+09
1.591684080673928976e+09
1.591684080873375893e+09
1.591684081074497938e+09
1.591684081273591042e+09
1.591684081471910954e+09
1.591684081673131943e+09
1.591684081871682882e+09
1.591684082071927071e+09
1.591684082272469997e+09
1.591684082473243952e+09
1.591684082670042992e+09
1.591684082871668100e+09
1.591684083070656061e+09
1.591684083271553040e+09
1.591684083469383001e+09
1.591684083671716928e+09
1.591684083869997025e+09
1.591684084070439100e+09
1.591684084271111012e+09
1.591684084475166082e+09
1.591684084671750069e+09
1.591684084872116089e+09
1.591684085073385000e+09
1.591684085272311926e+09
1.591684085471124887e+09
1.591684085670779943e+09
1.591684085870450974e+09
1.591684086071158886e+09
1.591684086270215988e+09
1.591684086466669083e+09
1.591684086670734882e+09
1.591684086868629932e+09
1.591684087069987059e+09
1.591684087270891905e+09
1.591684087469968081e+09
1.591684087671060085e+09
1.591684087871483088e+09
1.591684109209137917e+09
1.591684109443227053e+09
1.591684109643500090e+09
1.591684109843568087e+09
1.591684110044553041e+09
1.591684110243592024e+09
1.591684110441428900e+09
1.591684110644133091e+09
1.591684110843498945e+09
1.591684111045557022e+09
1.591684111241566896e+09
1.591684111442205906e+09
1.591684111645214081e+09
1.591684111844165087e+09
1.591684112043992043e+09
1.591684112242376089e+09
1.591684112443842888e+09
1.591684112643969059e+09
1.591684112841842890e+09
1.591684113045840979e+09
1.591684113244867086e+09
1.591684113444595098e+09
1.591684113644030094e+09
1.591684113843089104e+09
1.591684114042893887e+09
1.591684114241600990e+09
1.591684114440067053e+09
1.591684114645479918e+09
1.591684114894961119e+09
1.591684115065999985e+09
1.591684115242130041e+09
1.591684115442014933e+09
1.591684115642975092e+09
1.591684115842186928e+09
1.591684116042222977e+09
1.591684116241832972e+09
1.591684116442094088e+09
1.591684116644907951e+09
1.591684116843637943e+09
1.591684117042469978e+09
1.591684117240367889e+09
1.591684117441699028e+09
1.591684117644097090e+09
1.591684117842369080e+09
1.591684118042176962e+09
1.591684118242696047e+09
1.591684118441368103e+09
1.591684118642680883e+09
1.591684118841325045e+09
1.591684139979932070e+09
1.591684140217808008e+09
1.591684140416413069e+09
1.591684140617372990e+09
1.591684140816631079e+09
1.591684141016663074e+09
1.591684141217998981e+09
1.591684141417608023e+09
1.591684141616832972e+09
1.591684141819202900e+09
1.591684142015450001e+09
1.591684142220191956e+09
1.591684142415446997e+09
1.591684142617602110e+09
1.591684142819176912e+09
1.591684143017956018e+09
1.591684143219793081e+09
1.591684143416553974e+09
1.591684143615091085e+09
1.591684143817015886e+09
1.591684144016788960e+09
1.591684144219605923e+09
1.591684144417104006e+09
1.591684144615880013e+09
1.591684144817565918e+09
1.591684145014930964e+09
1.591684145217102051e+09
1.591684145416244984e+09
1.591684145728987932e+09
1.591684145907180071e+09
1.591684146087752104e+09
1.591684146259110928e+09
1.591684146460818052e+09
1.591684146636348009e+09
1.591684146819401026e+09
1.591684147015763998e+09
1.591684147213536978e+09
1.591684147418792009e+09
1.591684147615668058e+09
1.591684147814670086e+09
1.591684148015384912e+09
1.591684148217986107e+09
1.591684148417294979e+09
1.591684148614893913e+09
1.591684148815851927e+09
1.591684149012737036e+09
1.591684149217452049e+09
1.591684149414505005e+09
1.591684149614701986e+09
1.591684149815205097e+09
1.591684171147974014e+09
1.591684171529901028e+09
1.591684171704943895e+09
1.591684171895011902e+09
1.591684172071994066e+09
1.591684172258274078e+09
1.591684172459011078e+09
1.591684172640032053e+09
1.591684172823007107e+09
1.591684173002119064e+09
1.591684173188127995e+09
1.591684173392942905e+09
1.591684173585659027e+09
1.591684173788721085e+09
1.591684173987592936e+09
1.591684174187520027e+09
1.591684174386799097e+09
1.591684174587901115e+09
1.591684174786591053e+09
1.591684174985586882e+09
1.591684175186479092e+09
1.591684175388276100e+09
1.591684175585797071e+09
1.591684175789361000e+09
1.591684175986470938e+09
1.591684176186861038e+09
1.591684176537568092e+09
1.591684176723594904e+09
1.591684176906147003e+09
1.591684177092065096e+09
1.591684177280836105e+09
1.591684177498210907e+09
1.591684177686150074e+09
1.591684177870718956e+09
1.591684178056921005e+09
1.591684178232952118e+09
1.591684178421396971e+09
1.591684178617352009e+09
1.591684178805614948e+09
1.591684178995460987e+09
1.591684179185619116e+09
1.591684179386249065e+09
1.591684179586858034e+09
1.591684179785267115e+09
1.591684179985233068e+09
1.591684180184148073e+09
1.591684180386989117e+09
1.591684180583297968e+09
1.591684180787115097e+09
1.591684202252041101e+09
1.591684202480109930e+09
1.591684202672610044e+09
1.591684202863656044e+09
1.591684203050550938e+09
1.591684203233740091e+09
1.591684203420995951e+09
1.591684203604003906e+09
1.591684203793344975e+09
1.591684203985956907e+09
1.591684204179377079e+09
1.591684204374442101e+09
1.591684204568214893e+09
1.591684204758321047e+09
1.591684204960455894e+09
1.591684205159991026e+09
1.591684205364675045e+09
1.591684205559652090e+09
1.591684205759773970e+09
1.591684205961198092e+09
1.591684206160152912e+09
1.591684206361738920e+09
1.591684206559173107e+09
1.591684206760902882e+09
1.591684206961484909e+09
1.591684207287343979e+09
1.591684207511038065e+09
1.591684207710391045e+09
1.591684207903992891e+09
1.591684208095360041e+09
1.591684208282743931e+09
1.591684208507256031e+09
1.591684208702662945e+09
1.591684208900949955e+09
1.591684209095165014e+09
1.591684209282522917e+09
1.591684209510934114e+09
1.591684209699080944e+09
1.591684209893718004e+09
1.591684210088596106e+09
1.591684210285485029e+09
1.591684210512012959e+09
1.591684210705166101e+09
1.591684210906122923e+09
1.591684211096693039e+09
1.591684211296245098e+09
1.591684211524822950e+09
1.591684211722167015e+09
1.591684233086405039e+09
1.591684233332340956e+09
1.591684233529093027e+09
1.591684233730986118e+09
1.591684233931050062e+09
1.591684234129966021e+09
1.591684234330003023e+09
1.591684234529854059e+09
1.591684234728108883e+09
1.591684234932456970e+09
1.591684235128487110e+09
1.591684235328438044e+09
1.591684235530116081e+09
1.591684235728895903e+09
1.591684235928869009e+09
1.591684236129486084e+09
1.591684236329210043e+09
1.591684236531038046e+09
1.591684236731385946e+09
1.591684236929960012e+09
1.591684237130012989e+09
1.591684237327105045e+09
1.591684237536464930e+09
1.591684237736846924e+09
1.591684237966425896e+09
1.591684238174705982e+09
1.591684238370385885e+09
1.591684238571173906e+09
1.591684238780379057e+09
1.591684238987078905e+09
1.591684239188163042e+09
1.591684239380352974e+09
1.591684239581197023e+09
1.591684239776905060e+09
1.591684239972385883e+09
1.591684240183336020e+09
1.591684240386368990e+09
1.591684240589992046e+09
1.591684240787729025e+09
1.591684240989845991e+09
1.591684241190634966e+09
1.591684241390053034e+09
1.591684241592107058e+09
1.591684241797317028e+09
1.591684241997610092e+09
1.591684242193895102e+09
1.591684242393192053e+09
1.591684242594641924e+09
1.591684263858234882e+09
1.591684264104439020e+09
1.591684264306581020e+09
1.591684264541405916e+09
1.591684264747606993e+09
1.591684264949448109e+09
1.591684265158314943e+09
1.591684265358259916e+09
1.591684265561400890e+09
1.591684265761147976e+09
1.591684265964523077e+09
1.591684266168256998e+09
1.591684266377043962e+09
1.591684266586622953e+09
1.591684266790519953e+09
1.591684266997121096e+09
1.591684267196544886e+09
1.591684267402884007e+09
1.591684267613146067e+09
1.591684267815938950e+09
1.591684268025410891e+09
1.591684268226567984e+09
1.591684268428513050e+09
1.591684268635436058e+09
1.591684268834598064e+09
1.591684269041225910e+09
1.591684269244687080e+09
1.591684269448349953e+09
1.591684269652942896e+09
1.591684269867785931e+09
1.591684270067923069e+09
1.591684270267822027e+09
1.591684270507253885e+09
1.591684270715636015e+09
1.591684270925389051e+09
1.591684271132602930e+09
1.591684271340853930e+09
1.591684271556523085e+09
1.591684271768536091e+09
1.591684271977210999e+09
1.591684272180592060e+09
1.591684272384958982e+09
1.591684272600594997e+09
1.591684272812990904e+09
1.591684273021553040e+09
1.591684273230076075e+09
1.591684273445570946e+09
1.591684294823502064e+09
1.591684295074776888e+09
1.591684295281568050e+09
1.591684295532594919e+09
1.591684295739104033e+09
1.591684295957180023e+09
1.591684296163666964e+09
1.591684296367784977e+09
1.591684296578839064e+09
1.591684296793703079e+09
1.591684296997976065e+09
1.591684297212296009e+09
1.591684297431219101e+09
1.591684297640604019e+09
1.591684297847220898e+09
1.591684298057168007e+09
1.591684298272156954e+09
1.591684298525573969e+09
1.591684298739540100e+09
1.591684298953142881e+09
1.591684299162070990e+09
1.591684299372160912e+09
1.591684299749248981e+09
1.591684299964015961e+09
1.591684300170438051e+09
1.591684300385097980e+09
1.591684300601803064e+09
1.591684300817195892e+09
1.591684301031160116e+09
1.591684301246146917e+09
1.591684301458012104e+09
1.591684301671605110e+09
1.591684301886321068e+09
1.591684302098288059e+09
1.591684302312321901e+09
1.591684302542735100e+09
1.591684302759562016e+09
1.591684302972829103e+09
1.591684303197192907e+09
1.591684303415021896e+09
1.591684303634265900e+09
1.591684303852895021e+09
1.591684304067193031e+09
1.591684304281635046e+09
1.591684325593482971e+09
1.591684325848086119e+09
1.591684326058793068e+09
1.591684326274504900e+09
1.591684326525635004e+09
1.591684326738480091e+09
1.591684326964426041e+09
1.591684327175426960e+09
1.591684327397156000e+09
1.591684327625222921e+09
1.591684327837287903e+09
1.591684328056525946e+09
1.591684328275238991e+09
1.591684328532666922e+09
1.591684328748382092e+09
1.591684328963983059e+09
1.591684329177706957e+09
1.591684329390572071e+09
1.591684329609235048e+09
1.591684329824160099e+09
1.591684330044200897e+09
1.591684330391333103e+09
1.591684330622191906e+09
1.591684330843636036e+09
1.591684331063065052e+09
1.591684331284837961e+09
1.591684331538713932e+09
1.591684331758043051e+09
1.591684331977533102e+09
1.591684332196099043e+09
1.591684332416424036e+09
1.591684332640938044e+09
1.591684332870270014e+09
1.591684333098160028e+09
1.591684333318891048e+09
1.591684333551289082e+09
1.591684333780777931e+09
1.591684334002846956e+09
1.591684334229815006e+09
1.591684334454417944e+09
1.591684334690042973e+09
1.591684334913943052e+09
1.591684335140826941e+09
1.591684356761756897e+09
1.591684357017679930e+09
1.591684357238358021e+09
1.591684357457894087e+09
1.591684357687067032e+09
1.591684357907898903e+09
1.591684358132245064e+09
1.591684358361160040e+09
1.591684358587663889e+09
1.591684358809561014e+09
1.591684359030642986e+09
1.591684359258335114e+09
1.591684359517153025e+09
1.591684359747818947e+09
1.591684359967219114e+09
1.591684360191735983e+09
1.591684360421866894e+09
1.591684360648780107e+09
1.591684360871738911e+09
1.591684361249332905e+09
1.591684361498754978e+09
1.591684361731364965e+09
1.591684361962798119e+09
1.591684362189984083e+09
1.591684362414994955e+09
1.591684362647475004e+09
1.591684362877260923e+09
1.591684363100754023e+09
1.591684363327249050e+09
1.591684363554672003e+09
1.591684363783051014e+09
1.591684364007875919e+09
1.591684364248405933e+09
1.591684364509141922e+09
1.591684364735712051e+09
1.591684364959311962e+09
1.591684365188030005e+09
1.591684365418637037e+09
1.591684365653160095e+09
1.591684365880254030e+09
1.591684366256448984e+09
1.591684387731216908e+09
1.591684387988208055e+09
1.591684388215959072e+09
1.591684388447766066e+09
1.591684388673217058e+09
1.591684388913605928e+09
1.591684389154896975e+09
1.591684389382106066e+09
1.591684389616833925e+09
1.591684389846654892e+09
1.591684390080212116e+09
1.591684390309451103e+09
1.591684390564310074e+09
1.591684390805556059e+09
1.591684391035218954e+09
1.591684391268207073e+09
1.591684391539613008e+09
1.591684391918246031e+09
1.591684392149647951e+09
1.591684392385992050e+09
1.591684392620364904e+09
1.591684392850555897e+09
1.591684393083375931e+09
1.591684393307681084e+09
1.591684393568147898e+09
1.591684393800199032e+09
1.591684394027775049e+09
1.591684394261307001e+09
1.591684394519751072e+09
1.591684394755531073e+09
1.591684394984962940e+09
1.591684395226582050e+09
1.591684395463335991e+09
1.591684395688827038e+09
1.591684395925540924e+09
1.591684396153321028e+09
1.591684396388772964e+09
1.591684396629491091e+09
1.591684396857501984e+09
1.591684397090562105e+09
1.591684397321007967e+09
1.591684418699214935e+09
1.591684418955399990e+09
1.591684419185607910e+09
1.591684419416548967e+09
1.591684419656451941e+09
1.591684419884882927e+09
1.591684420114386082e+09
1.591684420350142002e+09
1.591684420594214916e+09
1.591684420827877998e+09
1.591684421063090086e+09
1.591684421297657967e+09
1.591684421554913044e+09
1.591684421794488907e+09
1.591684422034672022e+09
1.591684422268444061e+09
1.591684422682101965e+09
1.591684422914824009e+09
1.591684423145872116e+09
1.591684423376081944e+09
1.591684423619366884e+09
1.591684423851522923e+09
1.591684424085401058e+09
1.591684424319961071e+09
1.591684424559741974e+09
1.591684424797383070e+09
1.591684425037265062e+09
1.591684425277264118e+09
1.591684425544836044e+09
1.591684425784483910e+09
1.591684426029427052e+09
1.591684426266066074e+09
1.591684426533735991e+09
1.591684426766849995e+09
1.591684426997181892e+09
1.591684427235310078e+09
1.591684427566356897e+09
1.591684427812583923e+09
1.591684428044150114e+09
1.591684428278742075e+09
1.591684449671690941e+09
1.591684449925921917e+09
1.591684450158612013e+09
1.591684450399161100e+09
1.591684450640938044e+09
1.591684450881556034e+09
1.591684451116904974e+09
1.591684451355808973e+09
1.591684451596060038e+09
1.591684451841185093e+09
1.591684452089984894e+09
1.591684452327333927e+09
1.591684452575794935e+09
1.591684452821110964e+09
1.591684453066277027e+09
1.591684453448313951e+09
1.591684453694921970e+09
1.591684453938987017e+09
1.591684454183161974e+09
1.591684454418811083e+09
1.591684454663876057e+09
1.591684454899784088e+09
1.591684455140748978e+09
1.591684455384759903e+09
1.591684455636528015e+09
1.591684455881216049e+09
1.591684456121155024e+09
1.591684456361094952e+09
1.591684456600951910e+09
1.591684456837301016e+09
1.591684457076961040e+09
1.591684457318027020e+09
1.591684457569705009e+09
1.591684457812838078e+09
1.591684458058182955e+09
1.591684458449575901e+09
1.591684458701956987e+09
1.591684458951802969e+09
1.591684459199804068e+09
1.591684480433727980e+09
1.591684480704463005e+09
1.591684480953275919e+09
1.591684481197994947e+09
1.591684481446726084e+09
1.591684481701750994e+09
1.591684481952811956e+09
1.591684482205509901e+09
1.591684482453753948e+09
1.591684482711704016e+09
1.591684482959939003e+09
1.591684483213121891e+09
1.591684483457868099e+09
1.591684483713643074e+09
1.591684484052702904e+09
1.591684484303741932e+09
1.591684484585017920e+09
1.591684484837933064e+09
1.591684485088215113e+09
1.591684485337385893e+09
1.591684485599359989e+09
1.591684485850788116e+09
1.591684486104639053e+09
1.591684486362060070e+09
1.591684486627533913e+09
1.591684486874479055e+09
1.591684487123541117e+09
1.591684487374763012e+09
1.591684487635457993e+09
1.591684487883070946e+09
1.591684488131532907e+09
1.591684488390223980e+09
1.591684488647779942e+09
1.591684488903068066e+09
1.591684489152904034e+09
1.591684489405755997e+09
1.591684489660859108e+09
1.591684489909223080e+09
1.591684490160213947e+09
1.591684511602313042e+09
1.591684511867974043e+09
1.591684512115078926e+09
1.591684512372108936e+09
1.591684512638457060e+09
1.591684512890702963e+09
1.591684513140292883e+09
1.591684513396025896e+09
1.591684513649537086e+09
1.591684513905978918e+09
1.591684514161031008e+09
1.591684514415920019e+09
1.591684514694689035e+09
1.591684514953324080e+09
1.591684515197845936e+09
1.591684515455666065e+09
1.591684515715097904e+09
1.591684515977040052e+09
1.591684516226605892e+09
1.591684516482552052e+09
1.591684516743356943e+09
1.591684516992257118e+09
1.591684517245852947e+09
1.591684517529505014e+09
1.591684517787270069e+09
1.591684518039143085e+09
1.591684518301172972e+09
1.591684518574024916e+09
1.591684518829113960e+09
1.591684519083621025e+09
1.591684519333658934e+09
1.591684519592875004e+09
1.591684520000458002e+09
1.591684520258626938e+09
1.591684520541640997e+09
1.591684520799814939e+09
1.591684521062700033e+09
1.591684542370057106e+09
1.591684542638398886e+09
1.591684542890995979e+09
1.591684543149733067e+09
1.591684543407212973e+09
1.591684543668860912e+09
1.591684543939826012e+09
1.591684544193237066e+09
1.591684544451723099e+09
1.591684544712183952e+09
1.591684544971457958e+09
1.591684545228018999e+09
1.591684545617502928e+09
1.591684545877701044e+09
1.591684546136605978e+09
1.591684546394469976e+09
1.591684546657567978e+09
1.591684546913470984e+09
1.591684547167819977e+09
1.591684547429178953e+09
1.591684547685920000e+09
1.591684547947514057e+09
1.591684548210402012e+09
1.591684548472481012e+09
1.591684548733479023e+09
1.591684548993735075e+09
1.591684549250619888e+09
1.591684549534003019e+09
1.591684549789894104e+09
1.591684550046281099e+09
1.591684550309964895e+09
1.591684550725246906e+09
1.591684550991641045e+09
1.591684551259454966e+09
1.591684551564708948e+09
1.591684551824930906e+09
1.591684552090559959e+09
1.591684573539191008e+09
1.591684573815831900e+09
1.591684574075607061e+09
1.591684574341255903e+09
1.591684574613703012e+09
1.591684574876364946e+09
1.591684575140624046e+09
1.591684575406821966e+09
1.591684575671653032e+09
1.591684575938306093e+09
1.591684576291327000e+09
1.591684576581197977e+09
1.591684576843478918e+09
1.591684577112517118e+09
1.591684577375231981e+09
1.591684577643384933e+09
1.591684577909209013e+09
1.591684578170097113e+09
1.591684578432507038e+09
1.591684578700757027e+09
1.591684578974841118e+09
1.591684579246870041e+09
1.591684579553895950e+09
1.591684579816566944e+09
1.591684580086906910e+09
1.591684580350151062e+09
1.591684580622349024e+09
1.591684580889794111e+09
1.591684581166891098e+09
1.591684581428117990e+09
1.591684581695075035e+09
1.591684581967935085e+09
1.591684582240008116e+09
1.591684582528944969e+09
1.591684582796632051e+09
1.591684583065959930e+09
1.591684604507450104e+09
1.591684604778049946e+09
1.591684605047113895e+09
1.591684605319607019e+09
1.591684605592544079e+09
1.591684605857162952e+09
1.591684606132294893e+09
1.591684606399535894e+09
1.591684606670186043e+09
1.591684606975485086e+09
1.591684607249247074e+09
1.591684607557972908e+09
1.591684607831290960e+09
1.591684608098321915e+09
1.591684608367166042e+09
1.591684608639750004e+09
1.591684608911693096e+09
1.591684609192013979e+09
1.591684609470922947e+09
1.591684609742851019e+09
1.591684610019228935e+09
1.591684610292085886e+09
1.591684610589648008e+09
1.591684610856046915e+09
1.591684611133652925e+09
1.591684611401045084e+09
1.591684611675009966e+09
1.591684611965660095e+09
1.591684612238811016e+09
1.591684612550558090e+09
1.591684612825879097e+09
1.591684613097318888e+09
1.591684613367873907e+09
1.591684613639110088e+09
1.591684613915796041e+09
1.591684614187613964e+09
1.591684656850364923e+09
1.591684657122840881e+09
1.591684657400348902e+09
1.591684657672826052e+09
1.591684657947525024e+09
1.591684658322526932e+09
1.591684658598144054e+09
1.591684658875807047e+09
1.591684659149099112e+09
1.591684659424354076e+09
1.591684659711049080e+09
1.591684659990377903e+09
1.591684660271260977e+09
1.591684660574774981e+09
1.591684660854935884e+09
1.591684661130686998e+09
1.591684661404687881e+09
1.591684661687623024e+09
1.591684661964999914e+09
1.591684662246606112e+09
1.591684662556935072e+09
1.591684662832621098e+09
1.591684663108479977e+09
1.591684663381838083e+09
1.591684663663167953e+09
1.591684663935226917e+09
1.591684664212461948e+09
1.591684664499536037e+09
1.591684664779457092e+09
1.591684665058753014e+09
1.591684665339082003e+09
1.591684665624247074e+09
1.591684665909173012e+09
1.591684666184004068e+09
1.591684666459484100e+09
1.591684687816883087e+09
1.591684688095242023e+09
1.591684688378588915e+09
1.591684688664310932e+09
1.591684688968689919e+09
1.591684689244673967e+09
1.591684689556453943e+09
1.591684689833791971e+09
1.591684690116307020e+09
1.591684690403619051e+09
1.591684690686681032e+09
1.591684690969750881e+09
1.591684691245532990e+09
1.591684691550668001e+09
1.591684691827533960e+09
1.591684692110011101e+09
1.591684692387758970e+09
1.591684692672898054e+09
1.591684692954216003e+09
1.591684693237021923e+09
1.591684693549087048e+09
1.591684693832005024e+09
1.591684694253142118e+09
1.591684694572448969e+09
1.591684694857166052e+09
1.591684695135234118e+09
1.591684695425698996e+09
1.591684695709470987e+09
1.591684695989752054e+09
1.591684696268479109e+09
1.591684696585346937e+09
1.591684696870421886e+09
1.591684697153215885e+09
1.591684697432879925e+09
1.591684718785650969e+09
1.591684719077183008e+09
1.591684719362200975e+09
1.591684719656291962e+09
1.591684719937129974e+09
1.591684720213331938e+09
1.591684720493575096e+09
1.591684720780014038e+09
1.591684721066241980e+09
1.591684721349293947e+09
1.591684721636192083e+09
1.591684721928451061e+09
1.591684722221019983e+09
1.591684722508332014e+09
1.591684722805299997e+09
1.591684723088300943e+09
1.591684723374315023e+09
1.591684723663311005e+09
1.591684723946902990e+09
1.591684724228442907e+09
1.591684724554739952e+09
1.591684724982832909e+09
1.591684725269602060e+09
1.591684725592314005e+09
1.591684725879424095e+09
1.591684726166431904e+09
1.591684726449661970e+09
1.591684726736032009e+09
1.591684727023097038e+09
1.591684727318845987e+09
1.591684727620982885e+09
1.591684727915716887e+09
1.591684728206259966e+09
1.591684728500138044e+09
1.591684749956099033e+09
1.591684750251291990e+09
1.591684750713557005e+09
1.591684751004569054e+09
1.591684751304184914e+09
1.591684751603686094e+09
1.591684751895370007e+09
1.591684752181533098e+09
1.591684752463823080e+09
1.591684752757479906e+09
1.591684753041675091e+09
1.591684753332912922e+09
1.591684753635615110e+09
1.591684753921387911e+09
1.591684754212774992e+09
1.591684754499270916e+09
1.591684754789495945e+09
1.591684755081382990e+09
1.591684755368750095e+09
1.591684755671156883e+09
1.591684755959652901e+09
1.591684756249105930e+09
1.591684756575223923e+09
1.591684756863261938e+09
1.591684757154504061e+09
1.591684757443310022e+09
1.591684757736819029e+09
1.591684758032015085e+09
1.591684758328577995e+09
1.591684758624969006e+09
1.591684758919639111e+09
1.591684759216957092e+09
1.591684759512484074e+09
1.591684780921749115e+09
1.591684781326714993e+09
1.591684781624583960e+09
1.591684781924340963e+09
1.591684782226056099e+09
1.591684782550590038e+09
1.591684782845930099e+09
1.591684783137659073e+09
1.591684783441303015e+09
1.591684783740427017e+09
1.591684784041099072e+09
1.591684784343125105e+09
1.591684784643938065e+09
1.591684784943483114e+09
1.591684785239181995e+09
1.591684785562798977e+09
1.591684785854831934e+09
1.591684786147067070e+09
1.591684786445343018e+09
1.591684786742455959e+09
1.591684787035792112e+09
1.591684787332181931e+09
1.591684787631843090e+09
1.591684787932781935e+09
1.591684788229846001e+09
1.591684788552750111e+09
1.591684788853137016e+09
1.591684789153084993e+09
1.591684789445282936e+09
1.591684789746464968e+09
1.591684790046529055e+09
1.591684790350346088e+09
1.591684790654886007e+09
1.591684812010412931e+09
1.591684812318896055e+09
1.591684812627135038e+09
1.591684812935376883e+09
1.591684813233422995e+09
1.591684813560997963e+09
1.591684813853909016e+09
1.591684814150934935e+09
1.591684814449285030e+09
1.591684814759210110e+09
1.591684815051597118e+09
1.591684815346317053e+09
1.591684815646461964e+09
1.591684815941018105e+09
1.591684816241559982e+09
1.591684816572184086e+09
1.591684816867664099e+09
1.591684817162744999e+09
1.591684817461548090e+09
1.591684817765706062e+09
1.591684818066390991e+09
1.591684818365971088e+09
1.591684818666996956e+09
1.591684818963747978e+09
1.591684819258599043e+09
1.591684819596013069e+09
1.591684819903595924e+09
1.591684820208522081e+09
1.591684820507528067e+09
1.591684820812758923e+09
1.591684821111799955e+09
1.591684821416197062e+09
1.591684821721048117e+09
1.591684843259556055e+09
1.591684843591677904e+09
1.591684843892935038e+09
1.591684844198271990e+09
1.591684844498044014e+09
1.591684844812912941e+09
1.591684845123600006e+09
1.591684845440433979e+09
1.591684845750885963e+09
1.591684846056687117e+09
1.591684846366883039e+09
1.591684846671688080e+09
1.591684846975739002e+09
1.591684847281840086e+09
1.591684847621614933e+09
1.591684848075526953e+09
1.591684848377639055e+09
1.591684848694916964e+09
1.591684849000034094e+09
1.591684849311767101e+09
1.591684849627131939e+09
1.591684849937405109e+09
1.591684850243616104e+09
1.591684850580707073e+09
1.591684850883941889e+09
1.591684851190722942e+09
1.591684851498600006e+09
1.591684851817163944e+09
1.591684852130487919e+09
1.591684852441339970e+09
1.591684852752365112e+09
1.591684874027626991e+09
1.591684874341767073e+09
1.591684874653309107e+09
1.591684874958825111e+09
1.591684875273725986e+09
1.591684875625998020e+09
1.591684875932996035e+09
1.591684876256097078e+09
1.591684876604526997e+09
1.591684876915083885e+09
1.591684877221720934e+09
1.591684877534018040e+09
1.591684877850836992e+09
1.591684878159631014e+09
1.591684878477382898e+09
1.591684878793307066e+09
1.591684879112293005e+09
1.591684879436894894e+09
1.591684879754823923e+09
1.591684880068253040e+09
1.591684880377657890e+09
1.591684880700778008e+09
1.591684881020240068e+09
1.591684881346580982e+09
1.591684881665863991e+09
1.591684881988785028e+09
1.591684882303750992e+09
1.591684882636147976e+09
1.591684882950975895e+09
1.591684883264851093e+09
1.591684883626583099e+09
1.591684905193627119e+09
1.591684905505738974e+09
1.591684905821640015e+09
1.591684906138501883e+09
1.591684906449618101e+09
1.591684906766494036e+09
1.591684907078624964e+09
1.591684907388581038e+09
1.591684907707566023e+09
1.591684908021886110e+09
1.591684908336940050e+09
1.591684908658632994e+09
1.591684908967995882e+09
1.591684909283406019e+09
1.591684909625636101e+09
1.591684909938235998e+09
1.591684910257987976e+09
1.591684910604849100e+09
1.591684910924144030e+09
1.591684911235821962e+09
1.591684911586595058e+09
1.591684911906049013e+09
1.591684912217099905e+09
1.591684912529809952e+09
1.591684912849559069e+09
1.591684913159364939e+09
1.591684913483082056e+09
1.591684913796123981e+09
1.591684914218710899e+09
1.591684914543802977e+09
1.591684935957619905e+09
1.591684936272634029e+09
1.591684936626581907e+09
1.591684936946135998e+09
1.591684937263906002e+09
1.591684937613713026e+09
1.591684937927349091e+09
1.591684938246611118e+09
1.591684938605894089e+09
1.591684938936913967e+09
1.591684939260874033e+09
1.591684939761573076e+09
1.591684940082668066e+09
1.591684940412034988e+09
1.591684940733742952e+09
1.591684941053755999e+09
1.591684941385310888e+09
1.591684941717012882e+09
1.591684942037458897e+09
1.591684942363200903e+09
1.591684942697519064e+09
1.591684943022978067e+09
1.591684943356353998e+09
1.591684943682952881e+09
1.591684944016113043e+09
1.591684944346528053e+09
1.591684944814059973e+09
1.591684945134426117e+09
1.591684945465579987e+09
1.591684966925232887e+09
1.591684967250003099e+09
1.591684967608719110e+09
1.591684967933911085e+09
1.591684968262923956e+09
1.591684968618377924e+09
1.591684968942974091e+09
1.591684969270389080e+09
1.591684969638148069e+09
1.591684969964549065e+09
1.591684970293476105e+09
1.591684970630486012e+09
1.591684970945538044e+09
1.591684971262465954e+09
1.591684971606703043e+09
1.591684971924000978e+09
1.591684972251765013e+09
1.591684972613032103e+09
1.591684972938481092e+09
1.591684973271789074e+09
1.591684973630048990e+09
1.591684973954080105e+09
1.591684974281459093e+09
1.591684974636905909e+09
1.591684974968076944e+09
1.591684975301752090e+09
1.591684975626988888e+09
1.591684975958451033e+09
1.591684976286180973e+09
1.591684976638667107e+09
1.591684997894671917e+09
1.591684998224004984e+09
1.591684998578471899e+09
1.591684998911859989e+09
1.591684999237906933e+09
1.591684999602622986e+09
1.591684999933713913e+09
1.591685000266577005e+09
1.591685000640470028e+09
1.591685000969747066e+09
1.591685001302733898e+09
1.591685001639507055e+09
1.591685001971611977e+09
1.591685002301234961e+09
1.591685002639211893e+09
1.591685002975459099e+09
1.591685003316992998e+09
1.591685003658972025e+09
1.591685003987807989e+09
1.591685004320066929e+09
1.591685004657253027e+09
1.591685004987912893e+09
1.591685005327866077e+09
1.591685005674063921e+09
1.591685006012181997e+09
1.591685006344091892e+09
1.591685006694725990e+09
1.591685007027626038e+09
1.591685007367228985e+09
1.591685007705080986e+09
1.591685029058765888e+09
1.591685029390845060e+09
1.591685029727551937e+09
1.591685030057219982e+09
1.591685030392774105e+09
1.591685030728646040e+09
1.591685031061407089e+09
1.591685031389199018e+09
1.591685031724989891e+09
1.591685032071113110e+09
1.591685032401427031e+09
1.591685032736413002e+09
1.591685033068044901e+09
1.591685033397758007e+09
1.591685033732420921e+09
1.591685034068947077e+09
1.591685034396140099e+09
1.591685034741588116e+09
1.591685035074290991e+09
1.591685035403476000e+09
1.591685035742050886e+09
1.591685036083224058e+09
1.591685036411524057e+09
1.591685036748747110e+09
1.591685037081568003e+09
1.591685037412060976e+09
1.591685037747828960e+09
1.591685038077790022e+09
1.591685038410669088e+09
1.591685038753063917e+09
1.591685060227972984e+09
1.591685060601969957e+09
1.591685060937688112e+09
1.591685061278162956e+09
1.591685061643157005e+09
1.591685061989881992e+09
1.591685062320537090e+09
1.591685062800187111e+09
1.591685063131155968e+09
1.591685063464929104e+09
1.591685063800046921e+09
1.591685064136094093e+09
1.591685064473414898e+09
1.591685064811436892e+09
1.591685065144738913e+09
1.591685065483653069e+09
1.591685065818172932e+09
1.591685066161746979e+09
1.591685066495644093e+09
1.591685066829911947e+09
1.591685067173809052e+09
1.591685067509789944e+09
1.591685067853070974e+09
1.591685068194029093e+09
1.591685068536523104e+09
1.591685068878082991e+09
1.591685069215806007e+09
1.591685069555881023e+09
1.591685069894393921e+09
1.591685091194350958e+09
1.591685091531047106e+09
1.591685091868736982e+09
1.591685092205233097e+09
1.591685092535088062e+09
1.591685092870795012e+09
1.591685093207310915e+09
1.591685093547513008e+09
1.591685093885736942e+09
1.591685094225455999e+09
1.591685094604196072e+09
1.591685094938241959e+09
1.591685095270903111e+09
1.591685095642952919e+09
1.591685095978688955e+09
1.591685096310705900e+09
1.591685096658104897e+09
1.591685096993737936e+09
1.591685097334584951e+09
1.591685097672513008e+09
1.591685098009361029e+09
1.591685098467921019e+09
1.591685098805675030e+09
1.591685099157582045e+09
1.591685099492250919e+09
1.591685099834024906e+09
1.591685100173665047e+09
1.591685100515224934e+09
1.591685100856781006e+09
1.591685122162017107e+09
1.591685122500626087e+09
1.591685122849385023e+09
1.591685123194657087e+09
1.591685123535125971e+09
1.591685123887932062e+09
1.591685124235847950e+09
1.591685124617578030e+09
1.591685124966984034e+09
1.591685125316662073e+09
1.591685125673896074e+09
1.591685126015279055e+09
1.591685126358855963e+09
1.591685126707597017e+09
1.591685127055663109e+09
1.591685127414405107e+09
1.591685127769459009e+09
1.591685128113528967e+09
1.591685128463138103e+09
1.591685128811984062e+09
1.591685129299105883e+09
1.591685129649693012e+09
1.591685129996606112e+09
1.591685130341572046e+09
1.591685130684535980e+09
1.591685131029635906e+09
1.591685131377878904e+09
1.591685131726023912e+09
1.591685153127970934e+09
1.591685153478955984e+09
1.591685153825208902e+09
1.591685154172943115e+09
1.591685154517642021e+09
1.591685155004286051e+09
1.591685155353199005e+09
1.591685155709047079e+09
1.591685156052932978e+09
1.591685156403259039e+09
1.591685156749380112e+09
1.591685157092592955e+09
1.591685157441664934e+09
1.591685157791562080e+09
1.591685158141092062e+09
1.591685158487564087e+09
1.591685158834894896e+09
1.591685159190112114e+09
1.591685159533216000e+09
1.591685160024123907e+09
1.591685160373830080e+09
1.591685160734366894e+09
1.591685161090055943e+09
1.591685161443115950e+09
1.591685161799732924e+09
1.591685162155591965e+09
1.591685162508389950e+09
1.591685162860086918e+09
1.591685184096904993e+09
1.591685184443394899e+09
1.591685184797815084e+09
1.591685185148312092e+09
1.591685185582003117e+09
1.591685185937540054e+09
1.591685186294559002e+09
1.591685186658405066e+09
1.591685187013828993e+09
1.591685187367681026e+09
1.591685187722745895e+09
1.591685188080178976e+09
1.591685188438215017e+09
1.591685188796195030e+09
1.591685189145941973e+09
1.591685189505511999e+09
1.591685189864051104e+09
1.591685190216286898e+09
1.591685190737219095e+09
1.591685191095958948e+09
1.591685191446938992e+09
1.591685191803845882e+09
1.591685192155495882e+09
1.591685192517121077e+09
1.591685192873253107e+09
1.591685193235236883e+09
1.591685193625475883e+09
1.591685193982264042e+09
1.591685215261204958e+09
1.591685215654642105e+09
1.591685216011532068e+09
1.591685216372484922e+09
1.591685216736489058e+09
1.591685217087227106e+09
1.591685217439703941e+09
1.591685217806117058e+09
1.591685218165359020e+09
1.591685218524966002e+09
1.591685218886531115e+09
1.591685219240860939e+09
1.591685219630348921e+09
1.591685220133896112e+09
1.591685220499350071e+09
1.591685220864537001e+09
1.591685221218478918e+09
1.591685221612025976e+09
1.591685221970635891e+09
1.591685222334691048e+09
1.591685222704169989e+09
1.591685223067816019e+09
1.591685223424216032e+09
1.591685223781976938e+09
1.591685224134351969e+09
1.591685224496686935e+09
1.591685224857068062e+09
1.591685246433958054e+09
1.591685246802352905e+09
1.591685247173382044e+09
1.591685247539913893e+09
1.591685247910341978e+09
1.591685248270497084e+09
1.591685248664128065e+09
1.591685249029098988e+09
1.591685249403134108e+09
1.591685249766139984e+09
1.591685250130667925e+09
1.591685250490015030e+09
1.591685250851994038e+09
1.591685251215234041e+09
1.591685251598377943e+09
1.591685251964762926e+09
1.591685252327004910e+09
1.591685252687194109e+09
1.591685253042310953e+09
1.591685253402733088e+09
1.591685253763206959e+09
1.591685254125037909e+09
1.591685254484213114e+09
1.591685254844268084e+09
1.591685255202893972e+09
1.591685255564220905e+09
1.591685255925735950e+09
1.591685277198698044e+09
1.591685277564827919e+09
1.591685277927069902e+09
1.591685278289268017e+09
1.591685278662561893e+09
1.591685279021836042e+09
1.591685279380389929e+09
1.591685279750924110e+09
1.591685280117460966e+09
1.591685280484626055e+09
1.591685280849185944e+09
1.591685281207662106e+09
1.591685281573368073e+09
1.591685281943150997e+09
1.591685282304843903e+09
1.591685282681133032e+09
1.591685283040832996e+09
1.591685283404601097e+09
1.591685283775382042e+09
1.591685284144145012e+09
1.591685284512643099e+09
1.591685284889962912e+09
1.591685285252773046e+09
1.591685285665456057e+09
1.591685286033060074e+09
1.591685286521949053e+09
1.591685286891990900e+09
1.591685308362260103e+09
1.591685308780031919e+09
1.591685309248099089e+09
1.591685309651331902e+09
1.591685310025821924e+09
1.591685310398049116e+09
1.591685310771430016e+09
1.591685311138762951e+09
1.591685311567812920e+09
1.591685311939562082e+09
1.591685312309048891e+09
1.591685312687778950e+09
1.591685313054358006e+09
1.591685313424534082e+09
1.591685313794883013e+09
1.591685314172065973e+09
1.591685314541106939e+09
1.591685314914555073e+09
1.591685315291481972e+09
1.591685315672468901e+09
1.591685316048639059e+09
1.591685316508614063e+09
1.591685316885318041e+09
1.591685317259794950e+09
1.591685317674577951e+09
1.591685318043581009e+09
1.591685339710527897e+09
1.591685340083859921e+09
1.591685340461977005e+09
1.591685340840054989e+09
1.591685341212682009e+09
1.591685341612052917e+09
1.591685341991117001e+09
1.591685342510507107e+09
1.591685342886698961e+09
1.591685343260139942e+09
1.591685343665036917e+09
1.591685344039000988e+09
1.591685344417922974e+09
1.591685344795665979e+09
1.591685345170214891e+09
1.591685345543934107e+09
1.591685345923058987e+09
1.591685346295284986e+09
1.591685346672617912e+09
1.591685347044272900e+09
1.591685347570210934e+09
1.591685347954502106e+09
1.591685348334692001e+09
1.591685348712946892e+09
1.591685349091046095e+09
1.591685370678662062e+09
1.591685371058379889e+09
1.591685371440027952e+09
1.591685371815639973e+09
1.591685372189068079e+09
1.591685372561691046e+09
1.591685372943789959e+09
1.591685373320276976e+09
1.591685373699153900e+09
1.591685374075241089e+09
1.591685374450052977e+09
1.591685374826376915e+09
1.591685375202950954e+09
1.591685375583204031e+09
1.591685375968029022e+09
1.591685376344711065e+09
1.591685376724466085e+09
1.591685377097793102e+09
1.591685377470063925e+09
1.591685377845341921e+09
1.591685378363693953e+09
1.591685378752893925e+09
1.591685379140197992e+09
1.591685379515783072e+09
1.591685379893619061e+09
1.591685380269285917e+09
1.591685401650142908e+09
1.591685402037878990e+09
1.591685402426408052e+09
1.591685402808557034e+09
1.591685403192200899e+09
1.591685403704073906e+09
1.591685404102763891e+09
1.591685404488750935e+09
1.591685404868382931e+09
1.591685405252464056e+09
1.591685405672862053e+09
1.591685406058125973e+09
1.591685406448915005e+09
1.591685406836313963e+09
1.591685407219537020e+09
1.591685407640777111e+09
1.591685408027146101e+09
1.591685408417702913e+09
1.591685408906061888e+09
1.591685409292917013e+09
1.591685409685830116e+09
1.591685410070116997e+09
1.591685410459414959e+09
1.591685410846246958e+09
1.591685411234293938e+09
