2.973900000000000077e+01
2.973900000000000077e+01
2.973900000000000077e+01
2.973900000000000077e+01
2.973900000000000077e+01
2.973999999999999844e+01
2.974399999999999977e+01
2.978200000000000003e+01
2.977499999999999858e+01
2.977400000000000091e+01
2.977400000000000091e+01
2.977400000000000091e+01
2.977400000000000091e+01
2.977400000000000091e+01
2.977400000000000091e+01
2.977400000000000091e+01
2.977599999999999980e+01
2.978099999999999881e+01
2.981500000000000128e+01
2.981099999999999994e+01
2.981099999999999994e+01
2.981099999999999994e+01
2.981099999999999994e+01
2.981099999999999994e+01
2.981099999999999994e+01
2.981099999999999994e+01
2.981099999999999994e+01
2.981400000000000006e+01
2.982100000000000151e+01
2.984900000000000020e+01
2.984799999999999898e+01
2.984799999999999898e+01
2.984799999999999898e+01
2.984799999999999898e+01
2.984799999999999898e+01
2.984799999999999898e+01
2.984799999999999898e+01
2.984799999999999898e+01
2.985200000000000031e+01
2.985800000000000054e+01
2.988400000000000034e+01
2.988400000000000034e+01
2.988400000000000034e+01
2.988400000000000034e+01
2.988400000000000034e+01
2.988400000000000034e+01
2.988400000000000034e+01
2.988400000000000034e+01
2.988500000000000156e+01
2.988899999999999935e+01
2.992699999999999960e+01
2.992099999999999937e+01
2.992000000000000171e+01
2.992000000000000171e+01
2.992000000000000171e+01
2.992000000000000171e+01
2.992000000000000171e+01
2.992000000000000171e+01
2.992000000000000171e+01
2.992200000000000060e+01
2.992800000000000082e+01
2.996000000000000085e+01
2.995700000000000074e+01
2.995700000000000074e+01
2.995700000000000074e+01
2.995700000000000074e+01
2.995700000000000074e+01
2.995700000000000074e+01
2.995700000000000074e+01
2.995700000000000074e+01
2.995899999999999963e+01
2.996499999999999986e+01
2.999500000000000099e+01
2.999299999999999855e+01
2.999299999999999855e+01
2.999299999999999855e+01
2.999299999999999855e+01
2.999299999999999855e+01
2.999299999999999855e+01
2.999299999999999855e+01
2.999399999999999977e+01
2.999699999999999989e+01
3.003900000000000148e+01
3.003099999999999881e+01
3.002899999999999991e+01
3.002899999999999991e+01
3.002899999999999991e+01
3.002899999999999991e+01
3.002899999999999991e+01
3.002899999999999991e+01
3.002899999999999991e+01
3.003000000000000114e+01
3.003500000000000014e+01
3.007199999999999918e+01
3.006599999999999895e+01
3.006599999999999895e+01
3.006599999999999895e+01
3.006599999999999895e+01
3.006599999999999895e+01
3.006599999999999895e+01
3.006599999999999895e+01
3.006599999999999895e+01
3.006800000000000139e+01
3.007400000000000162e+01
3.010600000000000165e+01
3.010300000000000153e+01
3.010300000000000153e+01
3.010300000000000153e+01
3.010300000000000153e+01
3.010300000000000153e+01
3.010300000000000153e+01
3.010300000000000153e+01
3.010300000000000153e+01
3.010500000000000043e+01
3.011100000000000065e+01
3.014000000000000057e+01
3.013899999999999935e+01
3.013899999999999935e+01
3.013899999999999935e+01
3.013899999999999935e+01
3.013899999999999935e+01
3.013899999999999935e+01
3.013899999999999935e+01
3.013899999999999935e+01
3.014300000000000068e+01
3.018499999999999872e+01
3.017699999999999960e+01
3.017599999999999838e+01
3.017500000000000071e+01
3.017500000000000071e+01
3.017500000000000071e+01
3.017500000000000071e+01
3.017500000000000071e+01
3.017500000000000071e+01
3.017699999999999960e+01
3.018100000000000094e+01
3.021799999999999997e+01
3.021300000000000097e+01
3.021199999999999974e+01
3.021199999999999974e+01
3.021199999999999974e+01
3.021199999999999974e+01
3.021199999999999974e+01
3.021199999999999974e+01
3.021199999999999974e+01
3.021399999999999864e+01
3.021900000000000119e+01
3.025000000000000000e+01
3.024699999999999989e+01
3.036400000000000077e+01
3.035800000000000054e+01
3.035699999999999932e+01
3.035699999999999932e+01
3.035699999999999932e+01
3.035699999999999932e+01
3.035699999999999932e+01
3.035699999999999932e+01
3.035699999999999932e+01
3.035999999999999943e+01
3.036499999999999844e+01
3.039699999999999847e+01
3.039399999999999835e+01
3.039399999999999835e+01
3.039399999999999835e+01
3.039399999999999835e+01
3.039399999999999835e+01
3.039399999999999835e+01
3.039399999999999835e+01
3.039399999999999835e+01
3.039699999999999847e+01
3.040299999999999869e+01
3.043100000000000094e+01
3.042999999999999972e+01
3.042999999999999972e+01
3.042999999999999972e+01
3.042999999999999972e+01
3.042999999999999972e+01
3.042999999999999972e+01
3.042999999999999972e+01
3.043100000000000094e+01
3.043499999999999872e+01
3.047599999999999909e+01
3.046799999999999997e+01
3.046699999999999875e+01
3.046699999999999875e+01
3.046699999999999875e+01
3.046699999999999875e+01
3.046699999999999875e+01
3.046699999999999875e+01
3.046699999999999875e+01
3.046799999999999997e+01
3.047299999999999898e+01
3.050799999999999912e+01
3.050300000000000011e+01
3.050199999999999889e+01
3.050199999999999889e+01
3.050199999999999889e+01
3.050199999999999889e+01
3.050199999999999889e+01
3.050199999999999889e+01
3.050499999999999901e+01
3.051099999999999923e+01
3.054100000000000037e+01
3.053800000000000026e+01
3.053800000000000026e+01
3.053800000000000026e+01
3.053800000000000026e+01
3.053800000000000026e+01
3.053800000000000026e+01
3.053800000000000026e+01
3.053800000000000026e+01
3.054100000000000037e+01
3.054700000000000060e+01
3.057400000000000162e+01
3.057300000000000040e+01
3.057300000000000040e+01
3.057300000000000040e+01
3.057300000000000040e+01
3.057300000000000040e+01
3.057300000000000040e+01
3.057300000000000040e+01
3.057499999999999929e+01
3.057999999999999829e+01
3.061899999999999977e+01
3.061299999999999955e+01
3.061199999999999832e+01
3.061199999999999832e+01
3.061199999999999832e+01
3.061199999999999832e+01
3.061199999999999832e+01
3.061199999999999832e+01
3.061199999999999832e+01
3.061400000000000077e+01
3.062000000000000099e+01
3.065099999999999980e+01
3.064799999999999969e+01
3.064799999999999969e+01
3.064799999999999969e+01
3.064799999999999969e+01
3.064799999999999969e+01
3.064799999999999969e+01
3.064799999999999969e+01
3.064900000000000091e+01
3.065200000000000102e+01
3.065899999999999892e+01
3.068599999999999994e+01
3.068599999999999994e+01
3.068599999999999994e+01
3.068599999999999994e+01
3.068599999999999994e+01
3.068599999999999994e+01
3.068599999999999994e+01
3.068599999999999994e+01
3.068700000000000117e+01
3.069200000000000017e+01
3.072800000000000153e+01
3.072200000000000131e+01
3.072200000000000131e+01
3.072200000000000131e+01
3.072200000000000131e+01
3.072200000000000131e+01
3.072200000000000131e+01
3.072200000000000131e+01
3.072200000000000131e+01
3.072400000000000020e+01
3.073100000000000165e+01
3.076000000000000156e+01
3.075799999999999912e+01
3.075799999999999912e+01
3.075799999999999912e+01
3.075799999999999912e+01
3.075799999999999912e+01
3.075799999999999912e+01
3.075799999999999912e+01
3.075799999999999912e+01
3.076200000000000045e+01
3.080399999999999849e+01
3.079599999999999937e+01
3.079500000000000171e+01
3.079400000000000048e+01
3.079400000000000048e+01
3.079400000000000048e+01
3.079400000000000048e+01
3.079400000000000048e+01
3.079400000000000048e+01
3.079599999999999937e+01
3.080099999999999838e+01
3.083599999999999852e+01
3.083099999999999952e+01
3.083099999999999952e+01
3.083099999999999952e+01
3.083099999999999952e+01
3.083099999999999952e+01
3.083099999999999952e+01
3.083099999999999952e+01
3.083099999999999952e+01
3.083500000000000085e+01
3.084199999999999875e+01
3.087000000000000099e+01
3.097700000000000031e+01
3.097599999999999909e+01
3.097599999999999909e+01
3.097599999999999909e+01
3.097599999999999909e+01
3.097599999999999909e+01
3.097599999999999909e+01
3.097599999999999909e+01
3.097599999999999909e+01
3.098100000000000165e+01
3.102199999999999847e+01
3.101500000000000057e+01
3.101399999999999935e+01
3.101399999999999935e+01
3.101399999999999935e+01
3.101399999999999935e+01
3.101399999999999935e+01
3.101399999999999935e+01
3.101399999999999935e+01
3.101599999999999824e+01
3.102199999999999847e+01
3.105300000000000082e+01
3.105000000000000071e+01
3.105000000000000071e+01
3.105000000000000071e+01
3.105000000000000071e+01
3.105000000000000071e+01
3.105000000000000071e+01
3.105000000000000071e+01
3.105000000000000071e+01
3.105300000000000082e+01
3.105900000000000105e+01
3.108599999999999852e+01
3.108500000000000085e+01
3.108500000000000085e+01
3.108500000000000085e+01
3.108500000000000085e+01
3.108500000000000085e+01
3.108500000000000085e+01
3.108500000000000085e+01
3.108599999999999852e+01
3.109100000000000108e+01
3.112900000000000134e+01
3.112300000000000111e+01
3.112199999999999989e+01
3.112199999999999989e+01
3.112199999999999989e+01
3.112199999999999989e+01
3.112199999999999989e+01
3.112199999999999989e+01
3.112199999999999989e+01
3.112399999999999878e+01
3.112999999999999901e+01
3.116000000000000014e+01
3.115800000000000125e+01
3.115700000000000003e+01
3.115700000000000003e+01
3.115700000000000003e+01
3.115700000000000003e+01
3.115700000000000003e+01
3.115700000000000003e+01
3.115800000000000125e+01
3.116100000000000136e+01
3.116799999999999926e+01
3.119500000000000028e+01
3.119399999999999906e+01
3.119399999999999906e+01
3.119399999999999906e+01
3.119399999999999906e+01
3.119399999999999906e+01
3.119399999999999906e+01
3.119399999999999906e+01
3.119500000000000028e+01
3.119999999999999929e+01
3.123499999999999943e+01
3.123000000000000043e+01
3.122899999999999920e+01
3.122899999999999920e+01
3.122899999999999920e+01
3.122899999999999920e+01
3.122899999999999920e+01
3.122899999999999920e+01
3.122899999999999920e+01
3.123199999999999932e+01
3.123999999999999844e+01
3.127100000000000080e+01
3.126899999999999835e+01
3.126899999999999835e+01
3.126899999999999835e+01
3.126899999999999835e+01
3.126899999999999835e+01
3.126899999999999835e+01
3.126899999999999835e+01
3.126999999999999957e+01
3.127299999999999969e+01
3.127899999999999991e+01
3.130399999999999849e+01
3.130399999999999849e+01
3.130399999999999849e+01
3.130399999999999849e+01
3.130399999999999849e+01
3.130399999999999849e+01
3.130399999999999849e+01
3.130399999999999849e+01
3.130499999999999972e+01
3.130999999999999872e+01
3.134499999999999886e+01
3.133999999999999986e+01
3.133999999999999986e+01
3.133999999999999986e+01
3.133899999999999864e+01
3.133899999999999864e+01
3.133899999999999864e+01
3.133899999999999864e+01
3.133899999999999864e+01
3.134199999999999875e+01
3.134900000000000020e+01
3.137699999999999889e+01
3.137500000000000000e+01
3.137500000000000000e+01
3.137500000000000000e+01
3.137500000000000000e+01
3.137500000000000000e+01
3.137500000000000000e+01
3.137500000000000000e+01
3.137600000000000122e+01
3.137999999999999901e+01
3.142000000000000171e+01
3.141300000000000026e+01
3.141199999999999903e+01
3.141199999999999903e+01
3.141199999999999903e+01
3.141199999999999903e+01
3.141199999999999903e+01
3.141199999999999903e+01
3.141199999999999903e+01
3.141400000000000148e+01
3.142000000000000171e+01
3.145599999999999952e+01
3.145200000000000173e+01
3.145100000000000051e+01
3.145100000000000051e+01
3.145100000000000051e+01
3.145100000000000051e+01
3.145100000000000051e+01
3.145100000000000051e+01
3.145200000000000173e+01
3.145400000000000063e+01
3.146000000000000085e+01
3.156800000000000139e+01
3.159700000000000131e+01
3.159600000000000009e+01
3.159600000000000009e+01
3.159600000000000009e+01
3.159600000000000009e+01
3.159600000000000009e+01
3.159600000000000009e+01
3.159600000000000009e+01
3.159700000000000131e+01
3.160099999999999909e+01
3.163899999999999935e+01
3.163299999999999912e+01
3.163200000000000145e+01
3.163200000000000145e+01
3.163200000000000145e+01
3.163200000000000145e+01
3.163200000000000145e+01
3.163200000000000145e+01
3.163200000000000145e+01
3.163400000000000034e+01
3.164099999999999824e+01
3.167099999999999937e+01
3.166799999999999926e+01
3.166799999999999926e+01
3.166799999999999926e+01
3.166799999999999926e+01
3.166799999999999926e+01
3.166799999999999926e+01
3.166799999999999926e+01
3.166900000000000048e+01
3.167200000000000060e+01
3.167800000000000082e+01
3.170499999999999829e+01
3.170400000000000063e+01
3.170400000000000063e+01
3.170400000000000063e+01
3.170400000000000063e+01
3.170400000000000063e+01
3.170400000000000063e+01
3.170400000000000063e+01
3.170499999999999829e+01
3.171000000000000085e+01
3.174599999999999866e+01
3.173999999999999844e+01
3.173900000000000077e+01
3.173900000000000077e+01
3.173900000000000077e+01
3.173900000000000077e+01
3.173900000000000077e+01
3.173900000000000077e+01
3.173900000000000077e+01
3.174200000000000088e+01
3.174899999999999878e+01
3.177899999999999991e+01
3.177700000000000102e+01
3.177700000000000102e+01
3.177700000000000102e+01
3.177700000000000102e+01
3.177700000000000102e+01
3.177700000000000102e+01
3.177700000000000102e+01
3.177799999999999869e+01
3.178099999999999881e+01
3.178699999999999903e+01
3.181299999999999883e+01
3.181200000000000117e+01
3.181200000000000117e+01
3.181200000000000117e+01
3.181200000000000117e+01
3.181200000000000117e+01
3.181200000000000117e+01
3.181200000000000117e+01
3.181299999999999883e+01
3.181800000000000139e+01
3.185399999999999920e+01
3.184900000000000020e+01
3.184799999999999898e+01
3.184799999999999898e+01
3.184799999999999898e+01
3.184799999999999898e+01
3.184799999999999898e+01
3.184799999999999898e+01
3.184900000000000020e+01
3.185200000000000031e+01
3.185800000000000054e+01
3.188599999999999923e+01
3.188500000000000156e+01
3.188500000000000156e+01
3.188500000000000156e+01
3.188500000000000156e+01
3.188500000000000156e+01
3.188500000000000156e+01
3.188500000000000156e+01
3.188500000000000156e+01
3.188899999999999935e+01
3.192999999999999972e+01
3.192299999999999827e+01
3.192099999999999937e+01
3.192099999999999937e+01
3.192099999999999937e+01
3.192099999999999937e+01
3.192099999999999937e+01
3.192099999999999937e+01
3.192099999999999937e+01
3.192299999999999827e+01
3.192800000000000082e+01
3.196099999999999852e+01
3.195700000000000074e+01
3.195700000000000074e+01
3.195700000000000074e+01
3.195700000000000074e+01
3.195700000000000074e+01
3.195700000000000074e+01
3.195700000000000074e+01
3.195700000000000074e+01
3.196099999999999852e+01
3.196799999999999997e+01
3.199500000000000099e+01
3.199399999999999977e+01
3.199399999999999977e+01
3.199399999999999977e+01
3.199399999999999977e+01
3.199399999999999977e+01
3.199399999999999977e+01
3.199399999999999977e+01
3.199500000000000099e+01
3.199899999999999878e+01
3.203799999999999670e+01
3.203199999999999648e+01
3.203000000000000114e+01
3.203000000000000114e+01
3.203000000000000114e+01
3.203000000000000114e+01
3.203000000000000114e+01
3.203000000000000114e+01
3.203099999999999881e+01
3.203300000000000125e+01
3.203900000000000148e+01
3.207200000000000273e+01
3.206900000000000261e+01
3.206900000000000261e+01
3.206900000000000261e+01
3.206900000000000261e+01
3.206900000000000261e+01
3.206900000000000261e+01
3.206900000000000261e+01
3.206900000000000261e+01
3.207200000000000273e+01
3.218099999999999739e+01
3.218800000000000239e+01
3.221500000000000341e+01
3.221500000000000341e+01
3.221500000000000341e+01
3.221500000000000341e+01
3.221399999999999864e+01
3.221399999999999864e+01
3.221399999999999864e+01
3.221399999999999864e+01
3.221500000000000341e+01
3.221999999999999886e+01
3.225800000000000267e+01
3.225200000000000244e+01
3.225099999999999767e+01
3.225099999999999767e+01
3.225099999999999767e+01
3.225099999999999767e+01
3.225099999999999767e+01
3.225099999999999767e+01
3.225099999999999767e+01
3.225399999999999778e+01
3.225999999999999801e+01
3.228999999999999915e+01
3.228699999999999903e+01
3.228699999999999903e+01
3.228699999999999903e+01
3.228699999999999903e+01
3.228699999999999903e+01
3.228699999999999903e+01
3.228699999999999903e+01
3.228799999999999670e+01
3.229099999999999682e+01
3.229800000000000182e+01
3.232399999999999807e+01
3.232300000000000040e+01
3.232300000000000040e+01
3.232300000000000040e+01
3.232300000000000040e+01
3.232300000000000040e+01
3.232300000000000040e+01
3.232300000000000040e+01
3.232500000000000284e+01
3.232999999999999829e+01
3.236699999999999733e+01
3.236399999999999721e+01
3.236399999999999721e+01
3.236299999999999955e+01
3.236099999999999710e+01
3.235900000000000176e+01
3.235799999999999699e+01
3.235799999999999699e+01
3.235900000000000176e+01
3.236299999999999955e+01
3.237100000000000222e+01
3.240299999999999869e+01
3.240200000000000102e+01
3.240200000000000102e+01
3.240100000000000335e+01
3.240100000000000335e+01
3.240100000000000335e+01
3.239999999999999858e+01
3.239999999999999858e+01
3.240100000000000335e+01
3.240400000000000347e+01
3.244299999999999784e+01
3.243599999999999994e+01
3.243399999999999750e+01
3.243399999999999750e+01
3.243299999999999983e+01
3.243299999999999983e+01
3.243299999999999983e+01
3.243299999999999983e+01
3.243299999999999983e+01
3.243500000000000227e+01
3.243999999999999773e+01
3.247399999999999665e+01
3.246999999999999886e+01
3.246900000000000119e+01
3.246900000000000119e+01
3.246900000000000119e+01
3.246900000000000119e+01
3.246800000000000352e+01
3.246800000000000352e+01
3.246800000000000352e+01
3.247099999999999653e+01
3.247800000000000153e+01
3.250600000000000023e+01
3.250399999999999778e+01
3.250399999999999778e+01
3.250399999999999778e+01
3.250399999999999778e+01
3.250399999999999778e+01
3.250399999999999778e+01
3.250399999999999778e+01
3.250500000000000256e+01
3.250900000000000034e+01
3.254899999999999949e+01
3.254299999999999926e+01
3.254200000000000159e+01
3.254200000000000159e+01
3.254200000000000159e+01
3.254200000000000159e+01
3.254200000000000159e+01
3.254200000000000159e+01
3.254200000000000159e+01
3.254399999999999693e+01
3.254999999999999716e+01
3.258200000000000074e+01
3.257800000000000296e+01
3.257800000000000296e+01
3.257800000000000296e+01
3.257800000000000296e+01
3.257800000000000296e+01
3.257800000000000296e+01
3.257800000000000296e+01
3.258100000000000307e+01
3.258700000000000330e+01
3.261699999999999733e+01
3.261500000000000199e+01
3.261399999999999721e+01
3.261399999999999721e+01
3.261399999999999721e+01
3.261399999999999721e+01
3.261399999999999721e+01
3.261399999999999721e+01
3.261599999999999966e+01
3.261999999999999744e+01
3.265699999999999648e+01
3.265200000000000102e+01
3.265100000000000335e+01
3.265100000000000335e+01
3.265100000000000335e+01
3.265100000000000335e+01
3.265100000000000335e+01
3.265100000000000335e+01
3.265100000000000335e+01
3.265400000000000347e+01
3.266100000000000136e+01
3.268900000000000006e+01
3.268699999999999761e+01
3.268699999999999761e+01
3.268699999999999761e+01
3.268699999999999761e+01
3.268699999999999761e+01
3.268699999999999761e+01
3.268699999999999761e+01
3.268900000000000006e+01
3.269500000000000028e+01
3.284400000000000119e+01
3.283800000000000097e+01
3.283599999999999852e+01
3.283400000000000318e+01
3.283299999999999841e+01
3.283200000000000074e+01
3.283100000000000307e+01
3.283100000000000307e+01
3.282999999999999829e+01
3.283299999999999841e+01
3.283899999999999864e+01
3.286599999999999966e+01
3.286299999999999955e+01
3.286099999999999710e+01
3.285999999999999943e+01
3.285900000000000176e+01
3.285799999999999699e+01
3.285799999999999699e+01
3.285799999999999699e+01
3.285900000000000176e+01
3.286500000000000199e+01
3.290500000000000114e+01
3.289999999999999858e+01
3.289999999999999858e+01
3.290100000000000335e+01
3.290100000000000335e+01
3.290200000000000102e+01
3.290200000000000102e+01
3.290299999999999869e+01
3.290400000000000347e+01
3.290800000000000125e+01
3.291599999999999682e+01
3.294400000000000261e+01
3.294299999999999784e+01
3.294299999999999784e+01
3.294299999999999784e+01
3.294299999999999784e+01
3.294299999999999784e+01
3.294299999999999784e+01
3.294299999999999784e+01
3.294500000000000028e+01
3.295100000000000051e+01
3.298499999999999943e+01
3.298100000000000165e+01
3.297999999999999687e+01
3.297999999999999687e+01
3.298100000000000165e+01
3.298100000000000165e+01
3.298100000000000165e+01
3.298100000000000165e+01
3.298100000000000165e+01
3.298499999999999943e+01
3.299199999999999733e+01
3.301700000000000301e+01
3.301599999999999824e+01
3.301599999999999824e+01
3.301599999999999824e+01
3.301599999999999824e+01
3.301599999999999824e+01
3.301599999999999824e+01
3.301700000000000301e+01
3.301899999999999835e+01
3.302499999999999858e+01
3.305499999999999972e+01
3.305299999999999727e+01
3.305199999999999960e+01
3.305199999999999960e+01
3.305199999999999960e+01
3.305199999999999960e+01
3.305199999999999960e+01
3.305199999999999960e+01
3.305299999999999727e+01
3.305799999999999983e+01
3.309599999999999653e+01
3.309000000000000341e+01
3.308899999999999864e+01
3.308899999999999864e+01
3.308899999999999864e+01
3.308899999999999864e+01
3.308899999999999864e+01
3.308899999999999864e+01
3.308899999999999864e+01
3.309199999999999875e+01
3.309899999999999665e+01
3.312800000000000011e+01
3.312599999999999767e+01
3.312599999999999767e+01
3.312599999999999767e+01
3.312599999999999767e+01
3.312599999999999767e+01
3.312599999999999767e+01
3.312599999999999767e+01
3.312800000000000011e+01
3.313300000000000267e+01
3.317000000000000171e+01
3.316599999999999682e+01
3.316499999999999915e+01
3.316499999999999915e+01
3.316499999999999915e+01
3.316499999999999915e+01
3.316499999999999915e+01
3.316499999999999915e+01
3.316499999999999915e+01
3.316799999999999926e+01
3.317499999999999716e+01
3.320199999999999818e+01
3.320100000000000051e+01
3.320100000000000051e+01
3.320100000000000051e+01
3.320100000000000051e+01
3.320100000000000051e+01
3.320100000000000051e+01
3.320100000000000051e+01
3.320199999999999818e+01
3.320799999999999841e+01
3.324199999999999733e+01
3.323799999999999955e+01
3.323799999999999955e+01
3.323799999999999955e+01
3.323799999999999955e+01
3.323799999999999955e+01
3.323799999999999955e+01
3.323799999999999955e+01
3.323899999999999721e+01
3.324300000000000210e+01
3.328300000000000125e+01
3.327600000000000335e+01
3.327400000000000091e+01
3.327400000000000091e+01
3.327400000000000091e+01
3.327400000000000091e+01
3.327400000000000091e+01
3.327400000000000091e+01
3.327400000000000091e+01
3.327600000000000335e+01
3.328199999999999648e+01
3.331300000000000239e+01
3.331099999999999994e+01
3.331000000000000227e+01
3.331000000000000227e+01
3.331000000000000227e+01
3.331000000000000227e+01
3.331000000000000227e+01
3.331000000000000227e+01
3.331099999999999994e+01
3.331499999999999773e+01
3.335399999999999920e+01
3.334799999999999898e+01
3.345499999999999829e+01
3.345499999999999829e+01
3.345499999999999829e+01
3.345499999999999829e+01
3.345499999999999829e+01
3.345499999999999829e+01
3.345499999999999829e+01
3.345600000000000307e+01
3.346200000000000330e+01
3.349499999999999744e+01
3.349199999999999733e+01
3.349099999999999966e+01
3.349099999999999966e+01
3.349099999999999966e+01
3.349099999999999966e+01
3.349099999999999966e+01
3.349099999999999966e+01
3.349099999999999966e+01
3.349600000000000222e+01
3.353499999999999659e+01
3.352900000000000347e+01
3.352700000000000102e+01
3.352700000000000102e+01
3.352700000000000102e+01
3.352700000000000102e+01
3.352700000000000102e+01
3.352700000000000102e+01
3.352700000000000102e+01
3.352900000000000347e+01
3.353600000000000136e+01
3.356499999999999773e+01
3.356300000000000239e+01
3.356300000000000239e+01
3.356300000000000239e+01
3.356300000000000239e+01
3.356300000000000239e+01
3.356300000000000239e+01
3.356199999999999761e+01
3.356400000000000006e+01
3.356799999999999784e+01
3.360600000000000165e+01
3.360000000000000142e+01
3.359899999999999665e+01
3.359899999999999665e+01
3.359899999999999665e+01
3.359899999999999665e+01
3.359899999999999665e+01
3.359899999999999665e+01
3.359899999999999665e+01
3.360300000000000153e+01
3.360999999999999943e+01
3.363799999999999812e+01
3.363600000000000279e+01
3.363600000000000279e+01
3.363600000000000279e+01
3.363600000000000279e+01
3.363600000000000279e+01
3.363600000000000279e+01
3.363600000000000279e+01
3.363799999999999812e+01
3.364300000000000068e+01
3.367799999999999727e+01
3.367300000000000182e+01
3.367300000000000182e+01
3.367199999999999704e+01
3.367199999999999704e+01
3.367199999999999704e+01
3.367199999999999704e+01
3.367199999999999704e+01
3.367300000000000182e+01
3.367699999999999960e+01
3.368500000000000227e+01
3.371000000000000085e+01
3.370900000000000318e+01
3.370900000000000318e+01
3.370900000000000318e+01
3.370900000000000318e+01
3.370900000000000318e+01
3.370900000000000318e+01
3.370900000000000318e+01
3.371099999999999852e+01
3.371699999999999875e+01
3.374799999999999756e+01
3.374600000000000222e+01
3.374499999999999744e+01
3.374499999999999744e+01
3.374499999999999744e+01
3.374499999999999744e+01
3.374499999999999744e+01
3.374499999999999744e+01
3.374600000000000222e+01
3.375000000000000000e+01
3.378999999999999915e+01
3.378300000000000125e+01
3.378199999999999648e+01
3.378199999999999648e+01
3.378199999999999648e+01
3.378199999999999648e+01
3.378199999999999648e+01
3.378199999999999648e+01
3.378199999999999648e+01
3.378499999999999659e+01
3.379099999999999682e+01
3.382000000000000028e+01
3.381900000000000261e+01
3.381799999999999784e+01
3.381799999999999784e+01
3.381799999999999784e+01
3.381799999999999784e+01
3.381799999999999784e+01
3.381799999999999784e+01
3.381900000000000261e+01
3.382399999999999807e+01
3.386200000000000188e+01
3.385699999999999932e+01
3.385600000000000165e+01
3.385499999999999687e+01
3.385499999999999687e+01
3.385499999999999687e+01
3.385499999999999687e+01
3.385499999999999687e+01
3.385600000000000165e+01
3.385900000000000176e+01
3.386599999999999966e+01
3.389300000000000068e+01
3.389200000000000301e+01
3.389200000000000301e+01
3.389200000000000301e+01
3.389200000000000301e+01
3.389200000000000301e+01
3.389200000000000301e+01
3.389200000000000301e+01
3.389399999999999835e+01
3.389900000000000091e+01
3.393299999999999983e+01
3.392900000000000205e+01
3.392900000000000205e+01
3.392900000000000205e+01
3.407399999999999807e+01
3.407399999999999807e+01
3.407399999999999807e+01
3.407399999999999807e+01
3.407500000000000284e+01
3.408100000000000307e+01
3.411699999999999733e+01
3.411299999999999955e+01
3.411200000000000188e+01
3.411200000000000188e+01
3.411200000000000188e+01
3.411200000000000188e+01
3.411200000000000188e+01
3.411200000000000188e+01
3.411200000000000188e+01
3.411599999999999966e+01
3.412299999999999756e+01
3.414900000000000091e+01
3.414699999999999847e+01
3.414699999999999847e+01
3.414699999999999847e+01
3.414699999999999847e+01
3.414699999999999847e+01
3.414699999999999847e+01
3.414699999999999847e+01
3.414900000000000091e+01
3.415500000000000114e+01
3.418699999999999761e+01
3.418399999999999750e+01
3.418299999999999983e+01
3.418299999999999983e+01
3.418299999999999983e+01
3.418299999999999983e+01
3.418299999999999983e+01
3.418299999999999983e+01
3.418399999999999750e+01
3.418800000000000239e+01
3.422699999999999676e+01
3.422099999999999653e+01
3.421900000000000119e+01
3.421900000000000119e+01
3.421900000000000119e+01
3.421900000000000119e+01
3.421900000000000119e+01
3.421900000000000119e+01
3.421900000000000119e+01
3.422099999999999653e+01
3.422699999999999676e+01
3.425800000000000267e+01
3.425500000000000256e+01
3.425500000000000256e+01
3.425500000000000256e+01
3.425500000000000256e+01
3.425500000000000256e+01
3.425500000000000256e+01
3.425500000000000256e+01
3.425600000000000023e+01
3.425999999999999801e+01
3.429800000000000182e+01
3.429200000000000159e+01
3.429099999999999682e+01
3.429099999999999682e+01
3.429099999999999682e+01
3.429099999999999682e+01
3.429099999999999682e+01
3.429099999999999682e+01
3.429200000000000159e+01
3.429500000000000171e+01
3.430299999999999727e+01
3.433100000000000307e+01
3.432999999999999829e+01
3.432900000000000063e+01
3.432900000000000063e+01
3.432900000000000063e+01
3.432900000000000063e+01
3.432900000000000063e+01
3.432900000000000063e+01
3.433100000000000307e+01
3.433599999999999852e+01
3.437100000000000222e+01
3.436699999999999733e+01
3.436599999999999966e+01
3.436500000000000199e+01
3.436500000000000199e+01
3.436500000000000199e+01
3.436500000000000199e+01
3.436500000000000199e+01
3.436599999999999966e+01
3.436999999999999744e+01
3.437700000000000244e+01
3.440200000000000102e+01
3.440100000000000335e+01
3.440100000000000335e+01
3.440100000000000335e+01
3.440100000000000335e+01
3.440100000000000335e+01
3.440100000000000335e+01
3.440100000000000335e+01
3.440299999999999869e+01
3.440800000000000125e+01
3.444100000000000250e+01
3.443800000000000239e+01
3.443699999999999761e+01
3.443699999999999761e+01
3.443699999999999761e+01
3.443699999999999761e+01
3.443699999999999761e+01
3.443699999999999761e+01
3.443800000000000239e+01
3.444299999999999784e+01
3.448199999999999932e+01
3.447599999999999909e+01
3.447500000000000142e+01
3.447399999999999665e+01
3.447399999999999665e+01
3.447399999999999665e+01
3.447399999999999665e+01
3.447399999999999665e+01
3.447399999999999665e+01
3.447699999999999676e+01
3.448299999999999699e+01
3.451299999999999812e+01
3.451100000000000279e+01
3.471200000000000330e+01
3.471200000000000330e+01
3.471399999999999864e+01
3.474499999999999744e+01
3.474000000000000199e+01
3.473899999999999721e+01
3.473899999999999721e+01
3.473899999999999721e+01
3.473899999999999721e+01
3.474300000000000210e+01
3.474900000000000233e+01
3.475600000000000023e+01
3.476100000000000279e+01
3.476400000000000290e+01
3.476400000000000290e+01
3.476400000000000290e+01
3.476400000000000290e+01
3.476299999999999812e+01
3.476299999999999812e+01
3.476400000000000290e+01
3.476700000000000301e+01
3.479800000000000182e+01
3.479599999999999937e+01
3.479599999999999937e+01
3.479599999999999937e+01
3.479599999999999937e+01
3.479800000000000182e+01
3.480400000000000205e+01
3.482699999999999818e+01
3.482399999999999807e+01
3.482300000000000040e+01
3.482300000000000040e+01
3.482300000000000040e+01
3.482300000000000040e+01
3.482300000000000040e+01
3.482300000000000040e+01
3.482399999999999807e+01
3.482999999999999829e+01
3.486200000000000188e+01
3.485699999999999932e+01
3.485699999999999932e+01
3.485600000000000165e+01
3.485600000000000165e+01
3.485699999999999932e+01
3.486200000000000188e+01
3.487100000000000222e+01
3.488000000000000256e+01
3.488700000000000045e+01
3.489000000000000057e+01
3.489000000000000057e+01
3.489000000000000057e+01
3.488900000000000290e+01
3.488900000000000290e+01
3.488799999999999812e+01
3.488900000000000290e+01
3.489200000000000301e+01
3.492499999999999716e+01
3.492399999999999949e+01
3.492300000000000182e+01
3.492300000000000182e+01
3.492300000000000182e+01
3.492300000000000182e+01
3.492300000000000182e+01
3.492300000000000182e+01
3.492600000000000193e+01
3.493299999999999983e+01
3.496200000000000330e+01
3.496000000000000085e+01
3.496000000000000085e+01
3.496000000000000085e+01
3.496000000000000085e+01
3.496000000000000085e+01
3.496000000000000085e+01
3.496000000000000085e+01
3.496200000000000330e+01
3.496800000000000352e+01
3.499600000000000222e+01
3.499399999999999977e+01
3.499399999999999977e+01
3.499399999999999977e+01
3.499399999999999977e+01
3.499399999999999977e+01
3.499399999999999977e+01
3.499399999999999977e+01
3.499699999999999989e+01
3.500300000000000011e+01
3.503099999999999881e+01
3.502900000000000347e+01
3.502900000000000347e+01
3.502900000000000347e+01
3.502900000000000347e+01
3.502900000000000347e+01
3.502900000000000347e+01
3.502900000000000347e+01
3.503199999999999648e+01
3.503799999999999670e+01
3.506900000000000261e+01
3.506700000000000017e+01
3.506700000000000017e+01
3.506700000000000017e+01
3.506700000000000017e+01
3.506700000000000017e+01
3.506700000000000017e+01
3.506700000000000017e+01
3.506900000000000261e+01
3.507500000000000284e+01
3.510199999999999676e+01
3.510000000000000142e+01
3.510000000000000142e+01
3.510000000000000142e+01
3.510000000000000142e+01
3.510000000000000142e+01
3.510000000000000142e+01
3.510000000000000142e+01
3.510300000000000153e+01
3.510900000000000176e+01
3.535499999999999687e+01
3.535499999999999687e+01
3.535499999999999687e+01
3.535499999999999687e+01
3.535799999999999699e+01
3.536399999999999721e+01
3.539500000000000313e+01
3.539300000000000068e+01
3.539200000000000301e+01
3.539200000000000301e+01
3.539200000000000301e+01
3.539200000000000301e+01
3.539200000000000301e+01
3.539200000000000301e+01
3.539399999999999835e+01
3.539999999999999858e+01
3.543099999999999739e+01
3.542799999999999727e+01
3.542799999999999727e+01
3.542799999999999727e+01
3.542799999999999727e+01
3.542799999999999727e+01
3.542799999999999727e+01
3.542799999999999727e+01
3.542999999999999972e+01
3.543699999999999761e+01
3.546800000000000352e+01
3.546500000000000341e+01
3.546500000000000341e+01
3.546500000000000341e+01
3.546399999999999864e+01
3.546399999999999864e+01
3.546399999999999864e+01
3.546399999999999864e+01
3.546600000000000108e+01
3.547200000000000131e+01
3.550300000000000011e+01
3.550099999999999767e+01
3.550000000000000000e+01
3.550000000000000000e+01
3.550000000000000000e+01
3.550000000000000000e+01
3.550000000000000000e+01
3.550000000000000000e+01
3.550200000000000244e+01
3.550900000000000034e+01
3.553999999999999915e+01
3.553699999999999903e+01
3.553699999999999903e+01
3.553699999999999903e+01
3.553699999999999903e+01
3.553600000000000136e+01
3.553600000000000136e+01
3.553600000000000136e+01
3.553799999999999670e+01
3.554399999999999693e+01
3.557699999999999818e+01
3.557399999999999807e+01
3.557300000000000040e+01
3.557300000000000040e+01
3.557300000000000040e+01
3.557300000000000040e+01
3.557300000000000040e+01
3.557300000000000040e+01
3.557500000000000284e+01
3.558200000000000074e+01
3.561200000000000188e+01
3.560900000000000176e+01
3.560799999999999699e+01
3.560799999999999699e+01
3.560799999999999699e+01
3.560799999999999699e+01
3.560799999999999699e+01
3.560799999999999699e+01
3.561099999999999710e+01
3.561699999999999733e+01
3.564900000000000091e+01
3.564600000000000080e+01
3.564500000000000313e+01
3.564500000000000313e+01
3.564500000000000313e+01
3.564500000000000313e+01
3.564500000000000313e+01
3.564500000000000313e+01
3.564800000000000324e+01
3.565400000000000347e+01
3.568500000000000227e+01
3.568200000000000216e+01
3.568099999999999739e+01
3.568099999999999739e+01
3.568099999999999739e+01
3.568099999999999739e+01
3.568099999999999739e+01
3.568099999999999739e+01
3.568399999999999750e+01
3.568999999999999773e+01
3.572299999999999898e+01
3.571900000000000119e+01
3.571900000000000119e+01
3.571900000000000119e+01
3.571900000000000119e+01
3.571900000000000119e+01
3.571900000000000119e+01
3.571900000000000119e+01
3.572099999999999653e+01
3.572699999999999676e+01
3.575800000000000267e+01
3.575500000000000256e+01
3.575399999999999778e+01
3.600800000000000267e+01
3.600800000000000267e+01
3.600800000000000267e+01
3.600900000000000034e+01
3.601500000000000057e+01
3.604999999999999716e+01
3.604599999999999937e+01
3.604399999999999693e+01
3.604399999999999693e+01
3.604399999999999693e+01
3.604399999999999693e+01
3.604399999999999693e+01
3.604399999999999693e+01
3.604599999999999937e+01
3.605100000000000193e+01
3.608400000000000318e+01
3.607999999999999829e+01
3.607900000000000063e+01
3.607900000000000063e+01
3.607900000000000063e+01
3.607900000000000063e+01
3.607900000000000063e+01
3.607900000000000063e+01
3.608100000000000307e+01
3.608599999999999852e+01
3.612199999999999989e+01
3.611699999999999733e+01
3.611699999999999733e+01
3.611599999999999966e+01
3.611599999999999966e+01
3.611599999999999966e+01
3.611599999999999966e+01
3.611599999999999966e+01
3.611800000000000210e+01
3.612299999999999756e+01
3.615699999999999648e+01
3.615299999999999869e+01
3.615200000000000102e+01
3.615200000000000102e+01
3.615100000000000335e+01
3.615200000000000102e+01
3.615200000000000102e+01
3.615200000000000102e+01
3.615400000000000347e+01
3.615899999999999892e+01
3.619299999999999784e+01
3.618900000000000006e+01
3.618800000000000239e+01
3.618800000000000239e+01
3.618800000000000239e+01
3.618800000000000239e+01
3.618800000000000239e+01
3.618800000000000239e+01
3.618900000000000006e+01
3.619500000000000028e+01
3.622899999999999920e+01
3.622500000000000142e+01
3.622399999999999665e+01
3.622399999999999665e+01
3.622399999999999665e+01
3.622399999999999665e+01
3.622399999999999665e+01
3.622399999999999665e+01
3.622500000000000142e+01
3.623100000000000165e+01
3.626599999999999824e+01
3.626200000000000045e+01
3.626200000000000045e+01
3.626100000000000279e+01
3.626100000000000279e+01
3.625999999999999801e+01
3.625999999999999801e+01
3.625999999999999801e+01
3.626200000000000045e+01
3.626700000000000301e+01
3.630100000000000193e+01
3.629699999999999704e+01
3.629599999999999937e+01
3.629500000000000171e+01
3.629500000000000171e+01
3.629500000000000171e+01
3.629500000000000171e+01
3.629500000000000171e+01
3.629699999999999704e+01
3.630199999999999960e+01
3.633800000000000097e+01
3.633400000000000318e+01
3.633299999999999841e+01
3.633200000000000074e+01
3.633200000000000074e+01
3.633200000000000074e+01
3.633200000000000074e+01
3.633200000000000074e+01
3.633400000000000318e+01
3.633899999999999864e+01
3.637500000000000000e+01
3.636999999999999744e+01
3.636899999999999977e+01
3.636800000000000210e+01
3.636800000000000210e+01
3.636800000000000210e+01
3.636800000000000210e+01
3.636800000000000210e+01
3.665899999999999892e+01
3.665899999999999892e+01
3.665899999999999892e+01
3.665999999999999659e+01
3.666400000000000148e+01
3.670199999999999818e+01
3.669599999999999795e+01
3.669500000000000028e+01
3.669400000000000261e+01
3.669400000000000261e+01
3.669400000000000261e+01
3.669400000000000261e+01
3.669400000000000261e+01
3.669500000000000028e+01
3.670000000000000284e+01
3.673799999999999955e+01
3.673199999999999932e+01
3.673100000000000165e+01
3.672999999999999687e+01
3.672999999999999687e+01
3.672999999999999687e+01
3.672999999999999687e+01
3.672999999999999687e+01
3.673100000000000165e+01
3.673599999999999710e+01
3.677499999999999858e+01
3.677000000000000313e+01
3.676800000000000068e+01
3.676800000000000068e+01
3.676800000000000068e+01
3.676800000000000068e+01
3.676800000000000068e+01
3.676800000000000068e+01
3.676899999999999835e+01
3.677300000000000324e+01
3.681099999999999994e+01
3.680499999999999972e+01
3.680400000000000205e+01
3.680299999999999727e+01
3.680299999999999727e+01
3.680299999999999727e+01
3.680299999999999727e+01
3.680299999999999727e+01
3.680400000000000205e+01
3.680799999999999983e+01
3.684700000000000131e+01
3.684100000000000108e+01
3.684000000000000341e+01
3.683899999999999864e+01
3.683899999999999864e+01
3.683899999999999864e+01
3.683899999999999864e+01
3.683899999999999864e+01
3.684000000000000341e+01
3.684499999999999886e+01
3.688400000000000034e+01
3.687800000000000011e+01
3.687599999999999767e+01
3.687599999999999767e+01
3.687599999999999767e+01
3.687599999999999767e+01
3.687599999999999767e+01
3.687599999999999767e+01
3.687700000000000244e+01
3.688100000000000023e+01
3.691899999999999693e+01
3.691299999999999670e+01
3.691199999999999903e+01
3.691100000000000136e+01
3.691100000000000136e+01
3.691100000000000136e+01
3.691100000000000136e+01
3.691100000000000136e+01
3.691199999999999903e+01
3.691700000000000159e+01
3.695600000000000307e+01
3.695000000000000284e+01
3.694899999999999807e+01
3.694800000000000040e+01
3.694800000000000040e+01
3.694800000000000040e+01
3.694800000000000040e+01
3.694800000000000040e+01
3.694899999999999807e+01
3.695400000000000063e+01
3.699199999999999733e+01
3.698700000000000188e+01
3.698499999999999943e+01
3.698499999999999943e+01
3.698499999999999943e+01
3.698499999999999943e+01
3.698499999999999943e+01
3.698499999999999943e+01
3.698599999999999710e+01
3.699099999999999966e+01
3.702700000000000102e+01
3.702199999999999847e+01
3.702100000000000080e+01
3.731099999999999994e+01
3.731099999999999994e+01
3.731199999999999761e+01
3.731799999999999784e+01
3.735199999999999676e+01
3.734899999999999665e+01
3.734799999999999898e+01
3.734799999999999898e+01
3.734799999999999898e+01
3.734700000000000131e+01
3.734700000000000131e+01
3.734700000000000131e+01
3.734899999999999665e+01
3.735499999999999687e+01
3.738799999999999812e+01
3.738400000000000034e+01
3.738400000000000034e+01
3.738300000000000267e+01
3.738300000000000267e+01
3.738300000000000267e+01
3.738300000000000267e+01
3.738300000000000267e+01
3.738499999999999801e+01
3.739099999999999824e+01
3.742399999999999949e+01
3.742099999999999937e+01
3.742000000000000171e+01
3.742000000000000171e+01
3.742000000000000171e+01
3.742000000000000171e+01
3.742000000000000171e+01
3.742000000000000171e+01
3.742199999999999704e+01
3.742699999999999960e+01
3.746000000000000085e+01
3.745700000000000074e+01
3.745600000000000307e+01
3.745499999999999829e+01
3.745499999999999829e+01
3.745499999999999829e+01
3.745499999999999829e+01
3.745499999999999829e+01
3.745700000000000074e+01
3.746300000000000097e+01
3.749499999999999744e+01
3.749199999999999733e+01
3.749099999999999966e+01
3.749000000000000199e+01
3.749000000000000199e+01
3.749000000000000199e+01
3.749000000000000199e+01
3.749000000000000199e+01
3.749300000000000210e+01
3.749900000000000233e+01
3.753199999999999648e+01
3.752900000000000347e+01
3.752799999999999869e+01
3.752799999999999869e+01
3.752799999999999869e+01
3.752799999999999869e+01
3.752799999999999869e+01
3.752799999999999869e+01
3.753000000000000114e+01
3.753600000000000136e+01
3.756900000000000261e+01
3.756600000000000250e+01
3.756600000000000250e+01
3.756499999999999773e+01
3.756499999999999773e+01
3.756499999999999773e+01
3.756499999999999773e+01
3.756499999999999773e+01
3.756700000000000017e+01
3.757300000000000040e+01
3.760399999999999920e+01
3.760099999999999909e+01
3.760099999999999909e+01
3.760000000000000142e+01
3.760000000000000142e+01
3.760000000000000142e+01
3.760000000000000142e+01
3.760000000000000142e+01
3.760300000000000153e+01
3.760900000000000176e+01
3.763900000000000290e+01
3.763700000000000045e+01
3.763600000000000279e+01
3.763600000000000279e+01
3.763600000000000279e+01
3.763600000000000279e+01
3.763600000000000279e+01
3.763600000000000279e+01
3.763799999999999812e+01
3.764500000000000313e+01
3.767699999999999960e+01
3.796399999999999864e+01
3.796600000000000108e+01
3.797200000000000131e+01
3.800099999999999767e+01
3.799900000000000233e+01
3.799900000000000233e+01
3.799900000000000233e+01
3.799799999999999756e+01
3.799799999999999756e+01
3.799799999999999756e+01
3.799799999999999756e+01
3.800099999999999767e+01
3.800800000000000267e+01
3.803699999999999903e+01
3.803600000000000136e+01
3.803499999999999659e+01
3.803499999999999659e+01
3.803499999999999659e+01
3.803499999999999659e+01
3.803499999999999659e+01
3.803499999999999659e+01
3.803799999999999670e+01
3.804399999999999693e+01
3.807200000000000273e+01
3.807099999999999795e+01
3.807099999999999795e+01
3.807099999999999795e+01
3.807099999999999795e+01
3.807000000000000028e+01
3.807000000000000028e+01
3.807099999999999795e+01
3.807399999999999807e+01
3.807999999999999829e+01
3.810900000000000176e+01
3.810799999999999699e+01
3.810699999999999932e+01
3.810699999999999932e+01
3.810699999999999932e+01
3.810699999999999932e+01
3.810699999999999932e+01
3.810799999999999699e+01
3.811099999999999710e+01
3.811699999999999733e+01
3.814600000000000080e+01
3.814500000000000313e+01
3.814399999999999835e+01
3.814399999999999835e+01
3.814399999999999835e+01
3.814399999999999835e+01
3.814399999999999835e+01
3.814399999999999835e+01
3.814699999999999847e+01
3.815299999999999869e+01
3.818200000000000216e+01
3.817999999999999972e+01
3.817999999999999972e+01
3.817999999999999972e+01
3.817999999999999972e+01
3.817999999999999972e+01
3.817999999999999972e+01
3.817999999999999972e+01
3.818299999999999983e+01
3.818999999999999773e+01
3.821800000000000352e+01
3.821699999999999875e+01
3.821600000000000108e+01
3.821600000000000108e+01
3.821600000000000108e+01
3.821600000000000108e+01
3.821600000000000108e+01
3.821699999999999875e+01
3.821900000000000119e+01
3.822599999999999909e+01
3.825399999999999778e+01
3.825300000000000011e+01
3.825200000000000244e+01
3.825200000000000244e+01
3.825200000000000244e+01
3.825200000000000244e+01
3.825200000000000244e+01
3.825200000000000244e+01
3.825500000000000256e+01
3.826200000000000045e+01
3.828999999999999915e+01
3.828900000000000148e+01
3.828799999999999670e+01
3.828799999999999670e+01
3.828799999999999670e+01
3.828799999999999670e+01
3.861699999999999733e+01
3.862100000000000222e+01
3.862800000000000011e+01
3.865299999999999869e+01
3.865200000000000102e+01
3.865200000000000102e+01
3.865200000000000102e+01
3.865200000000000102e+01
3.865200000000000102e+01
3.865200000000000102e+01
3.865299999999999869e+01
3.865699999999999648e+01
3.866400000000000148e+01
3.868999999999999773e+01
3.868900000000000006e+01
3.868900000000000006e+01
3.868900000000000006e+01
3.868900000000000006e+01
3.868900000000000006e+01
3.868900000000000006e+01
3.868900000000000006e+01
3.869299999999999784e+01
3.870000000000000284e+01
3.872500000000000142e+01
3.872399999999999665e+01
3.872299999999999898e+01
3.872299999999999898e+01
3.872299999999999898e+01
3.872299999999999898e+01
3.872299999999999898e+01
3.872399999999999665e+01
3.872899999999999920e+01
3.876899999999999835e+01
3.876299999999999812e+01
3.876200000000000045e+01
3.876100000000000279e+01
3.876100000000000279e+01
3.876100000000000279e+01
3.876100000000000279e+01
3.876100000000000279e+01
3.876200000000000045e+01
3.876599999999999824e+01
3.880499999999999972e+01
3.879899999999999949e+01
3.879800000000000182e+01
3.879699999999999704e+01
3.879699999999999704e+01
3.879699999999999704e+01
3.879699999999999704e+01
3.879699999999999704e+01
3.879800000000000182e+01
3.880199999999999960e+01
3.884100000000000108e+01
3.883500000000000085e+01
3.883400000000000318e+01
3.883400000000000318e+01
3.883299999999999841e+01
3.883299999999999841e+01
3.883299999999999841e+01
3.883299999999999841e+01
3.883400000000000318e+01
3.883800000000000097e+01
3.887599999999999767e+01
3.887100000000000222e+01
3.886899999999999977e+01
3.886899999999999977e+01
3.886899999999999977e+01
3.886899999999999977e+01
3.886899999999999977e+01
3.886899999999999977e+01
3.886999999999999744e+01
3.887400000000000233e+01
3.891299999999999670e+01
3.890699999999999648e+01
3.890599999999999881e+01
3.890500000000000114e+01
3.890500000000000114e+01
3.890500000000000114e+01
3.890500000000000114e+01
3.890500000000000114e+01
3.890599999999999881e+01
3.890999999999999659e+01
3.894800000000000040e+01
3.894200000000000017e+01
3.894100000000000250e+01
3.894100000000000250e+01
3.928000000000000114e+01
3.928000000000000114e+01
3.928099999999999881e+01
3.928600000000000136e+01
3.932300000000000040e+01
3.931900000000000261e+01
3.931799999999999784e+01
3.931700000000000017e+01
3.931700000000000017e+01
3.931700000000000017e+01
3.931700000000000017e+01
3.931700000000000017e+01
3.932000000000000028e+01
3.932600000000000051e+01
3.935600000000000165e+01
3.935399999999999920e+01
3.935300000000000153e+01
3.935300000000000153e+01
3.935300000000000153e+01
3.935300000000000153e+01
3.935300000000000153e+01
3.935300000000000153e+01
3.935699999999999932e+01
3.936500000000000199e+01
3.939000000000000057e+01
3.938900000000000290e+01
3.938900000000000290e+01
3.938900000000000290e+01
3.938900000000000290e+01
3.938900000000000290e+01
3.938900000000000290e+01
3.939000000000000057e+01
3.939399999999999835e+01
3.942999999999999972e+01
3.942499999999999716e+01
3.942399999999999949e+01
3.942399999999999949e+01
3.942399999999999949e+01
3.942399999999999949e+01
3.942300000000000182e+01
3.942300000000000182e+01
3.942600000000000193e+01
3.943200000000000216e+01
3.946399999999999864e+01
3.946099999999999852e+01
3.946099999999999852e+01
3.946000000000000085e+01
3.946000000000000085e+01
3.946099999999999852e+01
3.946699999999999875e+01
3.947500000000000142e+01
3.948899999999999721e+01
3.948799999999999955e+01
3.948799999999999955e+01
3.948799999999999955e+01
3.948799999999999955e+01
3.948799999999999955e+01
3.948799999999999955e+01
3.949000000000000199e+01
3.949600000000000222e+01
3.952799999999999869e+01
3.952499999999999858e+01
3.952400000000000091e+01
3.952400000000000091e+01
3.952400000000000091e+01
3.952400000000000091e+01
3.952300000000000324e+01
3.952400000000000091e+01
3.952700000000000102e+01
3.953499999999999659e+01
3.956199999999999761e+01
3.956099999999999994e+01
3.956000000000000227e+01
3.956000000000000227e+01
3.956000000000000227e+01
3.956000000000000227e+01
3.956000000000000227e+01
3.956099999999999994e+01
3.956499999999999773e+01
3.957200000000000273e+01
3.959700000000000131e+01
3.959599999999999653e+01
3.959499999999999886e+01
3.995000000000000284e+01
3.995000000000000284e+01
3.995400000000000063e+01
3.996099999999999852e+01
3.998899999999999721e+01
3.998700000000000188e+01
3.998700000000000188e+01
3.998700000000000188e+01
3.998700000000000188e+01
3.998700000000000188e+01
3.998700000000000188e+01
3.998700000000000188e+01
3.999099999999999966e+01
3.999900000000000233e+01
4.002400000000000091e+01
4.002300000000000324e+01
4.002199999999999847e+01
4.002199999999999847e+01
4.002199999999999847e+01
4.002199999999999847e+01
4.002199999999999847e+01
4.002400000000000091e+01
4.003000000000000114e+01
4.006400000000000006e+01
4.006099999999999994e+01
4.006000000000000227e+01
4.005899999999999750e+01
4.005899999999999750e+01
4.005899999999999750e+01
4.005899999999999750e+01
4.005899999999999750e+01
4.006199999999999761e+01
4.006900000000000261e+01
4.009799999999999898e+01
4.009599999999999653e+01
4.009499999999999886e+01
4.009499999999999886e+01
4.009499999999999886e+01
4.009499999999999886e+01
4.009499999999999886e+01
4.009599999999999653e+01
4.009899999999999665e+01
4.010699999999999932e+01
4.013199999999999790e+01
4.013100000000000023e+01
4.013100000000000023e+01
4.013100000000000023e+01
4.013100000000000023e+01
4.013100000000000023e+01
4.013100000000000023e+01
4.013199999999999790e+01
4.013700000000000045e+01
4.017399999999999949e+01
4.017000000000000171e+01
4.016899999999999693e+01
4.016799999999999926e+01
4.016799999999999926e+01
4.016799999999999926e+01
4.016799999999999926e+01
4.016799999999999926e+01
4.017000000000000171e+01
4.017699999999999960e+01
4.020600000000000307e+01
4.020400000000000063e+01
4.020400000000000063e+01
4.020300000000000296e+01
4.020300000000000296e+01
4.020300000000000296e+01
4.020300000000000296e+01
4.020400000000000063e+01
4.020799999999999841e+01
4.021600000000000108e+01
4.024199999999999733e+01
4.024099999999999966e+01
4.024000000000000199e+01
4.024000000000000199e+01
4.024000000000000199e+01
4.024000000000000199e+01
4.024000000000000199e+01
4.024099999999999966e+01
4.063000000000000256e+01
4.063000000000000256e+01
4.063000000000000256e+01
4.063000000000000256e+01
4.063100000000000023e+01
4.063499999999999801e+01
4.064300000000000068e+01
4.066899999999999693e+01
4.066799999999999926e+01
4.066700000000000159e+01
4.066700000000000159e+01
4.066700000000000159e+01
4.066700000000000159e+01
4.066700000000000159e+01
4.066799999999999926e+01
4.067300000000000182e+01
4.071000000000000085e+01
4.070499999999999829e+01
4.070400000000000063e+01
4.070400000000000063e+01
4.070400000000000063e+01
4.070400000000000063e+01
4.070300000000000296e+01
4.070300000000000296e+01
4.070600000000000307e+01
4.071200000000000330e+01
4.074300000000000210e+01
4.074099999999999966e+01
4.074000000000000199e+01
4.073899999999999721e+01
4.073899999999999721e+01
4.073899999999999721e+01
4.073899999999999721e+01
4.074000000000000199e+01
4.074300000000000210e+01
4.075000000000000000e+01
4.077700000000000102e+01
4.077499999999999858e+01
4.077499999999999858e+01
4.077499999999999858e+01
4.077499999999999858e+01
4.077499999999999858e+01
4.077499999999999858e+01
4.077600000000000335e+01
4.078000000000000114e+01
4.081900000000000261e+01
4.081300000000000239e+01
4.081199999999999761e+01
4.081099999999999994e+01
4.081099999999999994e+01
4.081099999999999994e+01
4.081099999999999994e+01
4.081099999999999994e+01
4.081300000000000239e+01
4.081900000000000261e+01
4.085300000000000153e+01
4.085000000000000142e+01
4.084899999999999665e+01
4.084799999999999898e+01
4.084799999999999898e+01
4.084799999999999898e+01
4.084799999999999898e+01
4.084799999999999898e+01
4.085199999999999676e+01
4.085900000000000176e+01
4.088700000000000045e+01
4.088600000000000279e+01
4.088499999999999801e+01
4.088499999999999801e+01
4.088499999999999801e+01
4.088499999999999801e+01
4.088499999999999801e+01
4.088499999999999801e+01
4.088900000000000290e+01
4.089600000000000080e+01
4.092300000000000182e+01
4.092199999999999704e+01
4.131099999999999994e+01
4.131000000000000227e+01
4.131000000000000227e+01
4.131000000000000227e+01
4.131000000000000227e+01
4.131099999999999994e+01
4.131600000000000250e+01
4.132399999999999807e+01
4.134499999999999886e+01
4.134400000000000119e+01
4.134400000000000119e+01
4.134400000000000119e+01
4.134499999999999886e+01
4.135000000000000142e+01
4.135799999999999699e+01
4.136699999999999733e+01
4.137299999999999756e+01
4.137500000000000000e+01
4.137500000000000000e+01
4.137500000000000000e+01
4.137400000000000233e+01
4.137400000000000233e+01
4.137400000000000233e+01
4.137599999999999767e+01
4.141199999999999903e+01
4.140800000000000125e+01
4.140699999999999648e+01
4.140699999999999648e+01
4.140699999999999648e+01
4.140699999999999648e+01
4.140699999999999648e+01
4.140800000000000125e+01
4.141100000000000136e+01
4.141899999999999693e+01
4.144400000000000261e+01
4.144299999999999784e+01
4.144200000000000017e+01
4.144200000000000017e+01
4.144200000000000017e+01
4.144200000000000017e+01
4.144200000000000017e+01
4.144400000000000261e+01
4.145000000000000284e+01
4.148400000000000176e+01
4.147999999999999687e+01
4.147899999999999920e+01
4.147899999999999920e+01
4.147899999999999920e+01
4.147899999999999920e+01
4.147899999999999920e+01
4.147899999999999920e+01
4.148299999999999699e+01
4.149099999999999966e+01
4.151700000000000301e+01
4.151599999999999824e+01
4.151500000000000057e+01
4.151500000000000057e+01
4.151500000000000057e+01
4.151500000000000057e+01
4.151500000000000057e+01
4.151700000000000301e+01
4.152300000000000324e+01
4.155799999999999983e+01
4.155400000000000205e+01
4.155299999999999727e+01
4.155299999999999727e+01
4.155299999999999727e+01
4.155199999999999960e+01
4.155199999999999960e+01
4.155299999999999727e+01
4.155599999999999739e+01
4.156400000000000006e+01
4.159100000000000108e+01
4.158899999999999864e+01
4.158899999999999864e+01
4.158899999999999864e+01
4.197999999999999687e+01
4.198400000000000176e+01
4.199300000000000210e+01
4.201800000000000068e+01
4.201700000000000301e+01
4.201599999999999824e+01
4.201599999999999824e+01
4.201599999999999824e+01
4.201599999999999824e+01
4.201599999999999824e+01
4.201800000000000068e+01
4.202300000000000324e+01
4.205700000000000216e+01
4.205400000000000205e+01
4.205199999999999960e+01
4.205199999999999960e+01
4.205199999999999960e+01
4.205199999999999960e+01
4.205199999999999960e+01
4.205199999999999960e+01
4.205599999999999739e+01
4.206400000000000006e+01
4.209100000000000108e+01
4.208899999999999864e+01
4.208899999999999864e+01
4.208899999999999864e+01
4.208899999999999864e+01
4.208899999999999864e+01
4.208899999999999864e+01
4.209000000000000341e+01
4.209499999999999886e+01
4.212899999999999778e+01
4.212500000000000000e+01
4.212400000000000233e+01
4.212400000000000233e+01
4.212400000000000233e+01
4.212400000000000233e+01
4.212400000000000233e+01
4.212400000000000233e+01
4.212800000000000011e+01
4.213600000000000279e+01
4.216299999999999670e+01
4.216199999999999903e+01
4.216100000000000136e+01
4.216100000000000136e+01
4.216100000000000136e+01
4.216100000000000136e+01
4.216100000000000136e+01
4.216299999999999670e+01
4.216799999999999926e+01
4.220300000000000296e+01
4.219899999999999807e+01
4.219800000000000040e+01
4.219800000000000040e+01
4.219800000000000040e+01
4.219800000000000040e+01
4.219800000000000040e+01
4.219800000000000040e+01
4.220100000000000051e+01
4.220799999999999841e+01
4.223499999999999943e+01
4.223400000000000176e+01
4.223299999999999699e+01
4.223299999999999699e+01
4.223299999999999699e+01
4.223299999999999699e+01
4.223299999999999699e+01
4.223499999999999943e+01
4.224000000000000199e+01
4.227700000000000102e+01
4.227199999999999847e+01
4.227100000000000080e+01
4.227100000000000080e+01
4.227100000000000080e+01
4.267499999999999716e+01
4.268299999999999983e+01
4.270700000000000074e+01
4.270600000000000307e+01
4.270600000000000307e+01
4.270600000000000307e+01
4.270600000000000307e+01
4.270600000000000307e+01
4.270600000000000307e+01
4.270799999999999841e+01
4.271399999999999864e+01
4.274600000000000222e+01
4.274300000000000210e+01
4.274300000000000210e+01
4.274199999999999733e+01
4.274199999999999733e+01
4.274199999999999733e+01
4.274199999999999733e+01
4.274300000000000210e+01
4.274699999999999989e+01
4.275600000000000023e+01
4.278000000000000114e+01
4.277900000000000347e+01
4.277900000000000347e+01
4.277900000000000347e+01
4.277900000000000347e+01
4.277900000000000347e+01
4.277900000000000347e+01
4.278099999999999881e+01
4.278600000000000136e+01
4.281900000000000261e+01
4.281600000000000250e+01
4.281499999999999773e+01
4.281499999999999773e+01
4.281499999999999773e+01
4.281400000000000006e+01
4.281400000000000006e+01
4.281499999999999773e+01
4.281900000000000261e+01
4.282800000000000296e+01
4.285300000000000153e+01
4.285199999999999676e+01
4.285199999999999676e+01
4.285199999999999676e+01
4.285199999999999676e+01
4.285199999999999676e+01
4.285199999999999676e+01
4.285300000000000153e+01
4.285900000000000176e+01
4.289200000000000301e+01
4.288900000000000290e+01
4.288799999999999812e+01
4.288700000000000045e+01
4.288700000000000045e+01
4.288700000000000045e+01
4.288700000000000045e+01
4.288799999999999812e+01
4.289200000000000301e+01
4.289999999999999858e+01
4.292499999999999716e+01
4.292399999999999949e+01
4.292399999999999949e+01
4.292399999999999949e+01
4.292399999999999949e+01
4.292399999999999949e+01
4.292399999999999949e+01
4.292600000000000193e+01
4.293099999999999739e+01
4.296500000000000341e+01
4.296200000000000330e+01
4.296099999999999852e+01
4.336299999999999955e+01
4.340200000000000102e+01
4.339699999999999847e+01
4.339500000000000313e+01
4.339500000000000313e+01
4.339500000000000313e+01
4.339500000000000313e+01
4.339500000000000313e+01
4.339500000000000313e+01
4.339699999999999847e+01
4.340299999999999869e+01
4.343399999999999750e+01
4.343200000000000216e+01
4.343099999999999739e+01
4.342999999999999972e+01
4.342999999999999972e+01
4.342999999999999972e+01
4.342999999999999972e+01
4.343099999999999739e+01
4.343599999999999994e+01
4.344500000000000028e+01
4.346800000000000352e+01
4.346699999999999875e+01
4.346699999999999875e+01
4.346699999999999875e+01
4.346699999999999875e+01
4.346699999999999875e+01
4.346699999999999875e+01
4.346900000000000119e+01
4.347500000000000142e+01
4.350500000000000256e+01
4.350300000000000011e+01
4.350200000000000244e+01
4.350200000000000244e+01
4.350200000000000244e+01
4.350200000000000244e+01
4.350200000000000244e+01
4.350300000000000011e+01
4.350800000000000267e+01
4.351599999999999824e+01
4.353900000000000148e+01
4.353699999999999903e+01
4.353699999999999903e+01
4.353699999999999903e+01
4.353699999999999903e+01
4.353900000000000148e+01
4.354500000000000171e+01
4.355400000000000205e+01
4.357099999999999795e+01
4.357000000000000028e+01
4.357000000000000028e+01
4.357000000000000028e+01
4.357099999999999795e+01
4.357500000000000284e+01
4.358400000000000318e+01
4.359400000000000119e+01
4.360000000000000142e+01
4.360399999999999920e+01
4.360399999999999920e+01
4.360399999999999920e+01
4.360399999999999920e+01
4.360300000000000153e+01
4.360399999999999920e+01
4.360600000000000165e+01
4.363900000000000290e+01
4.363700000000000045e+01
4.363600000000000279e+01
4.363600000000000279e+01
4.363700000000000045e+01
4.364000000000000057e+01
4.407900000000000063e+01
4.407900000000000063e+01
4.407800000000000296e+01
4.407800000000000296e+01
4.407800000000000296e+01
4.408100000000000307e+01
4.408800000000000097e+01
4.411699999999999733e+01
4.411599999999999966e+01
4.411500000000000199e+01
4.411500000000000199e+01
4.411500000000000199e+01
4.411500000000000199e+01
4.411500000000000199e+01
4.411599999999999966e+01
4.412199999999999989e+01
4.415699999999999648e+01
4.415200000000000102e+01
4.415100000000000335e+01
4.415100000000000335e+01
4.414999999999999858e+01
4.414999999999999858e+01
4.414999999999999858e+01
4.414999999999999858e+01
4.415400000000000347e+01
4.416199999999999903e+01
4.418900000000000006e+01
4.418800000000000239e+01
4.418699999999999761e+01
4.418699999999999761e+01
4.418699999999999761e+01
4.418699999999999761e+01
4.418699999999999761e+01
4.418900000000000006e+01
4.419500000000000028e+01
4.422599999999999909e+01
4.422399999999999665e+01
4.422299999999999898e+01
4.422299999999999898e+01
4.422299999999999898e+01
4.422299999999999898e+01
4.422299999999999898e+01
4.422399999999999665e+01
4.422999999999999687e+01
4.426599999999999824e+01
4.426100000000000279e+01
4.425999999999999801e+01
4.425900000000000034e+01
4.425900000000000034e+01
4.425900000000000034e+01
4.425900000000000034e+01
4.425900000000000034e+01
4.426299999999999812e+01
4.427000000000000313e+01
4.429599999999999937e+01
4.429399999999999693e+01
4.429399999999999693e+01
4.429399999999999693e+01
4.429399999999999693e+01
4.429399999999999693e+01
4.429399999999999693e+01
4.429599999999999937e+01
4.430199999999999960e+01
4.433400000000000318e+01
4.433200000000000074e+01
4.433100000000000307e+01
4.433100000000000307e+01
4.476299999999999812e+01
4.477199999999999847e+01
4.479500000000000171e+01
4.479399999999999693e+01
4.479399999999999693e+01
4.479399999999999693e+01
4.479399999999999693e+01
4.479399999999999693e+01
4.479399999999999693e+01
4.479699999999999704e+01
4.480400000000000205e+01
4.483299999999999841e+01
4.483100000000000307e+01
4.483100000000000307e+01
4.482999999999999829e+01
4.482999999999999829e+01
4.482999999999999829e+01
4.482999999999999829e+01
4.483200000000000074e+01
4.483800000000000097e+01
4.487100000000000222e+01
4.486800000000000210e+01
4.486800000000000210e+01
4.486699999999999733e+01
4.486699999999999733e+01
4.486699999999999733e+01
4.486699999999999733e+01
4.486800000000000210e+01
4.487199999999999989e+01
4.488100000000000023e+01
4.490500000000000114e+01
4.490400000000000347e+01
4.490299999999999869e+01
4.490299999999999869e+01
4.490299999999999869e+01
4.490299999999999869e+01
4.490299999999999869e+01
4.490599999999999881e+01
4.491299999999999670e+01
4.494200000000000017e+01
4.493999999999999773e+01
4.493900000000000006e+01
4.493900000000000006e+01
4.493900000000000006e+01
4.493900000000000006e+01
4.493900000000000006e+01
4.493999999999999773e+01
4.494500000000000028e+01
4.498100000000000165e+01
4.497699999999999676e+01
4.497599999999999909e+01
4.497500000000000142e+01
4.497500000000000142e+01
4.497500000000000142e+01
4.497500000000000142e+01
4.497599999999999909e+01
4.497999999999999687e+01
4.498799999999999955e+01
4.501400000000000290e+01
4.501299999999999812e+01
4.501200000000000045e+01
4.501200000000000045e+01
4.501200000000000045e+01
4.501200000000000045e+01
4.501200000000000045e+01
4.548400000000000176e+01
4.548299999999999699e+01
4.548299999999999699e+01
4.548299999999999699e+01
4.548299999999999699e+01
4.548299999999999699e+01
4.548299999999999699e+01
4.548700000000000188e+01
4.549499999999999744e+01
4.552100000000000080e+01
4.552000000000000313e+01
4.551899999999999835e+01
4.551899999999999835e+01
4.551899999999999835e+01
4.551899999999999835e+01
4.551899999999999835e+01
4.552100000000000080e+01
4.552799999999999869e+01
4.556000000000000227e+01
4.555799999999999983e+01
4.555700000000000216e+01
4.555599999999999739e+01
4.555599999999999739e+01
4.555599999999999739e+01
4.555599999999999739e+01
4.555700000000000216e+01
4.556300000000000239e+01
4.559899999999999665e+01
4.559400000000000119e+01
4.559300000000000352e+01
4.559199999999999875e+01
4.559199999999999875e+01
4.559199999999999875e+01
4.559199999999999875e+01
4.559199999999999875e+01
4.559599999999999653e+01
4.560300000000000153e+01
4.563000000000000256e+01
4.562800000000000011e+01
4.562800000000000011e+01
4.562800000000000011e+01
4.562800000000000011e+01
4.562800000000000011e+01
4.562800000000000011e+01
4.563000000000000256e+01
4.563499999999999801e+01
4.566799999999999926e+01
4.566499999999999915e+01
4.566400000000000148e+01
4.566400000000000148e+01
4.566400000000000148e+01
4.566400000000000148e+01
4.566400000000000148e+01
4.566499999999999915e+01
4.567000000000000171e+01
4.567900000000000205e+01
4.570199999999999818e+01
4.570100000000000051e+01
4.570000000000000284e+01
4.570000000000000284e+01
4.570000000000000284e+01
4.570000000000000284e+01
4.570000000000000284e+01
4.570400000000000063e+01
4.616100000000000136e+01
4.616700000000000159e+01
4.620199999999999818e+01
4.619700000000000273e+01
4.619599999999999795e+01
4.619599999999999795e+01
4.619599999999999795e+01
4.619500000000000028e+01
4.619500000000000028e+01
4.619599999999999795e+01
4.620100000000000051e+01
4.620900000000000318e+01
4.623400000000000176e+01
4.623299999999999699e+01
4.623199999999999932e+01
4.623199999999999932e+01
4.623199999999999932e+01
4.623199999999999932e+01
4.623199999999999932e+01
4.623599999999999710e+01
4.624300000000000210e+01
4.627100000000000080e+01
4.626899999999999835e+01
4.626899999999999835e+01
4.626899999999999835e+01
4.626800000000000068e+01
4.626800000000000068e+01
4.626800000000000068e+01
4.627100000000000080e+01
4.627700000000000102e+01
4.630700000000000216e+01
4.630499999999999972e+01
4.630400000000000205e+01
4.630400000000000205e+01
4.630400000000000205e+01
4.630400000000000205e+01
4.630400000000000205e+01
4.630599999999999739e+01
4.631199999999999761e+01
4.634499999999999886e+01
4.634100000000000108e+01
4.634000000000000341e+01
4.634000000000000341e+01
4.634000000000000341e+01
4.634000000000000341e+01
4.634000000000000341e+01
4.634100000000000108e+01
4.634599999999999653e+01
4.635499999999999687e+01
4.637800000000000011e+01
4.637599999999999767e+01
4.637599999999999767e+01
4.637599999999999767e+01
4.637599999999999767e+01
4.637599999999999767e+01
4.637700000000000244e+01
4.638100000000000023e+01
4.638799999999999812e+01
4.641299999999999670e+01
4.641199999999999903e+01
4.641100000000000136e+01
4.641100000000000136e+01
4.641100000000000136e+01
4.641100000000000136e+01
4.699099999999999966e+01
4.699199999999999733e+01
4.699799999999999756e+01
4.703399999999999892e+01
4.702900000000000347e+01
4.702799999999999869e+01
4.702799999999999869e+01
4.702799999999999869e+01
4.702799999999999869e+01
4.702799999999999869e+01
4.702799999999999869e+01
4.703199999999999648e+01
4.703999999999999915e+01
4.706499999999999773e+01
4.706400000000000006e+01
4.706300000000000239e+01
4.706300000000000239e+01
4.706300000000000239e+01
4.706300000000000239e+01
4.706400000000000006e+01
4.706700000000000017e+01
4.707399999999999807e+01
4.710199999999999676e+01
4.710099999999999909e+01
4.710000000000000142e+01
4.710000000000000142e+01
4.710000000000000142e+01
4.710000000000000142e+01
4.710000000000000142e+01
4.710199999999999676e+01
4.710799999999999699e+01
4.713900000000000290e+01
4.713700000000000045e+01
4.713600000000000279e+01
4.713600000000000279e+01
4.713600000000000279e+01
4.714000000000000057e+01
4.714800000000000324e+01
4.715699999999999648e+01
4.716400000000000148e+01
4.716700000000000159e+01
4.716799999999999926e+01
4.716799999999999926e+01
4.716700000000000159e+01
4.716599999999999682e+01
4.716700000000000159e+01
4.716899999999999693e+01
4.720499999999999829e+01
4.720199999999999818e+01
4.720100000000000051e+01
4.720100000000000051e+01
4.720100000000000051e+01
4.720100000000000051e+01
4.720100000000000051e+01
4.720199999999999818e+01
4.720799999999999841e+01
4.724499999999999744e+01
4.724000000000000199e+01
4.723899999999999721e+01
4.723799999999999955e+01
4.723799999999999955e+01
4.723799999999999955e+01
4.770600000000000307e+01
4.770700000000000074e+01
4.771200000000000330e+01
4.772099999999999653e+01
4.774499999999999744e+01
4.774399999999999977e+01
4.774300000000000210e+01
4.774300000000000210e+01
4.774300000000000210e+01
4.774300000000000210e+01
4.774300000000000210e+01
4.774699999999999989e+01
4.775500000000000256e+01
4.778099999999999881e+01
4.778000000000000114e+01
4.777900000000000347e+01
4.777900000000000347e+01
4.777900000000000347e+01
4.777900000000000347e+01
4.777900000000000347e+01
4.778199999999999648e+01
4.778900000000000148e+01
4.781700000000000017e+01
4.781600000000000250e+01
4.781600000000000250e+01
4.781499999999999773e+01
4.781499999999999773e+01
4.781499999999999773e+01
4.781499999999999773e+01
4.781700000000000017e+01
4.782399999999999807e+01
4.785499999999999687e+01
4.785199999999999676e+01
4.785199999999999676e+01
4.785099999999999909e+01
4.785099999999999909e+01
4.785099999999999909e+01
4.785099999999999909e+01
4.785199999999999676e+01
4.785799999999999699e+01
4.789399999999999835e+01
4.788900000000000290e+01
4.788799999999999812e+01
4.788799999999999812e+01
4.788799999999999812e+01
4.788799999999999812e+01
4.788700000000000045e+01
4.788799999999999812e+01
4.789200000000000301e+01
4.790100000000000335e+01
4.792499999999999716e+01
4.792399999999999949e+01
4.792399999999999949e+01
4.792399999999999949e+01
4.792399999999999949e+01
4.792399999999999949e+01
4.792399999999999949e+01
4.792699999999999960e+01
4.793399999999999750e+01
4.796200000000000330e+01
4.796000000000000085e+01
4.841899999999999693e+01
4.841899999999999693e+01
4.842300000000000182e+01
4.843099999999999739e+01
4.845700000000000074e+01
4.845600000000000307e+01
4.845499999999999829e+01
4.845499999999999829e+01
4.845499999999999829e+01
4.845499999999999829e+01
4.845600000000000307e+01
4.845900000000000318e+01
4.846500000000000341e+01
4.849300000000000210e+01
4.849099999999999966e+01
4.849099999999999966e+01
4.849099999999999966e+01
4.849099999999999966e+01
4.849399999999999977e+01
4.850200000000000244e+01
4.852300000000000324e+01
4.852100000000000080e+01
4.852100000000000080e+01
4.852100000000000080e+01
4.852100000000000080e+01
4.852100000000000080e+01
4.852100000000000080e+01
4.852400000000000091e+01
4.853099999999999881e+01
4.855899999999999750e+01
4.855700000000000216e+01
4.855700000000000216e+01
4.855599999999999739e+01
4.855599999999999739e+01
4.855599999999999739e+01
4.855599999999999739e+01
4.855799999999999983e+01
4.856400000000000006e+01
4.859799999999999898e+01
4.859499999999999886e+01
4.859400000000000119e+01
4.859300000000000352e+01
4.859300000000000352e+01
4.859300000000000352e+01
4.859300000000000352e+01
4.859400000000000119e+01
4.859899999999999665e+01
4.860799999999999699e+01
4.863100000000000023e+01
4.863000000000000256e+01
4.863000000000000256e+01
4.863000000000000256e+01
4.863000000000000256e+01
4.863000000000000256e+01
4.863000000000000256e+01
4.863400000000000034e+01
4.864200000000000301e+01
4.866799999999999926e+01
4.866700000000000159e+01
