1.591623193850261927e+09
1.591623194049936056e+09
1.591623194249826908e+09
1.591623194449618101e+09
1.591623194649908066e+09
1.591623194849744081e+09
1.591623195050035000e+09
1.591623195251979113e+09
1.591623195450134039e+09
1.591623195653578043e+09
1.591623195852637053e+09
1.591623196051640987e+09
1.591623196250406027e+09
1.591623196450112104e+09
1.591623196650365114e+09
1.591623196848263979e+09
1.591623197048599005e+09
1.591623197250456095e+09
1.591623197448795080e+09
1.591623197650147915e+09
1.591623197850847006e+09
1.591623198190385103e+09
1.591623198257877111e+09
1.591623198450747967e+09
1.591623198650639057e+09
1.591623198851001978e+09
1.591623199048746109e+09
1.591623199251074076e+09
1.591623199448882103e+09
1.591623199649185896e+09
1.591623199848896980e+09
1.591623200047700882e+09
1.591623200249157906e+09
1.591623200449279070e+09
1.591623200649046898e+09
1.591623200848908901e+09
1.591623201047523022e+09
1.591623201249106884e+09
1.591623201448964119e+09
1.591623201647480965e+09
1.591623201848691940e+09
1.591623202049411058e+09
1.591623202249919891e+09
1.591623202447330952e+09
1.591623202647448063e+09
1.591623202848992109e+09
1.591623203187726021e+09
1.591623203265646935e+09
1.591623203446435928e+09
1.591623203648164988e+09
1.591623203846440077e+09
1.591623204046279907e+09
1.591623204246541023e+09
1.591623204448256016e+09
1.591623204646946907e+09
1.591623204846235991e+09
1.591623205046494961e+09
1.591623205248450041e+09
1.591623205448198080e+09
1.591623205648575068e+09
1.591623205848054886e+09
1.591623206048654079e+09
1.591623206246845961e+09
1.591623206446588993e+09
1.591623206646946907e+09
1.591623206844975948e+09
1.591623207047116041e+09
1.591623207244909048e+09
1.591623207447199106e+09
1.591623207647002935e+09
1.591623207846921921e+09
1.591623208184910059e+09
1.591623208265630960e+09
1.591623208444943905e+09
1.591623208646687031e+09
1.591623208847105026e+09
1.591623209044912100e+09
1.591623209247648954e+09
1.591623209445353031e+09
1.591623209645307064e+09
1.591623209845032930e+09
1.591623210045355082e+09
1.591623210243081093e+09
1.591623210443450928e+09
1.591623210645088911e+09
1.591623210845623970e+09
1.591623211043422937e+09
1.591623211243078947e+09
1.591623211443794012e+09
1.591623211645169973e+09
1.591623211843471050e+09
1.591623212045278072e+09
1.591623212244426966e+09
1.591623212443522930e+09
1.591623212645953894e+09
1.591623212846245050e+09
1.591623213046247959e+09
1.591623213244795084e+09
1.591623213443983078e+09
1.591623213643837929e+09
1.591623213842705965e+09
1.591623214044075966e+09
1.591623214244982958e+09
1.591623214441940069e+09
1.591623214644443035e+09
1.591623214842406034e+09
1.591623215044207096e+09
1.591623215241854906e+09
1.591623215444183111e+09
1.591623215644175053e+09
1.591623215843035936e+09
1.591623216042836905e+09
1.591623216243774891e+09
1.591623216444773912e+09
1.591623216644990921e+09
1.591623216842714071e+09
1.591623217042896032e+09
1.591623217243357897e+09
1.591623217442528009e+09
1.591623217642129898e+09
1.591623217842382908e+09
1.591623218167174101e+09
1.591623218251224995e+09
1.591623218441903114e+09
1.591623218643248081e+09
1.591623218843660116e+09
1.591623219043354988e+09
1.591623219244631052e+09
1.591623219441457033e+09
1.591623219643047094e+09
1.591623219842757940e+09
1.591623220043060064e+09
1.591623220242600918e+09
1.591623220441977978e+09
1.591623220639904022e+09
1.591623220841975927e+09
1.591623221041657925e+09
1.591623221242749929e+09
1.591623221441234112e+09
1.591623221639554977e+09
1.591623221841363907e+09
1.591623222041570902e+09
1.591623222241919994e+09
1.591623222441458941e+09
1.591623222641313076e+09
1.591623222839497089e+09
1.591623223161566019e+09
1.591623223249500036e+09
1.591623223436979055e+09
1.591623229620593071e+09
1.591623229832201004e+09
1.591623230033586979e+09
1.591623230233396053e+09
1.591623230432354927e+09
1.591623230631921053e+09
1.591623230830154896e+09
1.591623231029740095e+09
1.591623231232402086e+09
1.591623231432001114e+09
1.591623231633903980e+09
1.591623231832325935e+09
1.591623232030230045e+09
1.591623232230165005e+09
1.591623232432679892e+09
1.591623232633410931e+09
1.591623232833431005e+09
1.591623233030976057e+09
1.591623233233340025e+09
1.591623233426841974e+09
1.591623233632869959e+09
1.591623233831379890e+09
1.591623234029499054e+09
1.591623234231836081e+09
1.591623234431950092e+09
1.591623234632260084e+09
1.591623234831032038e+09
1.591623235030369997e+09
1.591623235231894970e+09
1.591623235430370092e+09
1.591623235631876945e+09
1.591623235830354929e+09
1.591623236030414104e+09
1.591623236232755899e+09
1.591623236432147980e+09
1.591623236630358934e+09
1.591623236830244064e+09
1.591623237029928923e+09
1.591623237230123997e+09
1.591623237429824114e+09
1.591623237629976988e+09
1.591623237833003998e+09
1.591623238027359009e+09
1.591623238230254889e+09
1.591623238569441080e+09
1.591623238706706047e+09
1.591623238853827953e+09
1.591623239029952049e+09
1.591623239228081942e+09
1.591623239427763939e+09
1.591623239630539894e+09
1.591623239827819109e+09
1.591623240028146029e+09
1.591623240227703094e+09
1.591623240428236961e+09
1.591623240629786968e+09
1.591623240829016924e+09
1.591623241028255939e+09
1.591623241229006052e+09
1.591623241426225901e+09
1.591623241626776934e+09
1.591623241827126980e+09
1.591623242026501894e+09
1.591623242226464033e+09
1.591623242430067062e+09
1.591623242626496077e+09
1.591623242829756975e+09
1.591623243030502081e+09
1.591623243227391005e+09
1.591623243566956043e+09
1.591623243691407919e+09
1.591623243842884064e+09
1.591623244027451992e+09
1.591623244228807926e+09
1.591623244427361965e+09
1.591623244627070904e+09
1.591623244828048944e+09
1.591623245025028944e+09
1.591623245225812912e+09
1.591623245427252054e+09
1.591623245627435923e+09
1.591623245826607943e+09
1.591623246027523994e+09
1.591623246227504015e+09
1.591623246427778959e+09
1.591623246625586987e+09
1.591623246826664925e+09
1.591623247023103952e+09
1.591623247225366116e+09
1.591623247426100016e+09
1.591623247625492096e+09
1.591623247826457024e+09
1.591623248023366928e+09
1.591623248223592043e+09
1.591623248426352024e+09
1.591623248626123905e+09
1.591623248824526072e+09
1.591623249023658991e+09
1.591623249223668098e+09
1.591623249424417973e+09
1.591623249623536110e+09
1.591623249825979948e+09
1.591623250025767088e+09
1.591623250225063086e+09
1.591623250424624920e+09
1.591623250625216007e+09
1.591623250823556900e+09
1.591623251024970055e+09
1.591623251221829891e+09
1.591623251425812960e+09
1.591623251622315884e+09
1.591623251822963953e+09
1.591623252022891045e+09
1.591623252223148108e+09
1.591623252424626112e+09
1.591623252625027895e+09
1.591623252823834896e+09
1.591623253023348093e+09
1.591623253225004911e+09
1.591623253423733950e+09
1.591623253620590925e+09
1.591623253823106050e+09
1.591623254023499966e+09
1.591623254225204945e+09
1.591623254423532009e+09
1.591623254623374939e+09
1.591623254823050976e+09
1.591623255023744106e+09
1.591623255220886946e+09
1.591623255423996925e+09
1.591623255620999098e+09
1.591623255823908091e+09
1.591623256021109104e+09
1.591623256221652985e+09
1.591623256423768997e+09
1.591623256624505997e+09
1.591623256822719097e+09
1.591623257024235964e+09
1.591623257223805904e+09
1.591623257422143936e+09
1.591623257621886015e+09
1.591623257822578907e+09
1.591623258019875050e+09
1.591623258219856977e+09
1.591623258536061049e+09
1.591623258649070024e+09
1.591623258820569038e+09
1.591623259019660950e+09
1.591623259219587088e+09
1.591623259420417070e+09
1.591623265800733089e+09
1.591623266013907909e+09
1.591623266214131117e+09
1.591623266412072897e+09
1.591623266614243984e+09
1.591623266813724041e+09
1.591623267015285969e+09
1.591623267212974072e+09
1.591623267412565947e+09
1.591623267616295099e+09
1.591623267814464092e+09
1.591623268013274908e+09
1.591623268211348057e+09
1.591623268410873890e+09
1.591623268612318993e+09
1.591623268810527086e+09
1.591623269010783911e+09
1.591623269210422993e+09
1.591623269411320925e+09
1.591623269610240936e+09
1.591623269813654900e+09
1.591623270010699987e+09
1.591623270211016893e+09
1.591623270411031008e+09
1.591623270610673904e+09
1.591623270810425043e+09
1.591623271010766029e+09
1.591623271210671902e+09
1.591623271412084103e+09
1.591623271611314058e+09
1.591623271809442997e+09
1.591623272009886026e+09
1.591623272209547997e+09
1.591623272410208941e+09
1.591623272611809015e+09
1.591623272809304953e+09
1.591623273009677887e+09
1.591623273212117910e+09
1.591623273410372019e+09
1.591623273611921072e+09
1.591623273811479092e+09
1.591623274012691021e+09
1.591623274212923050e+09
1.591623274413141966e+09
1.591623274612363100e+09
1.591623274942204952e+09
1.591623275057022095e+09
1.591623275203898907e+09
1.591623275409221888e+09
1.591623275609148979e+09
1.591623275809962034e+09
1.591623276010214090e+09
1.591623276208646059e+09
1.591623276411742926e+09
1.591623276609688997e+09
1.591623276811439991e+09
1.591623277008953094e+09
1.591623277211357117e+09
1.591623277412465096e+09
1.591623277609771013e+09
1.591623277811028004e+09
1.591623278007769108e+09
1.591623278208803892e+09
1.591623278408879042e+09
1.591623278608995914e+09
1.591623278809057951e+09
1.591623279007018089e+09
1.591623279209153891e+09
1.591623279410381079e+09
1.591623279606944084e+09
1.591623279954154968e+09
1.591623280073402882e+09
1.591623280224666119e+09
1.591623280407814980e+09
1.591623280607254028e+09
1.591623280807285070e+09
1.591623281008902073e+09
1.591623281208416939e+09
1.591623281408646107e+09
1.591623281607868910e+09
1.591623281807833910e+09
1.591623282005534887e+09
1.591623282205568075e+09
1.591623282408391953e+09
1.591623282605118990e+09
1.591623282807898998e+09
1.591623283005353928e+09
1.591623283205413103e+09
1.591623283407859087e+09
1.591623283617464066e+09
1.591623283805596113e+09
1.591623284004936934e+09
1.591623284205197096e+09
1.591623284408200026e+09
1.591623284606406927e+09
1.591623284805617094e+09
1.591623285004929066e+09
1.591623285206418037e+09
1.591623285406028032e+09
1.591623285606110096e+09
1.591623285806935072e+09
1.591623286005913973e+09
1.591623286207153082e+09
1.591623286406722069e+09
1.591623286605082989e+09
1.591623286807002068e+09
1.591623287007358074e+09
1.591623287204936981e+09
1.591623287406769037e+09
1.591623287605637074e+09
1.591623287805598021e+09
1.591623288007916927e+09
1.591623288204301119e+09
1.591623288403860092e+09
1.591623288604907036e+09
1.591623288800455093e+09
1.591623289004137039e+09
1.591623289204905033e+09
1.591623289405101061e+09
1.591623289604721069e+09
1.591623289803639889e+09
1.591623290005485058e+09
1.591623290203679085e+09
1.591623290405728102e+09
1.591623290603164911e+09
1.591623290805579901e+09
1.591623291003365993e+09
1.591623291203130007e+09
1.591623291404603958e+09
1.591623291603981018e+09
1.591623291803673029e+09
1.591623292004571915e+09
1.591623292203399897e+09
1.591623292403472900e+09
1.591623292601193905e+09
1.591623292803220987e+09
1.591623293003388882e+09
1.591623293204137087e+09
1.591623293401545048e+09
1.591623293604316950e+09
1.591623293802267075e+09
1.591623294005091906e+09
1.591623294201999903e+09
1.591623294402221918e+09
1.591623294603678942e+09
1.591623294803627014e+09
1.591623295005100012e+09
1.591623295202321053e+09
1.591623295402137041e+09
1.591623301767965078e+09
1.591623301996643066e+09
1.591623302197160959e+09
1.591623302393943071e+09
1.591623302593198061e+09
1.591623302794148922e+09
1.591623302993190050e+09
1.591623303194144964e+09
1.591623303394252062e+09
1.591623303595232010e+09
1.591623303792634010e+09
1.591623303996851921e+09
1.591623304189162016e+09
1.591623304393565893e+09
1.591623304593574047e+09
1.591623304795597076e+09
1.591623304995819092e+09
1.591623305195924044e+09
1.591623305395350933e+09
1.591623305593750954e+09
1.591623305796895981e+09
1.591623305994788885e+09
1.591623306193924904e+09
1.591623306391606092e+09
1.591623306593501091e+09
1.591623306791548967e+09
1.591623306992536068e+09
1.591623307191714048e+09
1.591623307391453981e+09
1.591623307594041109e+09
1.591623307792357922e+09
1.591623307993701935e+09
1.591623308192467928e+09
1.591623308392473936e+09
1.591623308594343901e+09
1.591623308789057016e+09
1.591623308995526075e+09
1.591623309189806938e+09
1.591623309391969919e+09
1.591623309592057943e+09
1.591623309792311907e+09
1.591623309989568949e+09
1.591623310191519976e+09
1.591623310389734030e+09
1.591623310591939926e+09
1.591623310792433023e+09
1.591623310992219925e+09
1.591623311192145109e+09
1.591623311393383026e+09
1.591623311590965986e+09
1.591623311792824030e+09
1.591623311991815090e+09
1.591623312192955017e+09
1.591623312392018080e+09
1.591623312591845989e+09
1.591623312792687893e+09
1.591623312991286039e+09
1.591623313190944910e+09
1.591623313390774965e+09
1.591623313589500904e+09
1.591623313791862011e+09
1.591623313989522934e+09
1.591623314191167116e+09
1.591623314388685942e+09
1.591623314593261003e+09
1.591623314790273905e+09
1.591623314990230083e+09
1.591623315192437887e+09
1.591623315388763905e+09
1.591623315589159012e+09
1.591623315791039944e+09
1.591623315991976976e+09
1.591623316189675093e+09
1.591623316390950918e+09
1.591623316590353012e+09
1.591623316789298058e+09
1.591623316989759922e+09
1.591623317187717915e+09
1.591623317389687061e+09
1.591623317589131117e+09
1.591623317789745092e+09
1.591623317989876986e+09
1.591623318187609911e+09
1.591623318391143084e+09
1.591623318590074062e+09
1.591623318789870977e+09
1.591623318990365982e+09
1.591623319189657927e+09
1.591623319389022112e+09
1.591623319591674089e+09
1.591623319789521933e+09
1.591623319988853931e+09
1.591623320187043905e+09
1.591623320388926029e+09
1.591623320590958118e+09
1.591623320788042068e+09
1.591623320988956928e+09
1.591623321187031984e+09
1.591623321387109041e+09
1.591623321589490891e+09
1.591623321787302017e+09
1.591623321986382961e+09
1.591623322189336061e+09
1.591623322387516022e+09
1.591623322587255955e+09
1.591623322787476063e+09
1.591623322987119913e+09
1.591623323185444117e+09
1.591623323383795977e+09
1.591623323588026047e+09
1.591623323786000013e+09
1.591623323986733913e+09
1.591623324343406916e+09
1.591623324498195887e+09
1.591623324654604912e+09
1.591623324808542013e+09
1.591623324987472057e+09
1.591623325185158968e+09
1.591623325390954018e+09
1.591623325586935043e+09
1.591623325786521912e+09
1.591623325987802982e+09
1.591623326185759068e+09
1.591623326386044979e+09
1.591623326587361097e+09
1.591623326786887884e+09
1.591623326984021902e+09
1.591623327184073925e+09
1.591623327386728048e+09
1.591623327586827993e+09
1.591623327783889055e+09
1.591623327983190060e+09
1.591623328184634924e+09
1.591623328383403063e+09
1.591623328585731983e+09
1.591623328784960032e+09
1.591623328983985901e+09
1.591623329332688093e+09
1.591623329486413956e+09
1.591623329645091057e+09
1.591623329806044102e+09
1.591623329984865904e+09
1.591623330182065010e+09
1.591623330385668993e+09
1.591623330584393978e+09
1.591623330781707048e+09
1.591623330982914925e+09
1.591623331183568954e+09
1.591623331385494947e+09
1.591623337739093065e+09
1.591623337973947048e+09
1.591623338174423933e+09
1.591623338373992920e+09
1.591623338575562954e+09
1.591623338777718067e+09
1.591623338976412058e+09
1.591623339177520990e+09
1.591623339376413107e+09
1.591623339571196079e+09
1.591623339774419069e+09
1.591623339974709034e+09
1.591623340174292088e+09
1.591623340374771118e+09
1.591623340574429035e+09
1.591623340775441885e+09
1.591623340972323895e+09
1.591623341173054934e+09
1.591623341371994972e+09
1.591623341572810888e+09
1.591623341774286985e+09
1.591623341975184917e+09
1.591623342176156998e+09
1.591623342372132063e+09
1.591623342573596954e+09
1.591623342771815062e+09
1.591623342975922108e+09
1.591623343173748970e+09
1.591623343374099016e+09
1.591623343573935986e+09
1.591623343771667957e+09
1.591623343976326942e+09
1.591623344174421072e+09
1.591623344373894930e+09
1.591623344572614908e+09
1.591623344771996021e+09
1.591623344973279953e+09
1.591623345171998024e+09
1.591623345371612072e+09
1.591623345573002100e+09
1.591623345769726992e+09
1.591623345971162081e+09
1.591623346174259901e+09
1.591623346374026060e+09
1.591623346571782112e+09
1.591623346769355059e+09
1.591623346972949028e+09
1.591623347172830105e+09
1.591623347372431040e+09
1.591623347573965073e+09
1.591623347772834063e+09
1.591623347971913099e+09
1.591623348170141935e+09
1.591623348372049093e+09
1.591623348573343992e+09
1.591623348775213003e+09
1.591623348970724106e+09
1.591623349171204090e+09
1.591623349370646000e+09
1.591623349709769964e+09
1.591623349876625061e+09
1.591623350040815115e+09
1.591623350208214045e+09
1.591623350380306005e+09
1.591623350572880030e+09
1.591623350776793003e+09
1.591623350971287966e+09
1.591623351173768997e+09
1.591623351371859074e+09
1.591623351570687056e+09
1.591623351778481960e+09
1.591623351972245932e+09
1.591623352170283079e+09
1.591623352369426966e+09
1.591623352568969011e+09
1.591623352770061970e+09
1.591623352969429970e+09
1.591623353170861006e+09
1.591623353369915962e+09
1.591623353571964025e+09
1.591623353782876968e+09
1.591623353970170975e+09
1.591623354171147108e+09
1.591623354370933056e+09
1.591623354708359957e+09
1.591623354886637926e+09
1.591623355058743000e+09
1.591623355222632885e+09
1.591623355390369892e+09
1.591623355568079948e+09
1.591623355774743080e+09
1.591623355969517946e+09
1.591623356168158054e+09
1.591623356369112015e+09
1.591623356569211006e+09
1.591623356768767118e+09
1.591623356970748901e+09
1.591623357169991016e+09
1.591623357369869947e+09
1.591623357568161011e+09
1.591623357777940035e+09
1.591623357968949080e+09
1.591623358168231010e+09
1.591623358368750095e+09
1.591623358567863941e+09
1.591623358779488087e+09
1.591623358969536066e+09
1.591623359168091059e+09
1.591623359369568110e+09
1.591623359567415953e+09
1.591623359775536060e+09
1.591623359969180107e+09
1.591623360169343948e+09
1.591623360367960930e+09
1.591623360566924095e+09
1.591623360781707048e+09
1.591623360967588902e+09
1.591623361170067072e+09
1.591623361369206905e+09
1.591623361569103956e+09
1.591623361780172110e+09
1.591623361964941025e+09
1.591623362165482998e+09
1.591623362365833998e+09
1.591623362567652941e+09
1.591623362779086113e+09
1.591623362965362072e+09
1.591623363166419983e+09
1.591623363367613077e+09
1.591623363567934036e+09
1.591623363783133984e+09
1.591623363966598988e+09
1.591623364165321112e+09
1.591623364365540981e+09
1.591623364568351030e+09
1.591623364781770945e+09
1.591623364964492083e+09
1.591623365164809942e+09
1.591623365364707947e+09
1.591623365562316895e+09
1.591623365768686056e+09
1.591623365966368914e+09
1.591623366165692091e+09
1.591623366365492105e+09
1.591623366565519094e+09
1.591623366783566952e+09
1.591623366965210915e+09
1.591623367167102098e+09
1.591623367366336107e+09
1.591623373714652061e+09
1.591623373954102993e+09
1.591623374155273914e+09
1.591623374356901884e+09
1.591623374555305004e+09
1.591623374765446901e+09
1.591623374956340075e+09
1.591623375155320883e+09
1.591623375357589006e+09
1.591623375561247110e+09
1.591623375770338058e+09
1.591623375956404924e+09
1.591623376153714895e+09
1.591623376354592085e+09
1.591623376556346893e+09
1.591623376766994953e+09
1.591623376955213070e+09
1.591623377151834011e+09
1.591623377359937906e+09
1.591623377555649042e+09
1.591623377760061026e+09
1.591623377954914093e+09
1.591623378153851032e+09
1.591623378356128931e+09
1.591623378555851936e+09
1.591623378769344091e+09
1.591623378958758116e+09
1.591623379154907942e+09
1.591623379354552984e+09
1.591623379552125931e+09
1.591623379758667946e+09
1.591623379953573942e+09
1.591623380154445887e+09
1.591623380352360010e+09
1.591623380552506924e+09
1.591623380758071899e+09
1.591623380952491045e+09
1.591623381155121088e+09
1.591623381355051041e+09
1.591623381552763939e+09
1.591623381763509989e+09
1.591623381950619936e+09
1.591623382152322054e+09
1.591623382351022005e+09
1.591623382552159071e+09
1.591623382771982908e+09
1.591623382953243971e+09
1.591623383150883913e+09
1.591623383351500988e+09
1.591623383552485943e+09
1.591623383776878119e+09
1.591623383961246014e+09
1.591623384151087046e+09
1.591623384350615978e+09
1.591623384553601027e+09
1.591623384762219906e+09
1.591623384953119040e+09
1.591623385151190996e+09
1.591623385351320982e+09
1.591623385548269987e+09
1.591623385765502930e+09
1.591623385958863974e+09
1.591623386149678946e+09
1.591623386351949930e+09
1.591623386548990965e+09
1.591623386752047062e+09
1.591623386949744940e+09
1.591623387151809931e+09
1.591623387349989891e+09
1.591623387550729036e+09
1.591623387776508093e+09
1.591623387965399981e+09
1.591623388159440041e+09
1.591623388356204033e+09
1.591623388547681093e+09
1.591623388766824961e+09
1.591623388964917898e+09
1.591623389156048059e+09
1.591623389350889921e+09
1.591623389549884081e+09
1.591623389766525984e+09
1.591623389969301939e+09
1.591623390166966915e+09
1.591623390358498096e+09
1.591623390552707911e+09
1.591623390783726931e+09
1.591623390978442907e+09
1.591623391166867971e+09
1.591623391368510962e+09
1.591623391572947025e+09
1.591623391800148010e+09
1.591623391994472980e+09
1.591623392186127901e+09
1.591623392377862930e+09
1.591623392574635029e+09
1.591623392807460070e+09
1.591623392996164083e+09
1.591623393186638117e+09
1.591623393378534079e+09
1.591623393584654093e+09
1.591623393813667059e+09
1.591623394008469105e+09
1.591623394198957920e+09
1.591623394392036915e+09
1.591623394579588890e+09
1.591623394812803030e+09
1.591623395015160084e+09
1.591623395208271027e+09
1.591623395409410000e+09
1.591623395607666016e+09
1.591623395832782984e+09
1.591623396028033972e+09
1.591623396222167969e+09
1.591623396418674946e+09
1.591623396617221117e+09
1.591623396832683086e+09
1.591623397024399996e+09
1.591623397225079060e+09
1.591623397420670033e+09
1.591623397612409115e+09
1.591623397834222078e+09
1.591623398023711920e+09
1.591623398223987103e+09
1.591623398417936087e+09
1.591623398626106024e+09
1.591623398835220098e+09
1.591623399031516075e+09
1.591623399223548889e+09
1.591623399420852900e+09
1.591623399622478962e+09
1.591623399837940931e+09
1.591623400032490969e+09
1.591623400236855984e+09
1.591623400446527004e+09
1.591623400641318083e+09
1.591623400843086004e+09
1.591623401044037104e+09
1.591623401247440100e+09
1.591623401450017929e+09
1.591623401650069952e+09
1.591623401851851940e+09
1.591623402046485901e+09
1.591623402253177881e+09
1.591623402449048042e+09
1.591623402645275116e+09
1.591623402850012064e+09
1.591623403044043064e+09
1.591623403243454933e+09
1.591623409487529039e+09
1.591623409736639977e+09
1.591623409949002028e+09
1.591623410150366068e+09
1.591623410351614952e+09
1.591623410551094055e+09
1.591623410788161039e+09
1.591623410986896038e+09
1.591623411195565939e+09
1.591623411397171021e+09
1.591623411595473051e+09
1.591623411832178116e+09
1.591623412035408974e+09
1.591623412236855984e+09
1.591623412435628891e+09
1.591623412636333942e+09
1.591623412842698097e+09
1.591623413047235012e+09
1.591623413247797966e+09
1.591623413449395895e+09
1.591623413648324013e+09
1.591623413866146088e+09
1.591623414070734978e+09
1.591623414280350924e+09
1.591623414488610983e+09
1.591623414696877003e+09
1.591623414904025078e+09
1.591623415106930971e+09
1.591623415309995890e+09
1.591623415514413118e+09
1.591623415721426964e+09
1.591623415938709974e+09
1.591623416144233942e+09
1.591623416351332903e+09
1.591623416568413019e+09
1.591623416804332018e+09
1.591623417012137890e+09
1.591623417212579966e+09
1.591623417416311979e+09
1.591623417624681950e+09
1.591623417839731932e+09
1.591623418056888103e+09
1.591623418328521013e+09
1.591623418541943073e+09
1.591623418787144899e+09
1.591623419005484104e+09
1.591623419213776112e+09
1.591623419426286936e+09
1.591623419634362936e+09
1.591623419838001013e+09
1.591623420057898045e+09
1.591623420269994974e+09
1.591623420483393908e+09
1.591623420697436094e+09
1.591623420911876917e+09
1.591623421117605925e+09
1.591623421326961994e+09
1.591623421542016029e+09
1.591623421751018047e+09
1.591623421969948053e+09
1.591623422185940981e+09
1.591623422400821924e+09
1.591623422607460022e+09
1.591623422851105928e+09
1.591623423060097933e+09
1.591623423269064903e+09
1.591623423480679989e+09
1.591623423688124895e+09
1.591623423901350021e+09
1.591623424110822916e+09
1.591623424321552992e+09
1.591623424531959057e+09
1.591623424745404005e+09
1.591623424965193987e+09
1.591623425172540903e+09
1.591623425381783009e+09
1.591623425590188026e+09
1.591623425839533091e+09
1.591623426053555965e+09
1.591623426267648935e+09
1.591623426480195999e+09
1.591623426698071003e+09
1.591623426914526939e+09
1.591623427131323099e+09
1.591623427343493938e+09
1.591623427558926105e+09
1.591623427805778980e+09
1.591623428017463923e+09
1.591623428231237888e+09
1.591623428442169905e+09
1.591623428660151958e+09
1.591623428878191948e+09
1.591623429092453003e+09
1.591623429304482937e+09
1.591623429518815994e+09
1.591623429742372036e+09
1.591623429964167118e+09
1.591623430175479889e+09
1.591623430387722015e+09
1.591623430608887911e+09
1.591623430847330093e+09
1.591623431066453934e+09
1.591623431286000967e+09
1.591623431507663012e+09
1.591623431722055912e+09
1.591623431939497948e+09
1.591623432154840946e+09
1.591623432372574091e+09
1.591623432598252058e+09
1.591623432850918055e+09
1.591623433078265905e+09
1.591623433298494101e+09
1.591623433674053907e+09
1.591623433899895906e+09
1.591623434120465994e+09
1.591623434335822105e+09
1.591623434551702976e+09
1.591623434793184042e+09
1.591623435015203953e+09
1.591623435232532024e+09
1.591623435450684071e+09
1.591623435662638903e+09
1.591623435884310007e+09
1.591623436101938963e+09
1.591623436326246023e+09
1.591623436544466972e+09
1.591623436793802977e+09
1.591623437022938013e+09
1.591623437237807035e+09
1.591623437468034983e+09
1.591623437691112041e+09
1.591623437922188997e+09
1.591623438137515068e+09
1.591623438357803106e+09
1.591623438575177908e+09
1.591623438830645084e+09
1.591623439054584980e+09
1.591623439275315046e+09
1.591623445459515095e+09
1.591623445717686892e+09
1.591623445944874048e+09
1.591623446172832012e+09
1.591623446401827097e+09
1.591623446626741886e+09
1.591623446864936113e+09
1.591623447089289904e+09
1.591623447321346045e+09
1.591623447554148912e+09
1.591623447809633017e+09
1.591623448033421993e+09
1.591623448258966923e+09
1.591623448485811949e+09
1.591623448866633892e+09
1.591623449092719078e+09
1.591623449325932026e+09
1.591623449555963039e+09
1.591623449809747934e+09
1.591623450044173002e+09
1.591623450272710085e+09
1.591623450502835989e+09
1.591623450735070944e+09
1.591623450965471983e+09
1.591623451200247049e+09
1.591623451432600975e+09
1.591623451661267996e+09
1.591623451896759033e+09
1.591623452122092009e+09
1.591623452347487926e+09
1.591623452583410025e+09
1.591623452850877047e+09
1.591623453079860926e+09
1.591623453309700966e+09
1.591623453538760900e+09
1.591623453946871996e+09
1.591623454176284075e+09
1.591623454411474943e+09
1.591623454646063089e+09
1.591623454871947050e+09
1.591623455094616890e+09
1.591623455318219900e+09
1.591623455556797981e+09
1.591623455816303968e+09
1.591623456049566031e+09
1.591623456279958963e+09
1.591623456511948109e+09
1.591623456741424084e+09
1.591623456976310968e+09
1.591623457204040051e+09
1.591623457431678057e+09
1.591623457666992903e+09
1.591623457900343895e+09
1.591623458127363920e+09
1.591623458360560894e+09
1.591623458592904091e+09
1.591623459005311012e+09
1.591623459245521069e+09
1.591623459485227108e+09
1.591623459722397089e+09
1.591623459958384991e+09
1.591623460205105066e+09
1.591623460432971954e+09
1.591623460661046982e+09
1.591623460897238016e+09
1.591623461129457951e+09
1.591623461357251883e+09
1.591623461587393999e+09
1.591623461853034973e+09
1.591623462091603041e+09
1.591623462330015898e+09
1.591623462560411930e+09
1.591623462823604107e+09
1.591623463059957981e+09
1.591623463291758060e+09
1.591623463527774096e+09
1.591623463796196938e+09
1.591623464028690100e+09
1.591623464260893106e+09
1.591623464495340109e+09
1.591623464732379913e+09
1.591623464968024015e+09
1.591623465212357998e+09
1.591623465447237015e+09
1.591623465685321093e+09
1.591623465924557924e+09
1.591623466160948992e+09
1.591623466401056051e+09
1.591623466634145021e+09
1.591623466873425961e+09
1.591623467109282017e+09
1.591623467342792988e+09
1.591623467575514078e+09
1.591623467850941896e+09
1.591623468087600946e+09
1.591623468334513903e+09
1.591623468578514099e+09
1.591623468976618052e+09
1.591623469212471008e+09
1.591623469451024055e+09
1.591623469692082882e+09
1.591623469934828997e+09
1.591623470175465107e+09
1.591623470413727999e+09
1.591623470650579929e+09
1.591623470889965057e+09
1.591623471128369093e+09
1.591623471366837978e+09
1.591623471604731083e+09
1.591623471872260094e+09
1.591623472108598948e+09
1.591623472347801924e+09
1.591623472591139078e+09
1.591623472869117022e+09
1.591623473112133980e+09
1.591623473352380037e+09
1.591623473592735052e+09
1.591623474005454063e+09
1.591623474249717951e+09
1.591623474496520042e+09
1.591623474741424084e+09
1.591623474994623899e+09
1.591623475241597891e+09
1.591623481630593061e+09
1.591623481893018007e+09
1.591623482132356882e+09
1.591623482378254890e+09
1.591623482615906000e+09
1.591623482881344080e+09
1.591623483119240999e+09
1.591623483365102053e+09
1.591623483613025904e+09
1.591623483883709908e+09
1.591623484133611917e+09
1.591623484376296997e+09
1.591623484616363049e+09
1.591623484868890047e+09
1.591623485112485886e+09
1.591623485361227989e+09
1.591623485609395981e+09
1.591623485872946024e+09
1.591623486121018887e+09
1.591623486366786957e+09
1.591623486617163897e+09
1.591623486873889923e+09
1.591623487119234085e+09
1.591623487358398914e+09
1.591623487596499920e+09
1.591623487873075962e+09
1.591623488121891975e+09
1.591623488368110895e+09
1.591623488607815981e+09
1.591623488881836891e+09
1.591623489129812002e+09
1.591623489379467964e+09
1.591623489631843090e+09
1.591623489886900902e+09
1.591623490131453037e+09
1.591623490375075102e+09
1.591623490624082088e+09
1.591623490880419970e+09
1.591623491129106998e+09
1.591623491374720097e+09
1.591623491616415977e+09
1.591623491875844955e+09
1.591623492132441998e+09
1.591623492376674891e+09
1.591623492626030922e+09
1.591623492880048037e+09
1.591623493125180960e+09
1.591623493372876883e+09
1.591623493617280006e+09
1.591623493877475977e+09
1.591623494273600101e+09
1.591623494517617941e+09
1.591623494760978937e+09
1.591623495016896009e+09
1.591623495266264915e+09
1.591623495514463902e+09
1.591623495762785912e+09
1.591623496021394968e+09
1.591623496271002054e+09
1.591623496520493984e+09
1.591623496771193981e+09
1.591623497024676085e+09
1.591623497279402018e+09
1.591623497531394005e+09
1.591623497786878109e+09
1.591623498035223007e+09
1.591623498288865089e+09
1.591623498543881893e+09
1.591623498823666096e+09
1.591623499178869009e+09
1.591623499428643942e+09
1.591623499679150105e+09
1.591623499933885098e+09
1.591623500189593077e+09
1.591623500440201044e+09
1.591623500688549042e+09
1.591623500942429066e+09
1.591623501193521023e+09
1.591623501445718050e+09
1.591623501694477081e+09
1.591623501949701071e+09
1.591623502206320047e+09
1.591623502462908030e+09
1.591623502716928005e+09
1.591623502970558882e+09
1.591623503225011110e+09
1.591623503477839947e+09
1.591623503742369890e+09
1.591623503999237061e+09
1.591623504256819963e+09
1.591623504516910076e+09
1.591623504775741100e+09
1.591623505039916039e+09
1.591623505299103022e+09
1.591623505557476044e+09
1.591623505853713036e+09
1.591623506117130041e+09
1.591623506368001938e+09
1.591623506620403051e+09
1.591623506884512901e+09
1.591623507145617962e+09
1.591623507405354977e+09
1.591623507658330917e+09
1.591623507918248892e+09
1.591623508173150063e+09
1.591623508426351070e+09
1.591623508682828903e+09
1.591623508941575050e+09
1.591623509341770887e+09
1.591623509598875999e+09
1.591623509887352943e+09
1.591623510147594929e+09
1.591623510402645111e+09
1.591623510659396887e+09
1.591623510922727108e+09
1.591623511180527925e+09
1.591623517604784012e+09
1.591623517887111902e+09
1.591623518142544031e+09
1.591623518395442009e+09
1.591623518650465012e+09
1.591623518910568953e+09
1.591623519170053959e+09
1.591623519425654888e+09
1.591623519688193083e+09
1.591623519950388908e+09
1.591623520210823059e+09
1.591623520465498924e+09
1.591623520726962090e+09
1.591623520990633965e+09
1.591623521249402046e+09
1.591623521505285978e+09
1.591623521765743971e+09
1.591623522034967899e+09
1.591623522292578936e+09
1.591623522567955971e+09
1.591623522863183022e+09
1.591623523121403933e+09
1.591623523381870031e+09
1.591623523639143944e+09
1.591623523906361103e+09
1.591623524168483019e+09
1.591623524575375080e+09
1.591623524878648996e+09
1.591623525147444010e+09
1.591623525416178942e+09
1.591623525676347017e+09
1.591623525942058086e+09
1.591623526207551956e+09
1.591623526465276003e+09
1.591623526731137991e+09
1.591623526998996019e+09
1.591623527264847994e+09
1.591623527530211926e+09
1.591623527793262005e+09
1.591623528057842970e+09
1.591623528320601940e+09
1.591623528585520983e+09
1.591623528881958008e+09
1.591623529146507025e+09
1.591623529554399014e+09
1.591623529851758957e+09
1.591623530118788958e+09
1.591623530390566111e+09
1.591623530662750006e+09
1.591623530932216883e+09
1.591623531195836067e+09
1.591623531462407112e+09
1.591623531730444908e+09
1.591623532006122112e+09
1.591623532269308090e+09
1.591623532535120964e+09
1.591623532799768925e+09
1.591623533072356939e+09
1.591623533339348078e+09
1.591623533616504908e+09
1.591623533901598930e+09
1.591623534170681953e+09
1.591623534584567070e+09
1.591623534887006044e+09
1.591623535157685995e+09
1.591623535427320957e+09
1.591623535697796106e+09
1.591623535971863031e+09
1.591623536240544081e+09
1.591623536512913942e+09
1.591623536791436911e+09
1.591623537064640045e+09
1.591623537345201969e+09
1.591623537611608982e+09
1.591623537899313927e+09
1.591623538175796032e+09
1.591623538451667070e+09
1.591623538728250980e+09
1.591623539001472950e+09
1.591623539271847010e+09
1.591623539541167974e+09
1.591623539844446898e+09
1.591623540121964931e+09
1.591623540391603947e+09
1.591623540670121908e+09
1.591623540941030979e+09
1.591623541208996058e+09
1.591623541485497952e+09
1.591623541765688896e+09
1.591623542038624048e+09
1.591623542316227913e+09
1.591623542590075970e+09
1.591623542899758101e+09
1.591623543170022011e+09
1.591623543439387083e+09
1.591623543716759920e+09
1.591623543998565912e+09
1.591623544273669958e+09
1.591623544546922922e+09
1.591623544815488100e+09
1.591623545097595930e+09
1.591623545368400097e+09
1.591623545643583059e+09
1.591623545920133114e+09
1.591623546192297935e+09
1.591623546464207888e+09
1.591623546737781048e+09
1.591623547012801886e+09
1.591623547288435936e+09
1.591623553769587040e+09
1.591623554053294897e+09
1.591623554325156927e+09
1.591623554695713997e+09
1.591623554974241972e+09
1.591623555254585981e+09
1.591623555529985905e+09
1.591623555801142931e+09
1.591623556083081007e+09
1.591623556360850096e+09
1.591623556643901110e+09
1.591623556924406052e+09
1.591623557196969986e+09
1.591623557467006922e+09
1.591623557747447014e+09
1.591623558028798103e+09
1.591623558308870077e+09
1.591623558584096909e+09
1.591623558888860941e+09
1.591623559164477110e+09
1.591623559440237999e+09
1.591623559854089022e+09
1.591623560134717941e+09
1.591623560409027100e+09
1.591623560681009054e+09
1.591623560964688063e+09
1.591623561246588945e+09
1.591623561522737980e+09
1.591623561794657946e+09
1.591623562071646929e+09
1.591623562355194092e+09
1.591623562630815029e+09
1.591623562914338112e+09
1.591623563197431087e+09
1.591623563479270935e+09
1.591623563758399963e+09
1.591623564037518024e+09
1.591623564314888954e+09
1.591623564601656914e+09
1.591623564903597116e+09
1.591623565186724901e+09
1.591623565471466064e+09
1.591623565753281116e+09
1.591623566044265032e+09
1.591623566321410894e+09
1.591623566594413042e+09
1.591623566906708002e+09
1.591623567185024977e+09
1.591623567465246916e+09
1.591623567743887901e+09
1.591623568023294926e+09
1.591623568307043076e+09
1.591623568583390951e+09
1.591623568894851923e+09
1.591623569174326897e+09
1.591623569458583117e+09
1.591623569885319948e+09
1.591623570166013956e+09
1.591623570441873074e+09
1.591623570725899935e+09
1.591623571008527994e+09
1.591623571292570114e+09
1.591623571578690052e+09
1.591623571897783995e+09
1.591623572178668976e+09
1.591623572461323977e+09
1.591623572748392105e+09
1.591623573033695936e+09
1.591623573314224958e+09
1.591623573596765995e+09
1.591623573909233093e+09
1.591623574189325094e+09
1.591623574467928886e+09
1.591623574889314890e+09
1.591623575173109055e+09
1.591623575451248884e+09
1.591623575732974052e+09
1.591623576016845942e+09
1.591623576305561066e+09
1.591623576593065977e+09
1.591623576909332991e+09
1.591623577194267035e+09
1.591623577485007048e+09
1.591623577776722908e+09
1.591623578061769962e+09
1.591623578348954916e+09
1.591623578629924059e+09
1.591623578917134047e+09
1.591623579207824945e+09
1.591623579491116047e+09
1.591623579918737888e+09
1.591623580220407009e+09
1.591623580507577896e+09
1.591623580799124002e+09
1.591623581092228889e+09
1.591623581381644964e+09
1.591623581664289951e+09
1.591623581955578089e+09
1.591623582239707947e+09
1.591623582532929897e+09
1.591623582815957069e+09
1.591623583103843927e+09
1.591623583390140057e+09
1.591623589737195015e+09
1.591623590168591976e+09
1.591623590456779957e+09
1.591623590747437000e+09
1.591623591046708107e+09
1.591623591341459990e+09
1.591623591641298056e+09
1.591623591943475008e+09
1.591623592236519098e+09
1.591623592534930944e+09
1.591623592829123020e+09
1.591623593128696918e+09
1.591623593428500891e+09
1.591623593729530096e+09
1.591623594029752970e+09
1.591623594322902918e+09
1.591623594616894007e+09
1.591623594942322969e+09
1.591623595234656096e+09
1.591623595531579018e+09
1.591623595821805954e+09
1.591623596117135048e+09
1.591623596409203053e+09
1.591623596703644991e+09
1.591623597005903959e+09
1.591623597298434973e+09
1.591623597596462965e+09
1.591623597929347992e+09
1.591623598223977089e+09
1.591623598519267082e+09
1.591623598815404892e+09
1.591623599121362925e+09
1.591623599423141003e+09
1.591623599726973057e+09
1.591623600136148930e+09
1.591623600439928055e+09
1.591623600742769003e+09
1.591623601054769039e+09
1.591623601355843067e+09
1.591623601652540922e+09
1.591623601956763029e+09
1.591623602252782106e+09
1.591623602555248976e+09
1.591623602881875038e+09
1.591623603178272963e+09
1.591623603480815887e+09
1.591623603786771059e+09
1.591623604092380047e+09
1.591623604397166014e+09
1.591623604695986032e+09
1.591623605093992949e+09
1.591623605390273094e+09
1.591623605688554049e+09
1.591623605990056038e+09
1.591623606293920994e+09
1.591623606602312088e+09
1.591623606926970005e+09
1.591623607228358984e+09
1.591623607530226946e+09
1.591623607830388069e+09
1.591623608129471064e+09
1.591623608426104069e+09
1.591623608726263046e+09
1.591623609025821924e+09
1.591623609330982924e+09
1.591623609635828018e+09
1.591623609960690975e+09
1.591623610260837078e+09
1.591623610561060905e+09
1.591623610893649101e+09
1.591623611197206974e+09
1.591623611497708082e+09
1.591623611805171013e+09
1.591623612108479023e+09
1.591623612420219898e+09
1.591623612716912985e+09
1.591623613021157980e+09
1.591623613333801031e+09
1.591623613640289068e+09
1.591623613946584940e+09
1.591623614255027056e+09
1.591623614558095932e+09
1.591623614901977062e+09
1.591623615209573030e+09
1.591623615510488987e+09
1.591623615817217112e+09
1.591623616122175932e+09
1.591623616432332039e+09
1.591623616739073038e+09
1.591623617048564911e+09
1.591623617352237940e+09
1.591623617655365944e+09
1.591623617967713118e+09
1.591623618276932001e+09
1.591623618578788042e+09
1.591623618916232109e+09
1.591623619219305992e+09
1.591623619535250902e+09
1.591623625903553009e+09
1.591623626210750103e+09
1.591623626507662058e+09
1.591623626808413982e+09
1.591623627109299898e+09
1.591623627416354895e+09
1.591623627720165968e+09
1.591623628024051905e+09
1.591623628332766056e+09
1.591623628637275934e+09
1.591623628941240072e+09
1.591623629244390011e+09
1.591623629553642988e+09
1.591623629903409004e+09
1.591623630220765114e+09
1.591623630660855055e+09
1.591623630966017008e+09
1.591623631272314072e+09
1.591623631576612949e+09
1.591623631919184923e+09
1.591623632234167099e+09
1.591623632537935972e+09
1.591623632888087034e+09
1.591623633200006008e+09
1.591623633504496098e+09
1.591623633803864956e+09
1.591623634110872984e+09
1.591623634415649891e+09
1.591623634719373941e+09
1.591623635035613060e+09
1.591623635351341963e+09
1.591623635660852909e+09
1.591623635975692034e+09
1.591623636287354946e+09
1.591623636601696968e+09
1.591623636937753916e+09
1.591623637247220993e+09
1.591623637563164949e+09
1.591623637921603918e+09
1.591623638233189106e+09
1.591623638535270929e+09
1.591623638838916063e+09
1.591623639155426025e+09
1.591623639470499039e+09
1.591623639781060934e+09
1.591623640090507984e+09
1.591623640396382093e+09
1.591623640707041979e+09
1.591623641019073009e+09
1.591623641323693991e+09
1.591623641633490086e+09
1.591623641947217941e+09
1.591623642266088009e+09
1.591623642575236082e+09
1.591623642919677973e+09
1.591623643228120089e+09
1.591623643539714098e+09
1.591623643850852966e+09
1.591623644167977095e+09
1.591623644481406927e+09
1.591623644791610003e+09
1.591623645107492924e+09
1.591623645417960882e+09
1.591623645732536077e+09
1.591623646045139074e+09
1.591623646354233980e+09
1.591623646676647902e+09
1.591623646990638018e+09
1.591623647307321072e+09
1.591623647622334957e+09
1.591623647938340902e+09
1.591623648248574018e+09
1.591623648559237957e+09
1.591623648900058985e+09
1.591623649209988117e+09
1.591623649526493073e+09
1.591623649836487055e+09
1.591623650159215927e+09
1.591623650472635031e+09
1.591623650786958933e+09
1.591623651104398966e+09
1.591623651416275978e+09
1.591623651735440016e+09
1.591623652056538105e+09
1.591623652371277094e+09
1.591623652687733889e+09
1.591623653011137009e+09
1.591623653327977896e+09
1.591623653649669886e+09
1.591623653976675034e+09
1.591623654290963888e+09
1.591623654606611967e+09
1.591623654943459034e+09
1.591623655265748978e+09
1.591623655664113045e+09
1.591623662074219942e+09
1.591623662392273903e+09
1.591623662713860035e+09
1.591623663037689924e+09
1.591623663363307953e+09
1.591623663691596031e+09
1.591623664012748003e+09
1.591623664335948944e+09
1.591623664657439947e+09
1.591623664986080885e+09
1.591623665309773922e+09
1.591623665637109041e+09
1.591623665973983049e+09
1.591623666303004026e+09
1.591623666625586987e+09
1.591623666956681013e+09
1.591623667289252043e+09
1.591623667610220909e+09
1.591623667945281029e+09
1.591623668262739897e+09
1.591623668583707094e+09
1.591623668946244001e+09
1.591623669267222881e+09
1.591623669593837023e+09
1.591623669958340883e+09
1.591623670283421040e+09
1.591623670603991032e+09
1.591623670988579035e+09
1.591623671312783003e+09
1.591623671642855883e+09
1.591623671970876932e+09
1.591623672298007965e+09
1.591623672617202997e+09
1.591623672955383062e+09
1.591623673284549952e+09
1.591623673606612921e+09
1.591623673945221901e+09
1.591623674271248102e+09
1.591623674607161045e+09
1.591623674950898886e+09
1.591623675281847000e+09
1.591623675607930899e+09
1.591623676092003107e+09
1.591623676420149088e+09
1.591623676747167110e+09
1.591623677086843014e+09
1.591623677420125008e+09
1.591623677742060900e+09
1.591623678069663048e+09
1.591623678394171953e+09
1.591623678718539000e+09
1.591623679050393105e+09
1.591623679370712996e+09
1.591623679697602034e+09
1.591623680023004055e+09
1.591623680347764969e+09
1.591623680676107883e+09
1.591623681148504019e+09
1.591623681473145962e+09
1.591623681797864914e+09
1.591623682124699116e+09
1.591623682448352098e+09
1.591623682772913933e+09
1.591623683105132103e+09
1.591623683441910982e+09
1.591623683775326014e+09
1.591623684113344908e+09
1.591623684442382097e+09
1.591623684771646976e+09
1.591623685103652000e+09
1.591623685431188107e+09
1.591623685762715101e+09
1.591623686155688047e+09
1.591623686489202976e+09
1.591623686825679064e+09
1.591623687163690090e+09
1.591623687494684935e+09
1.591623687822479010e+09
1.591623688154009104e+09
1.591623688487751961e+09
1.591623688822865963e+09
1.591623689158222914e+09
1.591623689487930059e+09
1.591623689814378023e+09
1.591623690155555964e+09
1.591623690488136053e+09
1.591623690817521095e+09
1.591623691292344093e+09
1.591623691628817081e+09
1.591623698041819096e+09
1.591623698379017115e+09
1.591623698711281061e+09
1.591623699048201084e+09
1.591623699380935907e+09
1.591623699721038103e+09
1.591623700056747913e+09
1.591623700392313004e+09
1.591623700721647978e+09
1.591623701062329054e+09
1.591623701393146038e+09
1.591623701785871983e+09
1.591623702125359058e+09
1.591623702458329916e+09
1.591623702792392969e+09
1.591623703129652977e+09
1.591623703465384960e+09
1.591623703801001072e+09
1.591623704138190031e+09
1.591623704471671104e+09
1.591623704810748100e+09
1.591623705145286083e+09
1.591623705484400988e+09
1.591623705819039106e+09
1.591623706161887884e+09
1.591623706496417999e+09
1.591623706892417908e+09
1.591623707234235048e+09
1.591623707571033955e+09
1.591623707951935053e+09
1.591623708291019917e+09
1.591623708631365061e+09
1.591623708972620010e+09
1.591623709313498020e+09
1.591623709653867006e+09
1.591623710002511024e+09
1.591623710336257935e+09
1.591623710676835060e+09
1.591623711019908905e+09
1.591623711356868029e+09
1.591623711708336115e+09
1.591623712059060097e+09
1.591623712398504019e+09
1.591623712735179901e+09
1.591623713083329916e+09
1.591623713425887108e+09
1.591623713768472910e+09
1.591623714110578060e+09
1.591623714450139046e+09
1.591623714787560940e+09
1.591623715145576954e+09
1.591623715485891104e+09
1.591623715821453094e+09
1.591623716158090115e+09
1.591623716506444931e+09
1.591623717003182888e+09
1.591623717351514101e+09
1.591623717700427055e+09
1.591623718047575951e+09
1.591623718390542030e+09
1.591623718733757973e+09
1.591623719074711084e+09
1.591623719417283058e+09
1.591623719751420021e+09
1.591623720091106892e+09
1.591623720431611061e+09
1.591623720780195951e+09
1.591623721124809980e+09
1.591623721473517895e+09
1.591623721941170931e+09
1.591623722289088964e+09
1.591623722627965927e+09
1.591623722975502014e+09
1.591623723326987028e+09
1.591623723669053078e+09
1.591623724015973091e+09
1.591623724361592054e+09
1.591623724705202103e+09
1.591623725049913883e+09
1.591623725392460108e+09
1.591623725736166000e+09
1.591623726092711926e+09
1.591623726441391945e+09
1.591623726845984936e+09
1.591623727199171066e+09
1.591623727543221951e+09
1.591623734005090952e+09
1.591623734351202011e+09
1.591623734691135883e+09
1.591623735044795990e+09
1.591623735397628069e+09
1.591623735748203993e+09
1.591623736095618963e+09
1.591623736439656019e+09
1.591623736784878969e+09
1.591623737132477045e+09
1.591623737477725983e+09
1.591623737816569090e+09
1.591623738164169073e+09
1.591623738505733013e+09
1.591623738845016003e+09
1.591623739197835922e+09
1.591623739544555902e+09
1.591623739922625065e+09
1.591623740269973993e+09
1.591623740610835075e+09
1.591623740967407942e+09
1.591623741315279007e+09
1.591623741659691095e+09
1.591623742168935061e+09
1.591623742511615992e+09
1.591623742854646921e+09
1.591623743208689928e+09
1.591623743555284023e+09
1.591623743935126066e+09
1.591623744283854008e+09
1.591623744629370928e+09
1.591623744981307983e+09
1.591623745328351974e+09
1.591623745677243948e+09
1.591623746032260895e+09
1.591623746380428076e+09
1.591623746729136944e+09
1.591623747233309031e+09
1.591623747580003023e+09
1.591623747972433090e+09
1.591623748326618910e+09
1.591623748688448906e+09
1.591623749044743061e+09
1.591623749395066977e+09
1.591623749751352072e+09
1.591623750114175081e+09
1.591623750462927103e+09
1.591623750823069096e+09
1.591623751177613020e+09
1.591623751530126095e+09
1.591623752005002975e+09
1.591623752355514050e+09
1.591623752716335058e+09
1.591623753070055008e+09
1.591623753435143948e+09
1.591623753783680916e+09
1.591623754141922951e+09
1.591623754490001917e+09
1.591623754843153954e+09
1.591623755192687035e+09
1.591623755544213057e+09
1.591623755928878069e+09
1.591623756287651062e+09
1.591623756644340038e+09
1.591623756998454094e+09
1.591623757357063055e+09
1.591623757716578960e+09
1.591623758073601007e+09
1.591623758429769039e+09
1.591623758782289982e+09
1.591623759148992062e+09
1.591623759509051085e+09
1.591623759871093035e+09
1.591623760231045008e+09
1.591623760586431980e+09
1.591623760984805107e+09
1.591623761343873024e+09
1.591623761696415901e+09
1.591623762054677963e+09
1.591623762414345980e+09
1.591623762766385078e+09
1.591623763136033058e+09
1.591623763491828918e+09
1.591623769978782892e+09
1.591623770338725090e+09
1.591623770696672916e+09
1.591623771053348064e+09
1.591623771415313005e+09
1.591623771778606892e+09
1.591623772139985085e+09
1.591623772500921011e+09
1.591623772868628979e+09
1.591623773238348007e+09
1.591623773591701031e+09
1.591623773985502005e+09
1.591623774342271090e+09
1.591623774700767040e+09
1.591623775071877003e+09
1.591623775434575081e+09
1.591623775795466900e+09
1.591623776161263943e+09
1.591623776527910948e+09
1.591623776890834093e+09
1.591623777352900028e+09
1.591623777712701082e+09
1.591623778074348927e+09
1.591623778441167116e+09
1.591623778801368952e+09
1.591623779163431883e+09
1.591623779526556015e+09
1.591623779887693882e+09
1.591623780254626989e+09
1.591623780615807056e+09
1.591623780983716011e+09
1.591623781348409891e+09
1.591623781706461906e+09
1.591623782070060968e+09
1.591623782491880894e+09
1.591623782860379934e+09
1.591623783232072115e+09
1.591623783604765892e+09
1.591623783980539083e+09
1.591623784344602108e+09
1.591623784713957071e+09
1.591623785079695940e+09
1.591623785448817015e+09
1.591623785817189932e+09
1.591623786183478117e+09
1.591623786549355030e+09
1.591623786942302942e+09
1.591623787308448076e+09
1.591623787671545029e+09
1.591623788043206930e+09
1.591623788409538031e+09
1.591623788774724960e+09
1.591623789144282103e+09
1.591623789505105972e+09
1.591623789873485088e+09
1.591623790240922928e+09
1.591623790612272978e+09
1.591623790987627983e+09
1.591623791350610018e+09
1.591623791712932110e+09
1.591623792081784010e+09
1.591623792565226078e+09
1.591623792972744942e+09
1.591623793344938993e+09
1.591623793712774992e+09
1.591623794079722881e+09
1.591623794459332943e+09
1.591623794823220015e+09
1.591623795192856073e+09
1.591623795556724072e+09
1.591623795962100983e+09
1.591623796339502096e+09
1.591623796715559006e+09
1.591623797083995104e+09
1.591623797594141006e+09
1.591623797989586115e+09
1.591623798363245010e+09
1.591623798728245020e+09
1.591623799102704048e+09
1.591623799469566107e+09
1.591623805743174076e+09
1.591623806116507053e+09
1.591623806490511894e+09
1.591623806868846893e+09
1.591623807252075911e+09
1.591623807767270088e+09
1.591623808144126892e+09
1.591623808530019999e+09
1.591623808907098055e+09
1.591623809290523052e+09
1.591623809678050995e+09
1.591623810061049938e+09
1.591623810444274902e+09
1.591623810822395086e+09
1.591623811207163095e+09
1.591623811596896887e+09
1.591623812003051996e+09
1.591623812508493900e+09
1.591623812884128094e+09
1.591623813275835991e+09
1.591623813664891958e+09
1.591623814060878038e+09
1.591623814447587013e+09
1.591623814836482048e+09
1.591623815219809055e+09
1.591623815602691889e+09
1.591623816011254072e+09
1.591623816394009113e+09
1.591623816779130936e+09
1.591623817161839962e+09
1.591623817541734934e+09
1.591623817947460890e+09
1.591623818325999975e+09
1.591623818707578897e+09
1.591623819089541912e+09
1.591623819480643988e+09
1.591623819865243912e+09
1.591623820252144098e+09
1.591623820632236958e+09
1.591623821016809940e+09
1.591623821398776054e+09
1.591623821784791946e+09
1.591623822169186115e+09
1.591623822551461935e+09
1.591623822962161064e+09
1.591623823353513002e+09
1.591623823735882044e+09
1.591623824122670889e+09
1.591623824513029099e+09
1.591623824896210909e+09
1.591623825277777910e+09
1.591623825658648014e+09
1.591623826053890944e+09
1.591623826443809032e+09
1.591623826821038008e+09
1.591623827213001013e+09
1.591623827592674971e+09
1.591623828007260084e+09
1.591623828404325962e+09
1.591623828789730072e+09
1.591623829178086996e+09
1.591623829561039925e+09
1.591623829979252100e+09
1.591623830363739014e+09
1.591623830747395039e+09
1.591623831135077000e+09
1.591623831525352955e+09
1.591623831913269043e+09
1.591623832295664072e+09
1.591623832683804035e+09
1.591623833072643042e+09
1.591623833456899881e+09
1.591623833845515966e+09
1.591623834232738018e+09
1.591623834615950108e+09
1.591623835012264967e+09
1.591623835395389080e+09
1.591623841706964016e+09
1.591623842090532064e+09
1.591623842468033075e+09
1.591623842953326941e+09
1.591623843337101936e+09
1.591623843712359905e+09
1.591623844097110033e+09
1.591623844483489990e+09
1.591623844860466003e+09
1.591623845243308067e+09
1.591623845624489069e+09
1.591623846009062052e+09
1.591623846390481949e+09
1.591623846778381109e+09
1.591623847161797047e+09
1.591623847540749073e+09
1.591623848090622902e+09
1.591623848474406004e+09
1.591623848858268023e+09
1.591623849242222071e+09
1.591623849624288082e+09
1.591623850011372089e+09
1.591623850395140886e+09
1.591623850775780916e+09
1.591623851163273096e+09
1.591623851543292046e+09
1.591623851960155964e+09
1.591623852341401100e+09
1.591623852855381012e+09
1.591623853244929075e+09
1.591623853644992113e+09
1.591623854035947084e+09
1.591623854423072100e+09
1.591623854804028034e+09
1.591623855192926884e+09
1.591623855579732895e+09
1.591623856001749039e+09
1.591623856384757996e+09
1.591623856771107912e+09
1.591623857161943913e+09
1.591623857547689915e+09
1.591623858110985041e+09
1.591623858492674112e+09
1.591623858881047010e+09
1.591623859267942905e+09
1.591623859650537014e+09
1.591623860035892010e+09
1.591623860419259071e+09
1.591623860808583021e+09
1.591623861200205088e+09
1.591623861590701103e+09
1.591623862002784014e+09
1.591623862391024113e+09
1.591623862781835079e+09
1.591623863170892954e+09
1.591623863555735111e+09
1.591623863979666948e+09
1.591623864367861986e+09
1.591623864759619951e+09
1.591623865148541927e+09
1.591623865541845083e+09
1.591623865966219902e+09
1.591623866348696947e+09
1.591623866740036011e+09
1.591623867133877039e+09
1.591623867520137072e+09
1.591623867993426085e+09
1.591623868385438919e+09
1.591623868772196054e+09
1.591623869169855118e+09
1.591623869557761908e+09
1.591623869979773045e+09
1.591623870369169950e+09
1.591623870758299112e+09
1.591623871149602890e+09
1.591623871547719002e+09
1.591623877870249033e+09
1.591623878404356003e+09
1.591623878804491043e+09
1.591623879199693918e+09
1.591623879585550070e+09
1.591623880009814024e+09
1.591623880396317005e+09
1.591623880792164087e+09
1.591623881183866978e+09
1.591623881574948072e+09
1.591623882002780914e+09
1.591623882389898062e+09
1.591623882790185928e+09
1.591623883298048973e+09
1.591623883686922073e+09
1.591623884089077950e+09
1.591623884491372108e+09
1.591623884887558937e+09
1.591623885289963961e+09
1.591623885689078093e+09
1.591623886088855028e+09
1.591623886488431931e+09
1.591623886885533094e+09
1.591623887288224936e+09
1.591623887679883957e+09
1.591623888085894108e+09
1.591623888494157076e+09
1.591623888896437883e+09
1.591623889302352905e+09
1.591623889698319912e+09
1.591623890092876911e+09
1.591623890493911028e+09
1.591623890889483929e+09
1.591623891294148922e+09
1.591623891693751097e+09
1.591623892095108032e+09
1.591623892494374037e+09
1.591623892896115065e+09
1.591623893432950020e+09
1.591623893833606005e+09
1.591623894235380888e+09
1.591623894629991055e+09
1.591623895039109945e+09
1.591623895435233116e+09
1.591623895831612110e+09
1.591623896233339071e+09
1.591623896626247883e+09
1.591623897026839018e+09
1.591623897423954010e+09
1.591623897824233055e+09
1.591623898295293093e+09
1.591623898695931911e+09
1.591623899099538088e+09
1.591623899503278017e+09
1.591623899900204897e+09
1.591623900309736967e+09
1.591623900717305899e+09
1.591623901117942095e+09
1.591623901517678976e+09
1.591623901921438932e+09
1.591623902323928118e+09
1.591623902722430944e+09
1.591623903245574951e+09
1.591623903641956091e+09
1.591623904047501087e+09
1.591623904455163002e+09
1.591623904851110935e+09
1.591623905255331993e+09
1.591623905652909040e+09
1.591623906062907934e+09
1.591623906463520050e+09
1.591623906868551970e+09
1.591623907281284094e+09
1.591623907687732935e+09
1.591623914238497972e+09
1.591623914638837099e+09
1.591623915041085958e+09
1.591623915442260981e+09
1.591623915839381933e+09
1.591623916242532015e+09
1.591623916644059896e+09
1.591623917045978069e+09
1.591623917443932056e+09
1.591623917841839075e+09
1.591623918242712021e+09
1.591623918785614014e+09
1.591623919191772938e+09
1.591623919596548080e+09
1.591623920023813009e+09
1.591623920436229944e+09
1.591623920838541031e+09
1.591623921248517990e+09
1.591623921655246973e+09
1.591623922070311069e+09
1.591623922471246958e+09
1.591623922878921986e+09
1.591623923285950899e+09
1.591623923842457056e+09
1.591623924249761105e+09
1.591623924651005983e+09
1.591623925066227913e+09
1.591623925475733042e+09
1.591623925890731096e+09
1.591623926303639889e+09
1.591623926722112894e+09
1.591623927123908043e+09
1.591623927536186934e+09
1.591623927968503952e+09
1.591623928379829884e+09
1.591623928935605049e+09
1.591623929346687078e+09
1.591623929761343956e+09
1.591623930173772097e+09
1.591623930578855991e+09
1.591623931016676903e+09
1.591623931420243979e+09
1.591623931828751087e+09
1.591623932236957073e+09
1.591623932640203953e+09
1.591623933058686972e+09
1.591623933465073109e+09
1.591623934014760971e+09
1.591623934438138962e+09
1.591623934846411943e+09
1.591623935262526035e+09
1.591623935677145004e+09
1.591623936095092058e+09
1.591623936518157005e+09
1.591623936930691004e+09
1.591623937349842072e+09
1.591623937759679079e+09
1.591623938172513962e+09
1.591623938583008051e+09
1.591623939048285961e+09
1.591623939467247009e+09
1.591623939878905058e+09
1.591623940297444105e+09
1.591623940708796978e+09
1.591623941126823902e+09
1.591623941538486004e+09
1.591623941970283985e+09
1.591623942385796070e+09
1.591623942799417019e+09
1.591623943218071938e+09
1.591623943630002975e+09
1.591623950407007933e+09
1.591623950820914030e+09
1.591623951245960951e+09
1.591623951657224894e+09
1.591623952076782942e+09
1.591623952492238045e+09
1.591623952917748928e+09
1.591623953342957973e+09
1.591623953769052029e+09
1.591623954192368984e+09
1.591623954751413107e+09
1.591623955167561054e+09
1.591623955587402105e+09
1.591623956035425901e+09
1.591623956446630955e+09
1.591623956865214109e+09
1.591623957289711952e+09
1.591623957707475901e+09
1.591623958130505085e+09
1.591623958546974897e+09
1.591623958991825104e+09
1.591623959411257982e+09
1.591623959845451117e+09
1.591623960260950089e+09
1.591623960691754103e+09
1.591623961120356083e+09
1.591623961541812897e+09
1.591623961994118929e+09
1.591623962410514116e+09
1.591623962829936981e+09
1.591623963254899025e+09
1.591623963677565098e+09
1.591623964098498106e+09
1.591623964522571087e+09
1.591623964941905022e+09
1.591623965365940094e+09
1.591623965789798975e+09
1.591623966214301109e+09
1.591623966636497974e+09
1.591623967058970928e+09
1.591623967475869894e+09
1.591623967898787975e+09
1.591623968324147940e+09
1.591623968752176046e+09
1.591623969181256056e+09
1.591623969650933981e+09
1.591623970083892107e+09
1.591623970509726048e+09
1.591623970928570032e+09
1.591623971358393908e+09
1.591623971788216114e+09
1.591623972215831041e+09
1.591623972641432047e+09
1.591623973072679996e+09
1.591623973492500067e+09
1.591623973918417931e+09
1.591623974350023985e+09
1.591623974913249016e+09
1.591623975338203907e+09
1.591623975762226105e+09
1.591623976184948921e+09
1.591623976616270065e+09
1.591623977038530111e+09
1.591623977461441040e+09
1.591623977883152962e+09
1.591623978318820000e+09
1.591623978746880054e+09
1.591623979176295996e+09
1.591623979612540960e+09
1.591623980044079065e+09
1.591623986565841913e+09
1.591623987030946016e+09
1.591623987463517904e+09
1.591623987890856981e+09
1.591623988326370955e+09
1.591623988758613110e+09
1.591623989189683914e+09
1.591623989724536896e+09
1.591623990157521963e+09
1.591623990583636045e+09
1.591623991041158915e+09
1.591623991466095924e+09
1.591623991893277884e+09
1.591623992335555077e+09
1.591623992764770985e+09
1.591623993198681116e+09
1.591623993631092072e+09
1.591623994063240051e+09
1.591623994492958069e+09
1.591623995057050943e+09
1.591623995488782883e+09
1.591623995924043894e+09
1.591623996360718012e+09
1.591623996793595076e+09
1.591623997233849049e+09
1.591623997668566942e+09
1.591623998100955963e+09
1.591623998532396078e+09
1.591623998989356995e+09
1.591623999429536104e+09
1.591623999921544075e+09
1.591624000360505104e+09
1.591624000796607971e+09
1.591624001243113041e+09
1.591624001682423115e+09
1.591624002127430916e+09
1.591624002558237076e+09
1.591624003024178982e+09
1.591624003462097883e+09
1.591624003890367031e+09
1.591624004326751947e+09
1.591624004765419006e+09
1.591624005204940081e+09
1.591624005638689995e+09
1.591624006078448057e+09
1.591624006512455940e+09
1.591624006947990894e+09
1.591624007383464098e+09
1.591624007812515974e+09
1.591624008251483917e+09
1.591624008691528082e+09
1.591624009139668941e+09
1.591624009573313951e+09
1.591624010179362059e+09
1.591624010610053062e+09
1.591624011053611994e+09
1.591624011494611979e+09
1.591624011928826094e+09
1.591624012369111061e+09
1.591624012810208082e+09
1.591624013246649027e+09
1.591624013684909105e+09
1.591624014130817890e+09
1.591624014569631100e+09
1.591624015186420918e+09
1.591624015621236086e+09
1.591624016065674067e+09
1.591624022734972000e+09
1.591624023172950983e+09
1.591624023613091946e+09
1.591624024054496050e+09
1.591624024487150908e+09
1.591624025036665916e+09
1.591624025475626945e+09
1.591624025912708044e+09
1.591624026355691910e+09
1.591624026789757013e+09
1.591624027231602907e+09
1.591624027671597004e+09
1.591624028108119965e+09
1.591624028546935081e+09
1.591624029022644043e+09
1.591624029461518049e+09
1.591624029897203922e+09
1.591624030486583948e+09
1.591624030936294079e+09
1.591624031374866009e+09
1.591624031815604925e+09
1.591624032254055977e+09
1.591624032697865009e+09
1.591624033141062975e+09
1.591624033582113028e+09
1.591624034051847935e+09
1.591624034494005919e+09
1.591624034949419022e+09
1.591624035527930021e+09
1.591624036005242109e+09
1.591624036444636106e+09
1.591624036877393961e+09
1.591624037315049887e+09
1.591624037754252911e+09
1.591624038198992014e+09
1.591624038641474009e+09
1.591624039079639912e+09
1.591624039514869928e+09
1.591624039956763983e+09
1.591624040534910917e+09
1.591624040997286081e+09
1.591624041444926977e+09
1.591624041887425900e+09
1.591624042337321043e+09
1.591624042776963949e+09
1.591624043224600077e+09
1.591624043660345078e+09
1.591624044109642029e+09
1.591624044559191942e+09
1.591624045043122053e+09
1.591624045624038935e+09
1.591624046064702034e+09
1.591624046500972986e+09
1.591624046945600033e+09
1.591624047390877962e+09
1.591624047826597929e+09
1.591624048273242950e+09
1.591624048715167999e+09
1.591624049162272930e+09
1.591624049609338999e+09
1.591624050069086075e+09
1.591624050659989119e+09
1.591624051103482962e+09
1.591624051547266006e+09
1.591624052032030106e+09
1.591624058699400902e+09
1.591624059152780056e+09
1.591624059596227884e+09
1.591624060057271004e+09
1.591624060625406981e+09
1.591624061075896978e+09
1.591624061525849104e+09
1.591624062000463963e+09
1.591624062446388960e+09
1.591624062887744904e+09
1.591624063341641903e+09
1.591624063790627003e+09
1.591624064241090059e+09
1.591624064682034016e+09
1.591624065135370970e+09
1.591624065729882002e+09
1.591624066183979988e+09
1.591624066628154039e+09
1.591624067080048084e+09
1.591624067524852037e+09
1.591624067970251083e+09
1.591624068420758963e+09
1.591624068871423960e+09
1.591624069320271015e+09
1.591624069772234917e+09
1.591624070222551107e+09
1.591624070808948040e+09
1.591624071259314060e+09
1.591624071707317114e+09
1.591624072161746979e+09
1.591624072608745098e+09
1.591624073068191051e+09
1.591624073523582935e+09
1.591624073971285105e+09
1.591624074438049078e+09
1.591624074884948969e+09
1.591624075338582993e+09
1.591624075835047960e+09
1.591624076292279959e+09
1.591624076748965979e+09
1.591624077202006102e+09
1.591624077659749985e+09
1.591624078110996008e+09
1.591624078559917927e+09
1.591624079044671059e+09
1.591624079497351885e+09
1.591624079953442097e+09
1.591624080406440973e+09
1.591624080996517897e+09
1.591624081461600065e+09
1.591624081911838055e+09
1.591624082372611046e+09
1.591624082820987940e+09
1.591624083275885105e+09
1.591624083736624002e+09
1.591624084194819927e+09
1.591624084649646044e+09
1.591624085103513956e+09
1.591624085670929909e+09
1.591624086133622885e+09
1.591624086592217922e+09
1.591624087066090107e+09
1.591624087523822069e+09
1.591624087974451065e+09
1.591624094663428068e+09
1.591624095120012045e+09
1.591624095564799070e+09
1.591624096048300982e+09
1.591624096547986984e+09
1.591624097029913902e+09
1.591624097478656054e+09
1.591624097930113077e+09
1.591624098379395008e+09
1.591624098832581997e+09
1.591624099286164999e+09
1.591624099741743088e+09
1.591624100195681095e+09
1.591624100643284082e+09
1.591624101100580931e+09
1.591624101699117899e+09
1.591624102158508062e+09
1.591624102609196901e+09
1.591624103069446087e+09
1.591624103520039082e+09
1.591624103974086046e+09
1.591624104440386057e+09
1.591624104891112089e+09
1.591624105344317913e+09
1.591624105801743984e+09
1.591624106374883890e+09
1.591624106827719927e+09
1.591624107288218975e+09
1.591624107743546009e+09
1.591624108207463026e+09
1.591624108667129040e+09
1.591624109123648882e+09
1.591624109581679106e+09
1.591624110062869072e+09
1.591624110516094923e+09
1.591624111008164883e+09
1.591624111465297937e+09
1.591624111924312115e+09
1.591624112393646955e+09
1.591624112853025913e+09
1.591624113312814951e+09
1.591624113765780926e+09
1.591624114225848913e+09
1.591624114684571981e+09
1.591624115149156094e+09
1.591624115609838009e+09
1.591624116068825960e+09
1.591624116526926994e+09
1.591624117013547897e+09
1.591624117478548050e+09
1.591624117945599079e+09
1.591624118403621912e+09
1.591624118858908892e+09
1.591624119316553116e+09
1.591624119776860952e+09
1.591624120239487886e+09
1.591624120699009895e+09
1.591624121169065952e+09
1.591624121663759947e+09
1.591624122125859976e+09
1.591624122585306883e+09
1.591624123069839954e+09
1.591624123523461103e+09
1.591624123982848883e+09
1.591624136818958044e+09
1.591624137411700010e+09
1.591624137878246069e+09
1.591624138347295046e+09
1.591624138820422888e+09
1.591624139295439005e+09
1.591624139761066914e+09
1.591624140231048107e+09
1.591624140702454090e+09
1.591624141172009945e+09
1.591624141647849083e+09
1.591624142231246948e+09
1.591624142700449944e+09
1.591624143170211077e+09
1.591624143636058092e+09
1.591624144107848883e+09
1.591624144572750092e+09
1.591624145080786943e+09
1.591624145549000978e+09
1.591624146050214052e+09
1.591624146526335955e+09
1.591624147022356033e+09
1.591624147643846035e+09
1.591624148112030983e+09
1.591624148586534977e+09
1.591624149086060047e+09
1.591624149555170059e+09
1.591624150060005903e+09
1.591624150523848057e+09
1.591624151022052050e+09
1.591624151496781111e+09
1.591624151968764067e+09
1.591624152566417933e+09
1.591624153063260078e+09
1.591624153532594919e+09
1.591624154032751083e+09
1.591624154508843899e+09
1.591624154979517937e+09
1.591624155459528923e+09
1.591624155928275108e+09
1.591624156405520916e+09
1.591624156883919001e+09
1.591624157385807037e+09
1.591624157861999989e+09
1.591624158336843014e+09
1.591624158810314894e+09
1.591624159292309999e+09
1.591624159770207882e+09
1.591624160242413044e+09
1.591624160715920925e+09
1.591624161194078922e+09
1.591624161666182995e+09
1.591624162145535946e+09
1.591624162664627075e+09
1.591624163140058994e+09
1.591624163614563942e+09
1.591624164089803934e+09
1.591624164569325924e+09
1.591624165088160038e+09
1.591624165563808918e+09
1.591624166064500093e+09
1.591624166538707018e+09
1.591624173185348988e+09
1.591624173653037071e+09
1.591624174133969069e+09
1.591624174608419895e+09
1.591624175089265108e+09
1.591624175557219028e+09
1.591624176063662052e+09
1.591624176539793968e+09
1.591624177054032087e+09
1.591624177632050991e+09
1.591624178104659081e+09
1.591624178583317041e+09
1.591624179083708048e+09
1.591624179557828903e+09
1.591624180068110943e+09
1.591624180542778969e+09
1.591624181059756041e+09
1.591624181536273003e+09
1.591624182046499968e+09
1.591624182519130945e+09
1.591624183040092945e+09
1.591624183513865948e+09
1.591624183996396065e+09
1.591624184479722023e+09
1.591624184955806017e+09
1.591624185448432922e+09
1.591624185924839973e+09
1.591624186408902884e+09
1.591624186895467043e+09
1.591624187371928930e+09
1.591624187875705004e+09
1.591624188350001097e+09
1.591624188823118925e+09
1.591624189309258938e+09
1.591624189789021015e+09
1.591624190280168056e+09
1.591624190757556915e+09
1.591624191238087893e+09
1.591624191719897985e+09
1.591624192195760965e+09
1.591624192785381079e+09
1.591624193272968054e+09
1.591624193757575989e+09
1.591624194240279913e+09
1.591624194718871117e+09
1.591624195203548908e+09
1.591624195687926054e+09
1.591624196171847105e+09
1.591624196650893927e+09
1.591624197136380911e+09
1.591624197623439074e+09
1.591624198255889893e+09
1.591624198737377882e+09
1.591624199220072985e+09
1.591624199705280066e+09
1.591624200191569090e+09
1.591624200674078941e+09
1.591624201160608053e+09
1.591624201637653112e+09
1.591624202120738983e+09
1.591624202601044893e+09
1.591624209353408098e+09
1.591624209837466002e+09
1.591624210322546005e+09
1.591624210808195114e+09
1.591624211299110889e+09
1.591624211795017004e+09
1.591624212292680025e+09
1.591624212890373945e+09
1.591624213380415916e+09
1.591624213867283106e+09
1.591624214354854107e+09
1.591624214843734026e+09
1.591624215332320929e+09
1.591624215823721886e+09
1.591624216316060066e+09
1.591624216799720049e+09
1.591624217295281887e+09
1.591624217785120010e+09
1.591624218414005995e+09
1.591624218909157991e+09
1.591624219404944897e+09
1.591624219906297922e+09
1.591624220398972988e+09
1.591624220897615910e+09
1.591624221392610073e+09
1.591624221885816097e+09
1.591624222381349087e+09
1.591624222884551048e+09
1.591624223421821117e+09
1.591624223913245916e+09
1.591624224412097931e+09
1.591624224903534889e+09
1.591624225405118942e+09
1.591624225895550966e+09
1.591624226387017965e+09
1.591624226876698971e+09
1.591624227365910053e+09
1.591624227860152006e+09
1.591624228497272015e+09
1.591624228986597061e+09
1.591624229480748892e+09
1.591624229971534967e+09
1.591624230466015100e+09
1.591624230966747046e+09
1.591624231462141037e+09
1.591624231950915098e+09
1.591624232443895102e+09
1.591624232937573910e+09
1.591624233576638937e+09
1.591624234100009918e+09
1.591624234603650093e+09
1.591624235101658106e+09
1.591624235602207899e+09
1.591624236106249094e+09
1.591624236603360891e+09
1.591624237105230093e+09
1.591624237605297089e+09
1.591624238207238913e+09
1.591624238703145027e+09
