4.488999999999999879e+00
4.514000000000000234e+00
4.514000000000000234e+00
4.514000000000000234e+00
4.514000000000000234e+00
4.514000000000000234e+00
4.514000000000000234e+00
4.514000000000000234e+00
4.514000000000000234e+00
4.514000000000000234e+00
4.514000000000000234e+00
4.514000000000000234e+00
4.514000000000000234e+00
4.514000000000000234e+00
4.514000000000000234e+00
4.514000000000000234e+00
4.514000000000000234e+00
4.514999999999999680e+00
4.514999999999999680e+00
4.514999999999999680e+00
4.514999999999999680e+00
4.514999999999999680e+00
4.514999999999999680e+00
4.514999999999999680e+00
4.514999999999999680e+00
4.514999999999999680e+00
4.514999999999999680e+00
4.516000000000000014e+00
4.516000000000000014e+00
4.516000000000000014e+00
4.516000000000000014e+00
4.514999999999999680e+00
4.514999999999999680e+00
4.514999999999999680e+00
4.514999999999999680e+00
4.514999999999999680e+00
4.514999999999999680e+00
4.514999999999999680e+00
4.514999999999999680e+00
4.514999999999999680e+00
4.514999999999999680e+00
4.514999999999999680e+00
4.514000000000000234e+00
4.514000000000000234e+00
4.514000000000000234e+00
4.514000000000000234e+00
4.514000000000000234e+00
4.514000000000000234e+00
4.514000000000000234e+00
4.514000000000000234e+00
4.514000000000000234e+00
4.514000000000000234e+00
4.514000000000000234e+00
4.514000000000000234e+00
4.514999999999999680e+00
4.514999999999999680e+00
4.541999999999999815e+00
4.541000000000000369e+00
4.541000000000000369e+00
4.541000000000000369e+00
4.541999999999999815e+00
4.541999999999999815e+00
4.541999999999999815e+00
4.541000000000000369e+00
4.541000000000000369e+00
4.541000000000000369e+00
4.541000000000000369e+00
4.541000000000000369e+00
4.541000000000000369e+00
4.541000000000000369e+00
4.541999999999999815e+00
4.541999999999999815e+00
4.541999999999999815e+00
4.541999999999999815e+00
4.541999999999999815e+00
4.541999999999999815e+00
4.541999999999999815e+00
4.541999999999999815e+00
4.541999999999999815e+00
4.541999999999999815e+00
4.541999999999999815e+00
4.541999999999999815e+00
4.541999999999999815e+00
4.541999999999999815e+00
4.541999999999999815e+00
4.541999999999999815e+00
4.541999999999999815e+00
4.541999999999999815e+00
4.541999999999999815e+00
4.541999999999999815e+00
4.541999999999999815e+00
4.541999999999999815e+00
4.541999999999999815e+00
4.543000000000000149e+00
4.543999999999999595e+00
4.544999999999999929e+00
4.546000000000000263e+00
4.568999999999999950e+00
4.568999999999999950e+00
4.568999999999999950e+00
4.568999999999999950e+00
4.568999999999999950e+00
4.568999999999999950e+00
4.568999999999999950e+00
4.568999999999999950e+00
4.568999999999999950e+00
4.568999999999999950e+00
4.568999999999999950e+00
4.568999999999999950e+00
4.568999999999999950e+00
4.568999999999999950e+00
4.568999999999999950e+00
4.568999999999999950e+00
4.568999999999999950e+00
4.568999999999999950e+00
4.568999999999999950e+00
4.568999999999999950e+00
4.568999999999999950e+00
4.568999999999999950e+00
4.568999999999999950e+00
4.568999999999999950e+00
4.570000000000000284e+00
4.570000000000000284e+00
4.570000000000000284e+00
4.570000000000000284e+00
4.570000000000000284e+00
4.570000000000000284e+00
4.570000000000000284e+00
4.570000000000000284e+00
4.570000000000000284e+00
4.570000000000000284e+00
4.570000000000000284e+00
4.570000000000000284e+00
4.570000000000000284e+00
4.570000000000000284e+00
4.570000000000000284e+00
4.570000000000000284e+00
4.570000000000000284e+00
4.570000000000000284e+00
4.570000000000000284e+00
4.570000000000000284e+00
4.570000000000000284e+00
4.570000000000000284e+00
4.570000000000000284e+00
4.570000000000000284e+00
4.570000000000000284e+00
4.602999999999999758e+00
4.602000000000000313e+00
4.600999999999999979e+00
4.599000000000000199e+00
4.597999999999999865e+00
4.596000000000000085e+00
4.596000000000000085e+00
4.596000000000000085e+00
4.596000000000000085e+00
4.597000000000000419e+00
4.597000000000000419e+00
4.597999999999999865e+00
4.599000000000000199e+00
4.599999999999999645e+00
4.600999999999999979e+00
4.600999999999999979e+00
4.602000000000000313e+00
4.602000000000000313e+00
4.602000000000000313e+00
4.600999999999999979e+00
4.600999999999999979e+00
4.599999999999999645e+00
4.599000000000000199e+00
4.599000000000000199e+00
4.597999999999999865e+00
4.597999999999999865e+00
4.597000000000000419e+00
4.597000000000000419e+00
4.596000000000000085e+00
4.596000000000000085e+00
4.596000000000000085e+00
4.596000000000000085e+00
4.596000000000000085e+00
4.596000000000000085e+00
4.596000000000000085e+00
4.596000000000000085e+00
4.596000000000000085e+00
4.596000000000000085e+00
4.596000000000000085e+00
4.596000000000000085e+00
4.596000000000000085e+00
4.596000000000000085e+00
4.596000000000000085e+00
4.597000000000000419e+00
4.597000000000000419e+00
4.597999999999999865e+00
4.625000000000000000e+00
4.625000000000000000e+00
4.625000000000000000e+00
4.625000000000000000e+00
4.625000000000000000e+00
4.625000000000000000e+00
4.625000000000000000e+00
4.625000000000000000e+00
4.625000000000000000e+00
4.626000000000000334e+00
4.626000000000000334e+00
4.626000000000000334e+00
4.626000000000000334e+00
4.626000000000000334e+00
4.626000000000000334e+00
4.626000000000000334e+00
4.626000000000000334e+00
4.626000000000000334e+00
4.626000000000000334e+00
4.626000000000000334e+00
4.626000000000000334e+00
4.626000000000000334e+00
4.626000000000000334e+00
4.626000000000000334e+00
4.626000000000000334e+00
4.625000000000000000e+00
4.625000000000000000e+00
4.623999999999999666e+00
4.623999999999999666e+00
4.623999999999999666e+00
4.623999999999999666e+00
4.623999999999999666e+00
4.623000000000000220e+00
4.623000000000000220e+00
4.621999999999999886e+00
4.621999999999999886e+00
4.621000000000000441e+00
4.621000000000000441e+00
4.621000000000000441e+00
4.620000000000000107e+00
4.620000000000000107e+00
4.620000000000000107e+00
4.620000000000000107e+00
4.620000000000000107e+00
4.620000000000000107e+00
4.620000000000000107e+00
4.620000000000000107e+00
4.620000000000000107e+00
4.620000000000000107e+00
4.649000000000000021e+00
4.650000000000000355e+00
4.650000000000000355e+00
4.650999999999999801e+00
4.650999999999999801e+00
4.650999999999999801e+00
4.650999999999999801e+00
4.650999999999999801e+00
4.650999999999999801e+00
4.650999999999999801e+00
4.650999999999999801e+00
4.650999999999999801e+00
4.650999999999999801e+00
4.650999999999999801e+00
4.650999999999999801e+00
4.650999999999999801e+00
4.650999999999999801e+00
4.650999999999999801e+00
4.650999999999999801e+00
4.650999999999999801e+00
4.650999999999999801e+00
4.650999999999999801e+00
4.650999999999999801e+00
4.650999999999999801e+00
4.650999999999999801e+00
4.652000000000000135e+00
4.652000000000000135e+00
4.652000000000000135e+00
4.652000000000000135e+00
4.652000000000000135e+00
4.652000000000000135e+00
4.652000000000000135e+00
4.652000000000000135e+00
4.652000000000000135e+00
4.652999999999999581e+00
4.652999999999999581e+00
4.652999999999999581e+00
4.652999999999999581e+00
4.652999999999999581e+00
4.652999999999999581e+00
4.652999999999999581e+00
4.652999999999999581e+00
4.652999999999999581e+00
4.652999999999999581e+00
4.652999999999999581e+00
4.652999999999999581e+00
4.652999999999999581e+00
4.652999999999999581e+00
4.652999999999999581e+00
4.652999999999999581e+00
4.652999999999999581e+00
4.652999999999999581e+00
4.652999999999999581e+00
4.652999999999999581e+00
4.652999999999999581e+00
4.652999999999999581e+00
4.652999999999999581e+00
4.652999999999999581e+00
4.652999999999999581e+00
