3.930000000000000160e-01
4.149999999999999800e-01
4.139999999999999791e-01
4.139999999999999791e-01
4.139999999999999791e-01
4.139999999999999791e-01
4.139999999999999791e-01
4.179999999999999827e-01
4.249999999999999889e-01
4.470000000000000084e-01
4.470000000000000084e-01
4.460000000000000075e-01
4.460000000000000075e-01
4.460000000000000075e-01
4.460000000000000075e-01
4.500000000000000111e-01
4.580000000000000182e-01
4.799999999999999822e-01
4.789999999999999813e-01
4.779999999999999805e-01
4.779999999999999805e-01
4.779999999999999805e-01
4.779999999999999805e-01
4.819999999999999840e-01
4.899999999999999911e-01
5.120000000000000107e-01
5.120000000000000107e-01
5.110000000000000098e-01
5.100000000000000089e-01
5.100000000000000089e-01
5.110000000000000098e-01
5.150000000000000133e-01
5.230000000000000204e-01
5.450000000000000400e-01
5.440000000000000391e-01
5.430000000000000382e-01
5.430000000000000382e-01
5.430000000000000382e-01
5.430000000000000382e-01
5.480000000000000426e-01
5.560000000000000497e-01
5.649999999999999467e-01
5.719999999999999529e-01
5.749999999999999556e-01
5.759999999999999565e-01
5.759999999999999565e-01
5.759999999999999565e-01
5.769999999999999574e-01
5.799999999999999600e-01
8.399999999999999689e-01
8.389999999999999680e-01
8.389999999999999680e-01
8.389999999999999680e-01
8.389999999999999680e-01
8.429999999999999716e-01
8.499999999999999778e-01
8.750000000000000000e-01
8.729999999999999982e-01
8.729999999999999982e-01
8.719999999999999973e-01
8.719999999999999973e-01
8.729999999999999982e-01
8.770000000000000018e-01
8.850000000000000089e-01
9.080000000000000293e-01
9.070000000000000284e-01
9.060000000000000275e-01
9.060000000000000275e-01
9.060000000000000275e-01
9.060000000000000275e-01
9.100000000000000311e-01
9.180000000000000382e-01
9.409999999999999476e-01
9.399999999999999467e-01
9.389999999999999458e-01
9.379999999999999449e-01
9.379999999999999449e-01
9.389999999999999458e-01
9.439999999999999503e-01
9.519999999999999574e-01
9.739999999999999769e-01
9.729999999999999760e-01
9.729999999999999760e-01
9.719999999999999751e-01
9.719999999999999751e-01
9.729999999999999760e-01
9.779999999999999805e-01
9.859999999999999876e-01
9.949999999999999956e-01
1.002000000000000002e+00
1.006000000000000005e+00
1.006999999999999895e+00
1.006999999999999895e+00
1.006999999999999895e+00
1.006999999999999895e+00
1.010000000000000009e+00
1.040000000000000036e+00
1.040000000000000036e+00
1.270000000000000018e+00
1.270000000000000018e+00
1.270000000000000018e+00
1.270999999999999908e+00
1.274999999999999911e+00
1.282000000000000028e+00
1.304999999999999938e+00
1.304000000000000048e+00
1.302999999999999936e+00
1.302999999999999936e+00
1.302999999999999936e+00
1.304000000000000048e+00
1.308000000000000052e+00
1.316000000000000059e+00
1.338000000000000078e+00
1.336999999999999966e+00
1.336999999999999966e+00
1.336999999999999966e+00
1.336000000000000076e+00
1.336999999999999966e+00
1.342000000000000082e+00
1.350999999999999979e+00
1.370999999999999996e+00
1.370000000000000107e+00
1.370000000000000107e+00
1.370000000000000107e+00
1.370000000000000107e+00
1.372000000000000108e+00
1.379000000000000004e+00
1.407000000000000028e+00
1.405000000000000027e+00
1.403999999999999915e+00
1.403000000000000025e+00
1.403000000000000025e+00
1.403000000000000025e+00
1.407000000000000028e+00
1.415000000000000036e+00
1.439000000000000057e+00
1.437999999999999945e+00
1.437000000000000055e+00
1.437000000000000055e+00
1.437000000000000055e+00
1.437000000000000055e+00
1.441999999999999948e+00
1.451000000000000068e+00
1.459999999999999964e+00
1.467000000000000082e+00
1.469999999999999973e+00
1.471000000000000085e+00
2.182999999999999829e+00
2.185000000000000053e+00
2.192000000000000171e+00
2.217999999999999972e+00
2.216000000000000192e+00
2.214999999999999858e+00
2.214999999999999858e+00
2.214999999999999858e+00
2.214999999999999858e+00
2.217999999999999972e+00
2.225000000000000089e+00
2.249000000000000110e+00
2.248000000000000220e+00
2.246999999999999886e+00
2.246999999999999886e+00
2.246999999999999886e+00
2.248000000000000220e+00
2.254000000000000004e+00
2.262999999999999901e+00
2.279999999999999805e+00
2.279999999999999805e+00
2.278999999999999915e+00
2.278999999999999915e+00
2.278999999999999915e+00
2.282000000000000028e+00
2.289000000000000146e+00
2.314000000000000057e+00
2.313000000000000167e+00
2.311999999999999833e+00
2.310999999999999943e+00
2.310999999999999943e+00
2.311999999999999833e+00
2.317000000000000171e+00
2.326000000000000068e+00
2.345000000000000195e+00
2.343999999999999861e+00
2.342999999999999972e+00
2.342999999999999972e+00
2.342999999999999972e+00
2.345000000000000195e+00
2.350999999999999979e+00
2.359999999999999876e+00
2.367999999999999883e+00
2.373000000000000220e+00
2.375999999999999890e+00
2.376999999999999780e+00
2.376999999999999780e+00
2.378000000000000114e+00
2.379999999999999893e+00
2.634999999999999787e+00
2.634999999999999787e+00
2.634999999999999787e+00
2.637000000000000011e+00
2.642999999999999794e+00
2.650999999999999801e+00
2.669999999999999929e+00
2.669000000000000039e+00
2.668000000000000149e+00
2.668000000000000149e+00
2.669000000000000039e+00
2.672000000000000153e+00
2.680000000000000160e+00
2.704000000000000181e+00
2.701999999999999957e+00
2.701999999999999957e+00
2.701000000000000068e+00
2.701000000000000068e+00
2.701999999999999957e+00
2.708000000000000185e+00
2.716000000000000192e+00
2.736000000000000210e+00
2.734999999999999876e+00
2.733999999999999986e+00
2.733999999999999986e+00
2.733999999999999986e+00
2.734999999999999876e+00
2.740000000000000213e+00
2.749000000000000110e+00
2.767999999999999794e+00
2.766999999999999904e+00
2.766000000000000014e+00
2.766000000000000014e+00
2.766000000000000014e+00
2.767999999999999794e+00
2.774000000000000021e+00
2.782000000000000028e+00
2.799999999999999822e+00
2.798999999999999932e+00
2.798000000000000043e+00
2.798000000000000043e+00
2.798000000000000043e+00
2.799999999999999822e+00
2.806999999999999940e+00
2.814999999999999947e+00
2.823999999999999844e+00
2.829000000000000181e+00
2.830999999999999961e+00
2.831999999999999851e+00
3.075000000000000178e+00
3.093999999999999861e+00
3.092999999999999972e+00
3.092999999999999972e+00
3.092999999999999972e+00
3.092999999999999972e+00
3.096000000000000085e+00
3.103000000000000203e+00
3.128000000000000114e+00
3.126999999999999780e+00
3.125999999999999890e+00
3.125000000000000000e+00
3.125000000000000000e+00
3.125999999999999890e+00
3.130999999999999783e+00
3.138999999999999790e+00
3.148000000000000131e+00
3.154999999999999805e+00
3.157999999999999918e+00
3.158999999999999808e+00
3.158999999999999808e+00
3.158999999999999808e+00
3.160000000000000142e+00
3.162999999999999812e+00
3.192000000000000171e+00
3.190999999999999837e+00
3.189999999999999947e+00
3.189999999999999947e+00
3.189999999999999947e+00
3.192000000000000171e+00
3.197999999999999954e+00
3.206999999999999851e+00
3.214999999999999858e+00
3.220000000000000195e+00
3.222999999999999865e+00
3.224000000000000199e+00
3.224000000000000199e+00
3.224000000000000199e+00
3.225999999999999979e+00
3.258999999999999897e+00
3.257000000000000117e+00
3.255999999999999783e+00
3.255999999999999783e+00
3.255999999999999783e+00
3.255999999999999783e+00
3.258999999999999897e+00
3.266000000000000014e+00
3.290999999999999925e+00
3.289000000000000146e+00
3.757000000000000117e+00
3.774999999999999911e+00
3.774000000000000021e+00
3.773000000000000131e+00
3.773000000000000131e+00
3.774000000000000021e+00
3.778999999999999915e+00
3.787999999999999812e+00
3.806999999999999940e+00
3.806999999999999940e+00
3.806000000000000050e+00
3.806000000000000050e+00
3.806000000000000050e+00
3.806999999999999940e+00
3.813000000000000167e+00
3.822000000000000064e+00
3.830000000000000071e+00
3.834999999999999964e+00
3.838000000000000078e+00
3.838999999999999968e+00
3.838999999999999968e+00
3.838999999999999968e+00
3.842000000000000082e+00
3.871999999999999886e+00
3.870999999999999996e+00
3.870000000000000107e+00
3.870000000000000107e+00
3.870000000000000107e+00
3.870999999999999996e+00
3.875999999999999890e+00
3.883999999999999897e+00
3.903000000000000025e+00
3.903000000000000025e+00
3.902000000000000135e+00
3.902000000000000135e+00
3.902000000000000135e+00
3.906000000000000139e+00
3.912999999999999812e+00
3.935999999999999943e+00
3.935000000000000053e+00
3.935000000000000053e+00
3.934000000000000163e+00
3.934000000000000163e+00
3.935999999999999943e+00
3.942000000000000171e+00
3.950000000000000178e+00
3.967999999999999972e+00
3.967999999999999972e+00
3.967000000000000082e+00
4.453000000000000291e+00
4.453000000000000291e+00
4.451999999999999957e+00
4.451999999999999957e+00
4.451999999999999957e+00
4.455000000000000071e+00
4.461999999999999744e+00
4.487000000000000099e+00
4.485000000000000320e+00
4.485000000000000320e+00
4.483999999999999986e+00
4.483999999999999986e+00
4.485000000000000320e+00
4.490000000000000213e+00
4.498000000000000220e+00
4.506999999999999673e+00
4.512999999999999901e+00
4.516000000000000014e+00
4.517000000000000348e+00
4.517000000000000348e+00
4.517000000000000348e+00
4.519000000000000128e+00
4.552999999999999936e+00
4.549999999999999822e+00
4.549000000000000377e+00
4.549000000000000377e+00
4.548000000000000043e+00
4.548000000000000043e+00
4.551999999999999602e+00
4.559000000000000163e+00
4.583000000000000185e+00
4.581000000000000405e+00
4.580000000000000071e+00
4.580000000000000071e+00
4.580000000000000071e+00
4.581000000000000405e+00
4.586000000000000298e+00
4.594999999999999751e+00
4.613000000000000433e+00
4.613000000000000433e+00
4.612000000000000099e+00
4.612000000000000099e+00
4.612000000000000099e+00
4.613999999999999879e+00
4.620000000000000107e+00
4.628999999999999559e+00
4.636999999999999567e+00
4.642000000000000348e+00
4.644000000000000128e+00
4.644999999999999574e+00
4.884000000000000341e+00
4.892000000000000348e+00
4.897000000000000242e+00
4.899000000000000021e+00
4.900000000000000355e+00
4.900000000000000355e+00
4.900999999999999801e+00
4.902999999999999581e+00
4.932000000000000384e+00
4.931000000000000050e+00
4.931000000000000050e+00
4.929999999999999716e+00
4.929999999999999716e+00
4.932000000000000384e+00
4.937000000000000277e+00
4.945000000000000284e+00
4.964000000000000412e+00
4.963000000000000078e+00
4.961999999999999744e+00
4.961999999999999744e+00
4.961999999999999744e+00
4.966000000000000192e+00
4.972999999999999865e+00
4.996999999999999886e+00
4.996000000000000441e+00
4.995000000000000107e+00
4.995000000000000107e+00
4.995000000000000107e+00
4.995000000000000107e+00
5.000000000000000000e+00
5.009000000000000341e+00
5.017999999999999794e+00
5.024000000000000021e+00
5.027000000000000135e+00
5.027999999999999581e+00
5.027999999999999581e+00
5.027999999999999581e+00
5.028999999999999915e+00
5.032000000000000028e+00
5.060999999999999943e+00
5.059999999999999609e+00
5.059000000000000163e+00
5.059000000000000163e+00
5.059000000000000163e+00
5.060999999999999943e+00
5.067000000000000171e+00
5.075000000000000178e+00
5.083999999999999631e+00
5.089000000000000412e+00
5.320999999999999730e+00
5.326999999999999957e+00
5.336000000000000298e+00
5.344000000000000306e+00
5.349000000000000199e+00
5.350999999999999979e+00
5.352000000000000313e+00
5.352000000000000313e+00
5.352999999999999758e+00
5.355999999999999872e+00
5.384999999999999787e+00
5.384999999999999787e+00
5.384000000000000341e+00
5.384000000000000341e+00
5.384000000000000341e+00
5.386999999999999567e+00
5.392999999999999794e+00
5.418999999999999595e+00
5.416999999999999815e+00
5.416999999999999815e+00
5.416000000000000369e+00
5.416000000000000369e+00
5.416999999999999815e+00
5.421999999999999709e+00
5.431000000000000050e+00
5.450000000000000178e+00
5.448999999999999844e+00
5.448999999999999844e+00
5.448999999999999844e+00
5.448999999999999844e+00
5.450999999999999623e+00
5.456000000000000405e+00
5.464999999999999858e+00
5.472999999999999865e+00
5.479000000000000092e+00
5.480999999999999872e+00
5.482000000000000206e+00
5.482000000000000206e+00
5.482999999999999652e+00
5.485000000000000320e+00
5.514999999999999680e+00
5.514000000000000234e+00
5.514000000000000234e+00
5.512999999999999901e+00
5.512999999999999901e+00
5.514999999999999680e+00
5.520999999999999908e+00
5.528999999999999915e+00
5.772000000000000242e+00
5.772000000000000242e+00
5.772000000000000242e+00
5.772999999999999687e+00
5.775000000000000355e+00
5.806000000000000050e+00
5.804999999999999716e+00
5.804000000000000270e+00
5.804000000000000270e+00
5.804000000000000270e+00
5.804000000000000270e+00
5.809000000000000163e+00
5.817999999999999616e+00
5.825999999999999623e+00
5.833000000000000185e+00
5.836000000000000298e+00
5.836999999999999744e+00
5.836999999999999744e+00
5.836999999999999744e+00
5.838000000000000078e+00
5.841000000000000192e+00
5.870000000000000107e+00
5.868999999999999773e+00
5.868000000000000327e+00
5.868000000000000327e+00
5.868000000000000327e+00
5.870000000000000107e+00
5.876999999999999780e+00
5.903999999999999915e+00
5.902000000000000135e+00
5.900999999999999801e+00
5.900999999999999801e+00
5.900999999999999801e+00
5.900999999999999801e+00
5.905000000000000249e+00
5.911999999999999922e+00
5.934999999999999609e+00
5.934000000000000163e+00
5.932999999999999829e+00
5.932999999999999829e+00
5.932999999999999829e+00
5.934000000000000163e+00
5.939000000000000057e+00
5.948000000000000398e+00
5.966999999999999638e+00
5.966000000000000192e+00
5.964999999999999858e+00
5.964999999999999858e+00
5.964999999999999858e+00
5.966999999999999638e+00
6.225999999999999979e+00
6.224000000000000199e+00
6.222999999999999865e+00
6.222999999999999865e+00
6.222999999999999865e+00
6.224000000000000199e+00
6.227999999999999758e+00
6.237000000000000099e+00
6.245000000000000107e+00
6.251999999999999780e+00
6.254999999999999893e+00
6.256000000000000227e+00
6.256000000000000227e+00
6.256000000000000227e+00
6.256999999999999673e+00
6.261000000000000121e+00
6.288000000000000256e+00
6.286999999999999922e+00
6.286999999999999922e+00
6.286999999999999922e+00
6.286999999999999922e+00
6.290000000000000036e+00
6.296999999999999709e+00
6.322000000000000064e+00
6.320000000000000284e+00
6.320000000000000284e+00
6.318999999999999950e+00
6.318999999999999950e+00
6.320000000000000284e+00
6.323999999999999844e+00
6.333000000000000185e+00
6.341000000000000192e+00
6.347999999999999865e+00
6.350999999999999979e+00
6.352000000000000313e+00
6.352999999999999758e+00
6.352999999999999758e+00
6.354000000000000092e+00
6.357000000000000206e+00
6.384999999999999787e+00
6.384000000000000341e+00
6.384000000000000341e+00
6.384000000000000341e+00
6.384000000000000341e+00
6.386999999999999567e+00
6.394999999999999574e+00
6.418999999999999595e+00
6.416999999999999815e+00
6.416000000000000369e+00
6.416000000000000369e+00
6.870000000000000107e+00
6.876000000000000334e+00
6.884999999999999787e+00
6.900999999999999801e+00
6.900000000000000355e+00
6.900000000000000355e+00
6.900000000000000355e+00
6.900000000000000355e+00
6.900999999999999801e+00
6.905000000000000249e+00
6.913000000000000256e+00
6.932000000000000384e+00
6.931000000000000050e+00
6.931000000000000050e+00
6.931000000000000050e+00
6.931000000000000050e+00
6.932000000000000384e+00
6.935999999999999943e+00
6.943999999999999950e+00
6.964000000000000412e+00
6.963000000000000078e+00
6.963000000000000078e+00
6.963000000000000078e+00
6.961999999999999744e+00
6.963000000000000078e+00
6.966999999999999638e+00
6.974999999999999645e+00
6.995000000000000107e+00
6.993999999999999773e+00
6.993999999999999773e+00
6.993999999999999773e+00
6.993999999999999773e+00
6.995000000000000107e+00
6.998999999999999666e+00
7.006999999999999673e+00
7.025999999999999801e+00
7.025999999999999801e+00
7.025000000000000355e+00
7.025000000000000355e+00
7.025000000000000355e+00
7.027000000000000135e+00
7.032000000000000028e+00
7.040000000000000036e+00
7.057999999999999829e+00
7.057000000000000384e+00
7.056000000000000050e+00
7.056000000000000050e+00
7.056000000000000050e+00
7.057999999999999829e+00
7.064000000000000057e+00
7.307999999999999829e+00
7.307000000000000384e+00
7.306000000000000050e+00
7.306000000000000050e+00
7.306000000000000050e+00
7.307000000000000384e+00
7.310999999999999943e+00
7.318999999999999950e+00
7.328000000000000291e+00
7.333999999999999631e+00
7.336999999999999744e+00
7.338000000000000078e+00
7.338000000000000078e+00
7.338000000000000078e+00
7.339000000000000412e+00
7.341000000000000192e+00
7.370000000000000107e+00
7.368999999999999773e+00
7.368000000000000327e+00
7.368000000000000327e+00
7.368000000000000327e+00
7.368000000000000327e+00
7.371000000000000441e+00
7.378000000000000114e+00
7.400999999999999801e+00
7.400000000000000355e+00
7.400000000000000355e+00
7.399000000000000021e+00
7.399000000000000021e+00
7.400000000000000355e+00
7.403999999999999915e+00
7.411999999999999922e+00
7.432999999999999829e+00
7.432000000000000384e+00
7.431000000000000050e+00
7.431000000000000050e+00
7.431000000000000050e+00
7.431000000000000050e+00
7.434999999999999609e+00
7.442999999999999616e+00
7.464000000000000412e+00
7.463000000000000078e+00
7.461999999999999744e+00
7.461999999999999744e+00
7.461999999999999744e+00
7.461999999999999744e+00
7.466000000000000192e+00
7.472999999999999865e+00
7.496000000000000441e+00
7.690999999999999837e+00
7.700000000000000178e+00
7.716000000000000192e+00
7.714999999999999858e+00
7.714999999999999858e+00
7.714999999999999858e+00
7.714999999999999858e+00
7.716000000000000192e+00
7.721000000000000085e+00
7.729000000000000092e+00
7.748000000000000220e+00
7.746999999999999886e+00
7.746999999999999886e+00
7.746999999999999886e+00
7.746999999999999886e+00
7.746999999999999886e+00
7.751000000000000334e+00
7.758000000000000007e+00
7.780000000000000249e+00
7.780000000000000249e+00
7.778999999999999915e+00
7.778999999999999915e+00
7.778999999999999915e+00
7.778999999999999915e+00
7.783000000000000362e+00
7.790000000000000036e+00
7.812999999999999723e+00
7.812000000000000277e+00
7.810999999999999943e+00
7.810999999999999943e+00
7.810999999999999943e+00
7.810999999999999943e+00
7.812999999999999723e+00
7.818999999999999950e+00
7.828000000000000291e+00
7.844000000000000306e+00
7.842999999999999972e+00
7.842999999999999972e+00
7.842999999999999972e+00
7.842999999999999972e+00
7.842999999999999972e+00
7.847999999999999865e+00
7.855999999999999872e+00
7.876000000000000334e+00
7.875000000000000000e+00
7.875000000000000000e+00
7.875000000000000000e+00
7.875000000000000000e+00
7.875000000000000000e+00
7.878000000000000114e+00
8.099000000000000199e+00
8.102999999999999758e+00
8.109999999999999432e+00
8.131000000000000227e+00
8.131000000000000227e+00
8.130000000000000782e+00
8.130000000000000782e+00
8.130000000000000782e+00
8.130000000000000782e+00
8.134000000000000341e+00
8.141000000000000014e+00
8.163000000000000256e+00
8.163000000000000256e+00
8.162000000000000810e+00
8.162000000000000810e+00
8.162000000000000810e+00
8.162000000000000810e+00
8.166000000000000369e+00
8.173000000000000043e+00
8.195999999999999730e+00
8.195000000000000284e+00
8.194000000000000838e+00
8.194000000000000838e+00
8.194000000000000838e+00
8.194000000000000838e+00
8.195999999999999730e+00
8.201999999999999957e+00
8.211000000000000298e+00
8.227000000000000313e+00
8.226000000000000867e+00
8.226000000000000867e+00
8.226000000000000867e+00
8.226000000000000867e+00
8.227000000000000313e+00
8.230999999999999872e+00
8.239000000000000767e+00
8.259000000000000341e+00
8.257999999999999119e+00
8.256999999999999673e+00
8.256999999999999673e+00
8.256999999999999673e+00
8.256999999999999673e+00
8.260999999999999233e+00
8.268000000000000682e+00
8.291000000000000369e+00
8.289999999999999147e+00
8.288999999999999702e+00
8.288999999999999702e+00
8.288999999999999702e+00
8.515000000000000568e+00
8.515000000000000568e+00
8.515000000000000568e+00
8.518000000000000682e+00
8.525000000000000355e+00
8.548999999999999488e+00
8.548000000000000043e+00
8.548000000000000043e+00
8.547000000000000597e+00
8.547000000000000597e+00
8.547000000000000597e+00
8.550000000000000711e+00
8.555999999999999162e+00
8.583999999999999631e+00
8.582000000000000739e+00
8.580999999999999517e+00
8.580000000000000071e+00
8.580000000000000071e+00
8.580000000000000071e+00
8.580999999999999517e+00
8.585000000000000853e+00
8.592999999999999972e+00
8.612999999999999545e+00
8.612000000000000099e+00
8.611000000000000654e+00
8.611000000000000654e+00
8.611000000000000654e+00
8.611000000000000654e+00
8.614000000000000767e+00
8.619999999999999218e+00
8.646000000000000796e+00
8.644999999999999574e+00
8.644000000000000128e+00
8.644000000000000128e+00
8.644000000000000128e+00
8.644000000000000128e+00
8.646000000000000796e+00
8.653000000000000469e+00
8.662000000000000810e+00
8.678000000000000824e+00
8.676999999999999602e+00
8.676999999999999602e+00
8.676999999999999602e+00
8.676999999999999602e+00
8.679000000000000270e+00
8.685000000000000497e+00
8.692999999999999616e+00
8.710000000000000853e+00
8.935999999999999943e+00
8.935999999999999943e+00
8.935000000000000497e+00
8.935000000000000497e+00
8.935000000000000497e+00
8.935000000000000497e+00
8.938000000000000611e+00
8.945000000000000284e+00
8.968999999999999417e+00
8.967999999999999972e+00
8.967000000000000526e+00
8.967000000000000526e+00
8.967000000000000526e+00
8.967999999999999972e+00
8.973000000000000753e+00
8.980999999999999872e+00
8.990000000000000213e+00
8.996000000000000441e+00
8.999000000000000554e+00
9.000000000000000000e+00
9.000000000000000000e+00
9.000000000000000000e+00
9.000999999999999446e+00
9.003999999999999559e+00
9.032999999999999474e+00
9.032000000000000028e+00
9.031000000000000583e+00
9.031000000000000583e+00
9.031000000000000583e+00
9.032000000000000028e+00
9.037000000000000810e+00
9.044999999999999929e+00
9.064999999999999503e+00
9.064000000000000057e+00
9.063000000000000611e+00
9.063000000000000611e+00
9.063000000000000611e+00
9.064999999999999503e+00
9.070000000000000284e+00
9.079000000000000625e+00
9.096999999999999531e+00
9.096000000000000085e+00
9.095000000000000639e+00
9.095000000000000639e+00
9.095000000000000639e+00
9.098000000000000753e+00
9.103999999999999204e+00
9.355999999999999872e+00
9.355000000000000426e+00
9.355000000000000426e+00
9.355000000000000426e+00
9.358000000000000540e+00
9.365000000000000213e+00
9.390000000000000568e+00
9.387999999999999901e+00
9.387000000000000455e+00
9.387000000000000455e+00
9.387000000000000455e+00
9.387000000000000455e+00
9.388999999999999346e+00
9.396000000000000796e+00
9.422000000000000597e+00
9.420999999999999375e+00
9.419999999999999929e+00
9.419000000000000483e+00
9.419000000000000483e+00
9.419000000000000483e+00
9.422000000000000597e+00
9.428000000000000824e+00
9.455000000000000071e+00
9.452999999999999403e+00
9.451999999999999957e+00
9.451000000000000512e+00
9.451000000000000512e+00
9.451000000000000512e+00
9.454000000000000625e+00
9.461000000000000298e+00
9.487000000000000099e+00
9.484999999999999432e+00
9.483999999999999986e+00
9.483999999999999986e+00
9.483999999999999986e+00
9.483000000000000540e+00
9.487000000000000099e+00
9.493999999999999773e+00
9.518000000000000682e+00
9.516999999999999460e+00
9.516000000000000014e+00
9.515000000000000568e+00
9.515000000000000568e+00
9.515000000000000568e+00
9.518000000000000682e+00
9.778000000000000469e+00
9.778000000000000469e+00
9.778000000000000469e+00
9.778000000000000469e+00
9.778999999999999915e+00
9.784000000000000696e+00
9.791999999999999815e+00
9.810999999999999943e+00
9.810000000000000497e+00
9.810000000000000497e+00
9.810000000000000497e+00
9.810000000000000497e+00
9.810999999999999943e+00
9.814999999999999503e+00
9.823000000000000398e+00
9.843999999999999417e+00
9.842999999999999972e+00
9.842999999999999972e+00
9.842999999999999972e+00
9.842000000000000526e+00
9.842999999999999972e+00
9.846999999999999531e+00
9.853999999999999204e+00
9.875999999999999446e+00
9.875000000000000000e+00
9.875000000000000000e+00
9.875000000000000000e+00
9.875000000000000000e+00
9.875000000000000000e+00
9.878999999999999559e+00
9.887000000000000455e+00
9.909000000000000696e+00
9.907999999999999474e+00
9.907000000000000028e+00
9.907000000000000028e+00
9.907000000000000028e+00
9.907999999999999474e+00
9.910999999999999588e+00
9.919000000000000483e+00
9.941000000000000725e+00
9.939999999999999503e+00
9.939999999999999503e+00
9.939999999999999503e+00
9.939000000000000057e+00
9.939999999999999503e+00
1.019999999999999929e+01
1.019999999999999929e+01
1.019999999999999929e+01
1.019999999999999929e+01
1.020400000000000063e+01
1.021100000000000030e+01
1.023399999999999999e+01
1.023300000000000054e+01
1.023300000000000054e+01
1.023199999999999932e+01
1.023199999999999932e+01
1.023199999999999932e+01
1.023499999999999943e+01
1.024300000000000033e+01
1.026699999999999946e+01
1.026600000000000001e+01
1.026500000000000057e+01
1.026500000000000057e+01
1.026500000000000057e+01
1.026500000000000057e+01
1.026699999999999946e+01
1.027399999999999913e+01
1.030100000000000016e+01
1.029899999999999949e+01
1.029800000000000004e+01
1.029700000000000060e+01
1.029700000000000060e+01
1.029700000000000060e+01
1.029899999999999949e+01
1.030400000000000027e+01
1.031300000000000061e+01
1.033099999999999952e+01
1.033000000000000007e+01
1.033000000000000007e+01
1.033000000000000007e+01
1.033000000000000007e+01
1.033099999999999952e+01
1.033600000000000030e+01
1.034399999999999942e+01
1.036400000000000077e+01
1.036299999999999955e+01
1.036200000000000010e+01
1.036200000000000010e+01
1.062599999999999945e+01
1.062500000000000000e+01
1.062500000000000000e+01
1.062500000000000000e+01
1.062500000000000000e+01
1.062500000000000000e+01
1.063000000000000078e+01
1.063799999999999990e+01
1.065900000000000070e+01
1.065799999999999947e+01
1.065799999999999947e+01
1.065799999999999947e+01
1.065700000000000003e+01
1.065799999999999947e+01
1.066099999999999959e+01
1.066799999999999926e+01
1.069200000000000017e+01
1.069100000000000072e+01
1.068999999999999950e+01
1.068999999999999950e+01
1.068999999999999950e+01
1.068999999999999950e+01
1.069400000000000084e+01
1.070100000000000051e+01
1.072499999999999964e+01
1.072400000000000020e+01
1.072400000000000020e+01
1.072300000000000075e+01
1.072300000000000075e+01
1.072300000000000075e+01
1.072600000000000087e+01
1.073300000000000054e+01
1.075900000000000034e+01
1.075799999999999912e+01
1.075699999999999967e+01
1.075699999999999967e+01
1.075699999999999967e+01
1.075699999999999967e+01
1.075900000000000034e+01
1.076500000000000057e+01
1.077399999999999913e+01
1.079100000000000037e+01
1.149000000000000021e+01
1.149699999999999989e+01
1.152100000000000080e+01
1.151999999999999957e+01
1.151999999999999957e+01
1.151900000000000013e+01
1.151900000000000013e+01
1.151900000000000013e+01
1.152200000000000024e+01
1.152800000000000047e+01
1.155599999999999916e+01
1.155400000000000027e+01
1.155300000000000082e+01
1.155300000000000082e+01
1.155300000000000082e+01
1.155300000000000082e+01
1.155300000000000082e+01
1.155799999999999983e+01
1.156600000000000072e+01
1.158699999999999974e+01
1.158699999999999974e+01
1.158600000000000030e+01
1.158600000000000030e+01
1.158600000000000030e+01
1.158600000000000030e+01
1.158799999999999919e+01
1.159399999999999942e+01
1.162100000000000044e+01
1.161999999999999922e+01
1.161899999999999977e+01
1.161899999999999977e+01
1.161899999999999977e+01
1.161899999999999977e+01
1.161999999999999922e+01
1.162500000000000000e+01
1.163400000000000034e+01
1.165399999999999991e+01
1.165300000000000047e+01
1.165199999999999925e+01
1.165199999999999925e+01
1.165199999999999925e+01
