1.591880555748070955e+09
1.591880555832345963e+09
1.591880556030869961e+09
1.591880556233108044e+09
1.591880556431691885e+09
1.591880556633186102e+09
1.591880556833268881e+09
1.591880557031127930e+09
1.591880557231276989e+09
1.591880557435039997e+09
1.591880557631236076e+09
1.591880557831398010e+09
1.591880558031373024e+09
1.591880558231389999e+09
1.591880558430710077e+09
1.591880558629522085e+09
1.591880558829741001e+09
1.591880559031584024e+09
1.591880559229737997e+09
1.591880559429723978e+09
1.591880559631352901e+09
1.591880559830368996e+09
1.591880560030468941e+09
1.591880560230936050e+09
1.591880560430597067e+09
1.591880560626239061e+09
1.591880560828679085e+09
1.591880561030109882e+09
1.591880561229357958e+09
1.591880561430628061e+09
1.591880561627969027e+09
1.591880561831577063e+09
1.591880562030055046e+09
1.591880562230714083e+09
1.591880562428966045e+09
1.591880562630294085e+09
1.591880562830221891e+09
1.591880563030541897e+09
1.591880563230036020e+09
1.591880563429169893e+09
1.591880563630038023e+09
1.591880563829049110e+09
1.591880564030138969e+09
1.591880564230679035e+09
1.591880564429136992e+09
1.591880564628140926e+09
1.591880564826589108e+09
1.591880565029898882e+09
1.591880565229444027e+09
1.591880576614263058e+09
1.591880576814384937e+09
1.591880577014148951e+09
1.591880577214174986e+09
1.591880577415587902e+09
1.591880577614391088e+09
1.591880577814412117e+09
1.591880578014358997e+09
1.591880578214464903e+09
1.591880578414616108e+09
1.591880578614453077e+09
1.591880578812455893e+09
1.591880579012624025e+09
1.591880579212569952e+09
1.591880579414802074e+09
1.591880579614840031e+09
1.591880579812865973e+09
1.591880580015547991e+09
1.591880580212842941e+09
1.591880580412885904e+09
1.591880580613337994e+09
1.591880580947510004e+09
1.591880581021253109e+09
1.591880581213216066e+09
1.591880581413014889e+09
1.591880581613142967e+09
1.591880581813333035e+09
1.591880582013350964e+09
1.591880582213285923e+09
1.591880582413535118e+09
1.591880582611202955e+09
1.591880582813849926e+09
1.591880583014344931e+09
1.591880583213457108e+09
1.591880583411423922e+09
1.591880583612739086e+09
1.591880583814629078e+09
1.591880584017770052e+09
1.591880584210882902e+09
1.591880584409930944e+09
1.591880584615807056e+09
1.591880584812019110e+09
1.591880585013207912e+09
1.591880585211940050e+09
1.591880585412120104e+09
1.591880585612143993e+09
1.591880585959860086e+09
1.591880586071053982e+09
1.591880586215362072e+09
1.591880597596784115e+09
1.591880597798648119e+09
1.591880598000233889e+09
1.591880598198354006e+09
1.591880598398082018e+09
1.591880598598110914e+09
1.591880598798651934e+09
1.591880598997767925e+09
1.591880599198292017e+09
1.591880599400319099e+09
1.591880599598237991e+09
1.591880599798523903e+09
1.591880599997241020e+09
1.591880600199505091e+09
1.591880600397643089e+09
1.591880600598838091e+09
1.591880600797700882e+09
1.591880600998198032e+09
1.591880601198872089e+09
1.591880601397962093e+09
1.591880601596133947e+09
1.591880601799257994e+09
1.591880601999097109e+09
1.591880602197887897e+09
1.591880602397327900e+09
1.591880602596714020e+09
1.591880602795272112e+09
1.591880602997168064e+09
1.591880603197491884e+09
1.591880603397165060e+09
1.591880603598618031e+09
1.591880603795511007e+09
1.591880603994900942e+09
1.591880604198348045e+09
1.591880604397713900e+09
1.591880604597762108e+09
1.591880604797660112e+09
1.591880604997028112e+09
1.591880605195691109e+09
1.591880605395657063e+09
1.591880605594701052e+09
1.591880605795721054e+09
1.591880605996239901e+09
1.591880606195626974e+09
1.591880606395750046e+09
1.591880606596328020e+09
1.591880606793601990e+09
1.591880606993659973e+09
1.591880607193861961e+09
1.591880640945602894e+09
1.591880641155913115e+09
1.591880641353751898e+09
1.591880641556047916e+09
1.591880641753891945e+09
1.591880641955975056e+09
1.591880642154213905e+09
1.591880642354127884e+09
1.591880642558008909e+09
1.591880642757280111e+09
1.591880642954886913e+09
1.591880643153692961e+09
1.591880643354682922e+09
1.591880643554230928e+09
1.591880643753330946e+09
1.591880643954926968e+09
1.591880644156866074e+09
1.591880644353940964e+09
1.591880644555254936e+09
1.591880644754620075e+09
1.591880644953555107e+09
1.591880645152971983e+09
1.591880645353457928e+09
1.591880645673811913e+09
1.591880645771605968e+09
1.591880645953351021e+09
1.591880646153274059e+09
1.591880646355046988e+09
1.591880646553337097e+09
1.591880646751210928e+09
1.591880646953809023e+09
1.591880647152048111e+09
1.591880647355284929e+09
1.591880647553571939e+09
1.591880647754002094e+09
1.591880647953644991e+09
1.591880648153431892e+09
1.591880648353735924e+09
1.591880648551969051e+09
1.591880648752042055e+09
1.591880648951303005e+09
1.591880649151201963e+09
1.591880649352181911e+09
1.591880649553165913e+09
1.591880649753668070e+09
1.591880649951962948e+09
1.591880650149991035e+09
1.591880650351701975e+09
1.591880650668823004e+09
1.591880661929599047e+09
1.591880662138150930e+09
1.591880662340111017e+09
1.591880662539525032e+09
1.591880662739069939e+09
1.591880662937664032e+09
1.591880663139369965e+09
1.591880663337057114e+09
1.591880663537528038e+09
1.591880663739826918e+09
1.591880663938206911e+09
1.591880664137845993e+09
1.591880664335664988e+09
1.591880664535731077e+09
1.591880664735764980e+09
1.591880664938196898e+09
1.591880665136064053e+09
1.591880665337994099e+09
1.591880665538161993e+09
1.591880665735595942e+09
1.591880665936510086e+09
1.591880666136661053e+09
1.591880666336842060e+09
1.591880666537472963e+09
1.591880666736757994e+09
1.591880666938292027e+09
1.591880667137444973e+09
1.591880667334973097e+09
1.591880667537759066e+09
1.591880667735249043e+09
1.591880667936378002e+09
1.591880668135978937e+09
1.591880668334952116e+09
1.591880668537012100e+09
1.591880668734807968e+09
1.591880668936956882e+09
1.591880669137248039e+09
1.591880669333530903e+09
1.591880669535290003e+09
1.591880669736612082e+09
1.591880669935173988e+09
1.591880670135096073e+09
1.591880670339113951e+09
1.591880670535038948e+09
1.591880670729142904e+09
1.591880670934958935e+09
1.591880671134638071e+09
1.591880671334261894e+09
1.591880671534476995e+09
1.591880682907711029e+09
1.591880683119443893e+09
1.591880683320460081e+09
1.591880683520401001e+09
1.591880683720654964e+09
1.591880683920733929e+09
1.591880684119427919e+09
1.591880684318850040e+09
1.591880684521347046e+09
1.591880684721024990e+09
1.591880684919325113e+09
1.591880685121184111e+09
1.591880685319633007e+09
1.591880685518949032e+09
1.591880685719525099e+09
1.591880685919261932e+09
1.591880686119052887e+09
1.591880686319060087e+09
1.591880686521388054e+09
1.591880686720848083e+09
1.591880686920593023e+09
1.591880687260493994e+09
1.591880687378294945e+09
1.591880687529843092e+09
1.591880687720113039e+09
1.591880687919596910e+09
1.591880688119872093e+09
1.591880688317914009e+09
1.591880688519959927e+09
1.591880688717977047e+09
1.591880688917041063e+09
1.591880689120099068e+09
1.591880689319963932e+09
1.591880689519798994e+09
1.591880689719676971e+09
1.591880689919779062e+09
1.591880690120016098e+09
1.591880690320367098e+09
1.591880690519149065e+09
1.591880690717961073e+09
1.591880690917609930e+09
1.591880691117850065e+09
1.591880691319483995e+09
1.591880691518407106e+09
1.591880691718012094e+09
1.591880691916654110e+09
1.591880692260967970e+09
1.591880692382707119e+09
1.591880692543175936e+09
1.591880715072626114e+09
1.591880715419399023e+09
1.591880715691860914e+09
1.591880715893444061e+09
1.591880716092890024e+09
1.591880716294745922e+09
1.591880716493839979e+09
1.591880716692267895e+09
1.591880716892430067e+09
1.591880717094803095e+09
1.591880717292710066e+09
1.591880717493257046e+09
1.591880717690959930e+09
1.591880717892869949e+09
1.591880718085853100e+09
1.591880718292932987e+09
1.591880718493527889e+09
1.591880718693150043e+09
1.591880718891166925e+09
1.591880719093148947e+09
1.591880719293320894e+09
1.591880719492264032e+09
1.591880719692687988e+09
1.591880719891076088e+09
1.591880720089236975e+09
1.591880720289176941e+09
1.591880720492566109e+09
1.591880720689657927e+09
1.591880720889303923e+09
1.591880721091630936e+09
1.591880721291861057e+09
1.591880721490981102e+09
1.591880721691035986e+09
1.591880721892051935e+09
1.591880722089920044e+09
1.591880722291769981e+09
1.591880722491077900e+09
1.591880722693505049e+09
1.591880722893888950e+09
1.591880723091279984e+09
1.591880723290570021e+09
1.591880723491080999e+09
1.591880723689587116e+09
1.591880723891243935e+09
1.591880724088684082e+09
1.591880724292927027e+09
1.591880724490729094e+09
1.591880724691086054e+09
1.591880724891560078e+09
1.591880747244137049e+09
1.591880747464170933e+09
1.591880747664302111e+09
1.591880747866348028e+09
1.591880748066023111e+09
1.591880748266133070e+09
1.591880748458007097e+09
1.591880748662833929e+09
1.591880748864831924e+09
1.591880749065926075e+09
1.591880749265213013e+09
1.591880749462892056e+09
1.591880749663341999e+09
1.591880749866017103e+09
1.591880750066426992e+09
1.591880750265223980e+09
1.591880750463031054e+09
1.591880750665035009e+09
1.591880750865140915e+09
1.591880751064654112e+09
1.591880751264328957e+09
1.591880751464915991e+09
1.591880751665488958e+09
1.591880751865482092e+09
1.591880752066833019e+09
1.591880752263402939e+09
1.591880752461968899e+09
1.591880752663522005e+09
1.591880752863892078e+09
1.591880753065167904e+09
1.591880753261584997e+09
1.591880753606005907e+09
1.591880753730597019e+09
1.591880753884526014e+09
1.591880754064064026e+09
1.591880754265664101e+09
1.591880754462222099e+09
1.591880754661180973e+09
1.591880754863286972e+09
1.591880755062202930e+09
1.591880755260992050e+09
1.591880755461379051e+09
1.591880755664064884e+09
1.591880755862231016e+09
1.591880756064527988e+09
1.591880756260694027e+09
1.591880756463359118e+09
1.591880756661295891e+09
1.591880756862543106e+09
1.591880757062767982e+09
1.591880768428601980e+09
1.591880768788279057e+09
1.591880768909742117e+09
1.591880769060851097e+09
1.591880769247759104e+09
1.591880769450656891e+09
1.591880769646106958e+09
1.591880769849961996e+09
1.591880770048230886e+09
1.591880770250571012e+09
1.591880770448376894e+09
1.591880770649223089e+09
1.591880770848165035e+09
1.591880771046137094e+09
1.591880771246058941e+09
1.591880771448630095e+09
1.591880771647701979e+09
1.591880771846577883e+09
1.591880772048264027e+09
1.591880772248330116e+09
1.591880772446827888e+09
1.591880772647573948e+09
1.591880772846684933e+09
1.591880773048988104e+09
1.591880773245809078e+09
1.591880773447894096e+09
1.591880773645910978e+09
1.591880773848303080e+09
1.591880774046430111e+09
1.591880774244488001e+09
1.591880774446362019e+09
1.591880774645876884e+09
1.591880774845010996e+09
1.591880775047400951e+09
1.591880775245280027e+09
1.591880775444951057e+09
1.591880775645971060e+09
1.591880775848212004e+09
1.591880776045660019e+09
1.591880776245486021e+09
1.591880776445462942e+09
1.591880776647952080e+09
1.591880776848042965e+09
1.591880777046844959e+09
1.591880777247359037e+09
1.591880777445888996e+09
1.591880777646852970e+09
1.591880777845870018e+09
1.591880778044192076e+09
1.591880789409519911e+09
1.591880789633768082e+09
1.591880789833363056e+09
1.591880790031438112e+09
1.591880790233999014e+09
1.591880790433576107e+09
1.591880790632986069e+09
1.591880790834265947e+09
1.591880791034411907e+09
1.591880791232867002e+09
1.591880791432559967e+09
1.591880791634084940e+09
1.591880791832236052e+09
1.591880792033407927e+09
1.591880792230753899e+09
1.591880792431953907e+09
1.591880792631150007e+09
1.591880792830117941e+09
1.591880793032207966e+09
1.591880793231518984e+09
1.591880793432763100e+09
1.591880793631983995e+09
1.591880793832953930e+09
1.591880794171689987e+09
1.591880794319637060e+09
1.591880794472609997e+09
1.591880794633070946e+09
1.591880794833003044e+09
1.591880795032124043e+09
1.591880795230999947e+09
1.591880795430277109e+09
1.591880795631220102e+09
1.591880795830204010e+09
1.591880796030927896e+09
1.591880796229130983e+09
1.591880796429100037e+09
1.591880796630706072e+09
1.591880796829298019e+09
1.591880797029068947e+09
1.591880797231272936e+09
1.591880797430486917e+09
1.591880797634706974e+09
1.591880797832216978e+09
1.591880798027899027e+09
1.591880798230690002e+09
1.591880798426806927e+09
1.591880798627062082e+09
1.591880798829967022e+09
1.591880810187669992e+09
1.591880810414885998e+09
1.591880810615005970e+09
1.591880810816603899e+09
1.591880811017644882e+09
1.591880811214847088e+09
1.591880811414870977e+09
1.591880811614990950e+09
1.591880811815681934e+09
1.591880812019629002e+09
1.591880812215784073e+09
1.591880812418356895e+09
1.591880812616225958e+09
1.591880812816081047e+09
1.591880813017031908e+09
1.591880813216927052e+09
1.591880813416980028e+09
1.591880813615597010e+09
1.591880813815222979e+09
1.591880814013581991e+09
1.591880814214622021e+09
1.591880814474442959e+09
1.591880814618495941e+09
1.591880814815316916e+09
1.591880815016679049e+09
1.591880815216521978e+09
1.591880815414555073e+09
1.591880815614475965e+09
1.591880815816960096e+09
1.591880816016585112e+09
1.591880816214441061e+09
1.591880816417376041e+09
1.591880816616641998e+09
1.591880816815635920e+09
1.591880817015542030e+09
1.591880817215066910e+09
1.591880817413012028e+09
1.591880817615168095e+09
1.591880817815830946e+09
1.591880818015209913e+09
1.591880818215132952e+09
1.591880818415098906e+09
1.591880818613117933e+09
1.591880818817508936e+09
1.591880819015893936e+09
1.591880819216490030e+09
1.591880819412540913e+09
1.591880819613387108e+09
1.591880819816550016e+09
1.591880820014775991e+09
1.591880831174225092e+09
1.591880831400926113e+09
1.591880831600804090e+09
1.591880831801515102e+09
1.591880831998954058e+09
1.591880832201431036e+09
1.591880832399183989e+09
1.591880832599350929e+09
1.591880832799891949e+09
1.591880833001332998e+09
1.591880833201212883e+09
1.591880833402566910e+09
1.591880833601284981e+09
1.591880833802994967e+09
1.591880833997237921e+09
1.591880834200887918e+09
1.591880834400336027e+09
1.591880834600969076e+09
1.591880834799611092e+09
1.591880834998862982e+09
1.591880835201328039e+09
1.591880835398633003e+09
1.591880835599164009e+09
1.591880835797154903e+09
1.591880835998719931e+09
1.591880836196984053e+09
1.591880836399183035e+09
1.591880836599953890e+09
1.591880836799972057e+09
1.591880836998436928e+09
1.591880837198273897e+09
1.591880837399416924e+09
1.591880837601325035e+09
1.591880837799350023e+09
1.591880838001075029e+09
1.591880838200257063e+09
1.591880838399693012e+09
1.591880838600799084e+09
1.591880838799418926e+09
1.591880838996963978e+09
1.591880839196655989e+09
1.591880839397450924e+09
1.591880839599438906e+09
1.591880839797275066e+09
1.591880839999614000e+09
1.591880840194852114e+09
1.591880840397841930e+09
1.591880840596802950e+09
1.591880840797388077e+09
1.591880840999844074e+09
1.591880863342689991e+09
1.591880863574445963e+09
1.591880863774593115e+09
1.591880863973071098e+09
1.591880864168773890e+09
1.591880864373269081e+09
1.591880864567622900e+09
1.591880864774099112e+09
1.591880864972027063e+09
1.591880865171355963e+09
1.591880865371726036e+09
1.591880865574090958e+09
1.591880865774100065e+09
1.591880865971874952e+09
1.591880866172630072e+09
1.591880866374572992e+09
1.591880866574467897e+09
1.591880866773752928e+09
1.591880866973978043e+09
1.591880867174441099e+09
1.591880867369772911e+09
1.591880867572231054e+09
1.591880867772655964e+09
1.591880867970664978e+09
1.591880868173650980e+09
1.591880868372271061e+09
1.591880868570425987e+09
1.591880868772286892e+09
1.591880868972919941e+09
1.591880869174666882e+09
1.591880869370198965e+09
1.591880869710819960e+09
1.591880869871603012e+09
1.591880870041130066e+09
1.591880870208183050e+09
1.591880870372960091e+09
1.591880870570568085e+09
1.591880870772219896e+09
1.591880870971995115e+09
1.591880871177342892e+09
1.591880871372092962e+09
1.591880871569375992e+09
1.591880871769246101e+09
1.591880871972393036e+09
1.591880872178536892e+09
1.591880872368947983e+09
1.591880872569258928e+09
1.591880872769409895e+09
1.591880872970879078e+09
1.591880873180886984e+09
1.591880884523036957e+09
1.591880884896795034e+09
1.591880885067073107e+09
1.591880885243096113e+09
1.591880885406507015e+09
1.591880885578402996e+09
1.591880885757443905e+09
1.591880885960211039e+09
1.591880886158570051e+09
1.591880886358220100e+09
1.591880886557228088e+09
1.591880886758618116e+09
1.591880886957081079e+09
1.591880887159605026e+09
1.591880887358108997e+09
1.591880887555648088e+09
1.591880887755197048e+09
1.591880887959965944e+09
1.591880888159342051e+09
1.591880888355290890e+09
1.591880888558161020e+09
1.591880888755304098e+09
1.591880888957470894e+09
1.591880889167642117e+09
1.591880889352870941e+09
1.591880889558096886e+09
1.591880889755851984e+09
1.591880889955492973e+09
1.591880890153039932e+09
1.591880890354456902e+09
1.591880890553661108e+09
1.591880890755913019e+09
1.591880890956657887e+09
1.591880891164383888e+09
1.591880891355832100e+09
1.591880891554013968e+09
1.591880891756365061e+09
1.591880891958192110e+09
1.591880892167721987e+09
1.591880892356396914e+09
1.591880892556200981e+09
1.591880892756872892e+09
1.591880892957025051e+09
1.591880893177580118e+09
1.591880893354402065e+09
1.591880893554236889e+09
1.591880893753984928e+09
1.591880893953691959e+09
1.591880894168112040e+09
1.591880905302498102e+09
1.591880905541949034e+09
1.591880905740556002e+09
1.591880905943259954e+09
1.591880906157917976e+09
1.591880906341058016e+09
1.591880906543021917e+09
1.591880906741694927e+09
1.591880906938302040e+09
1.591880907141957998e+09
1.591880907341855049e+09
1.591880907542093039e+09
1.591880907739768028e+09
1.591880907941134930e+09
1.591880908149728060e+09
1.591880908340778112e+09
1.591880908540174961e+09
1.591880908741887093e+09
1.591880908939506054e+09
1.591880909139348984e+09
1.591880909339729071e+09
1.591880909542831898e+09
1.591880909733993053e+09
1.591880909941184044e+09
1.591880910139122009e+09
1.591880910340008974e+09
1.591880910542279959e+09
1.591880910739773989e+09
1.591880910936794996e+09
1.591880911138103962e+09
1.591880911342178106e+09
1.591880911540266037e+09
1.591880911742855072e+09
1.591880911938728094e+09
1.591880912140796900e+09
1.591880912343673944e+09
1.591880912537389994e+09
1.591880912740305901e+09
1.591880912939696074e+09
1.591880913138436079e+09
1.591880913337977886e+09
1.591880913540597916e+09
1.591880913737617016e+09
1.591880913937558889e+09
1.591880914161406994e+09
1.591880914343985081e+09
1.591880914537997007e+09
1.591880914735750914e+09
1.591880914936825037e+09
1.591880915136253119e+09
1.591880926486756086e+09
1.591880926724172115e+09
1.591880926925664902e+09
1.591880927124655962e+09
1.591880927326313972e+09
1.591880927523852110e+09
1.591880927724898100e+09
1.591880927925043106e+09
1.591880928121373892e+09
1.591880928326061964e+09
1.591880928522176027e+09
1.591880928722316980e+09
1.591880928922406912e+09
1.591880929125226021e+09
1.591880929322177887e+09
1.591880929523155928e+09
1.591880929724973917e+09
1.591880929925163984e+09
1.591880930123929024e+09
1.591880930321739912e+09
1.591880930525290012e+09
1.591880930722973108e+09
1.591880930925806999e+09
1.591880931125360966e+09
1.591880931322025061e+09
1.591880931523276091e+09
1.591880931724025011e+09
1.591880931923702955e+09
1.591880932124156952e+09
1.591880932320943117e+09
1.591880932522826910e+09
1.591880932721626043e+09
1.591880932921401978e+09
1.591880933122165918e+09
1.591880933321253061e+09
1.591880933521512985e+09
1.591880933721410036e+09
1.591880933921715021e+09
1.591880934121678114e+09
1.591880934321098089e+09
1.591880934523364067e+09
1.591880934721518993e+09
1.591880934917936087e+09
1.591880935122104883e+09
1.591880935318687916e+09
1.591880935519576073e+09
1.591880935721899033e+09
1.591880935919559002e+09
1.591880936121653080e+09
1.591880947468230009e+09
1.591880947709611893e+09
1.591880947911640882e+09
1.591880948107218981e+09
1.591880948309365988e+09
1.591880948507704973e+09
1.591880948714560986e+09
1.591880948916404009e+09
1.591880949108515978e+09
1.591880949312130928e+09
1.591880949507574081e+09
1.591880949708672047e+09
1.591880949908350945e+09
1.591880950106448889e+09
1.591880950305265903e+09
1.591880950507141113e+09
1.591880950706937075e+09
1.591880950909495115e+09
1.591880951108052015e+09
1.591880951308027029e+09
1.591880951508361101e+09
1.591880951712663889e+09
1.591880951906539917e+09
1.591880952107312918e+09
1.591880952308552980e+09
1.591880952513442993e+09
1.591880952717942953e+09
1.591880952914247036e+09
1.591880953107559919e+09
1.591880953307075977e+09
1.591880953505660057e+09
1.591880953708101034e+09
1.591880953909480095e+09
1.591880954107417107e+09
1.591880954309600115e+09
1.591880954506793976e+09
1.591880954713300943e+09
1.591880954907058954e+09
1.591880955108083010e+09
1.591880955453490973e+09
1.591880955648443937e+09
1.591880955843199015e+09
1.591880956033328056e+09
1.591880956233977079e+09
1.591880956435297012e+09
1.591880956636236906e+09
1.591880956826203108e+09
1.591880957022953987e+09
1.591880968446460009e+09
1.591880968691826105e+09
1.591880968897470951e+09
1.591880969097058058e+09
1.591880969295094967e+09
1.591880969495296001e+09
1.591880969704091072e+09
1.591880969901299953e+09
1.591880970098269939e+09
1.591880970351150036e+09
1.591880970542303085e+09
1.591880970738385916e+09
1.591880970927469015e+09
1.591880971123356104e+09
1.591880971319994926e+09
1.591880971516243935e+09
1.591880971713367939e+09
1.591880971913193941e+09
1.591880972112711906e+09
1.591880972309812069e+09
1.591880972513005972e+09
1.591880972717608929e+09
1.591880972909183979e+09
1.591880973112440109e+09
1.591880973308747053e+09
1.591880973515353918e+09
1.591880973724803925e+09
1.591880973931893110e+09
1.591880974133826971e+09
1.591880974335216999e+09
1.591880974533596039e+09
1.591880974730885029e+09
1.591880974943370104e+09
1.591880975177373886e+09
1.591880975515321970e+09
1.591880975718008041e+09
1.591880975922065973e+09
1.591880976128722906e+09
1.591880976328890085e+09
1.591880976536001921e+09
1.591880976740000963e+09
1.591880976935820103e+09
1.591880977139535904e+09
1.591880977346143961e+09
1.591880977554311991e+09
1.591880977760708094e+09
1.591880977960524082e+09
1.591880989523128033e+09
1.591880989773319960e+09
1.591880989973031044e+09
1.591880990204976082e+09
1.591880990401887894e+09
1.591880990731484890e+09
1.591880990939923048e+09
1.591880991170488119e+09
1.591880991374696016e+09
1.591880991588949919e+09
1.591880991788475037e+09
1.591880991990813017e+09
1.591880992228426933e+09
1.591880992439737082e+09
1.591880992642380953e+09
1.591880992849787951e+09
1.591880993056168079e+09
1.591880993265237093e+09
1.591880993479945898e+09
1.591880993681756020e+09
1.591880993882240057e+09
1.591880994089591026e+09
1.591880994302483082e+09
1.591880994509201050e+09
1.591880994714495897e+09
1.591880994921315908e+09
1.591880995127217054e+09
1.591880995335222006e+09
1.591880995541558981e+09
1.591880995741841078e+09
1.591880995942025900e+09
1.591880996187406063e+09
1.591880996404038906e+09
1.591880996616400957e+09
1.591880996825977087e+09
1.591880997038858891e+09
1.591880997249376059e+09
1.591880997469784021e+09
1.591880997677195072e+09
1.591880997888165951e+09
1.591880998097789049e+09
1.591880998309462070e+09
1.591880998528323889e+09
1.591880998732338905e+09
1.591880998939979076e+09
1.591881010311553955e+09
1.591881010559155941e+09
1.591881010765811920e+09
1.591881010974687099e+09
1.591881011216694117e+09
1.591881011430819035e+09
1.591881011637429953e+09
1.591881011844716072e+09
1.591881012061008930e+09
1.591881012277637005e+09
1.591881012483349085e+09
1.591881012691945076e+09
1.591881012898714066e+09
1.591881013109806061e+09
1.591881013326968908e+09
1.591881013540712118e+09
1.591881013745569944e+09
1.591881013955285072e+09
1.591881014192786932e+09
1.591881014417469025e+09
1.591881014631742954e+09
1.591881014850311041e+09
1.591881015059207916e+09
1.591881015273927927e+09
1.591881015494425058e+09
1.591881015706100941e+09
1.591881015925195932e+09
1.591881016134146929e+09
1.591881016353404045e+09
1.591881016562670946e+09
1.591881016781944990e+09
1.591881017005832911e+09
1.591881017247283936e+09
1.591881017458718061e+09
1.591881017676069021e+09
1.591881017891042948e+09
1.591881018114986897e+09
1.591881018330984116e+09
1.591881018547638893e+09
1.591881018777594090e+09
1.591881018987035990e+09
1.591881019239644051e+09
1.591881019506659985e+09
1.591881019726073980e+09
1.591881019943471909e+09
1.591881031291431904e+09
1.591881031545192957e+09
1.591881031756403923e+09
1.591881031969432116e+09
1.591881032229891062e+09
1.591881032449263096e+09
1.591881032669867039e+09
1.591881032888015985e+09
1.591881033102020025e+09
1.591881033323147058e+09
1.591881033538007021e+09
1.591881033763271093e+09
1.591881033980247974e+09
1.591881034238539934e+09
1.591881034500360966e+09
1.591881034727725983e+09
1.591881034947758913e+09
1.591881035190100908e+09
1.591881035414305925e+09
1.591881035635217905e+09
1.591881035860450983e+09
1.591881036075788975e+09
1.591881036295212030e+09
1.591881036515538931e+09
1.591881036733784914e+09
1.591881036949238062e+09
1.591881037196996927e+09
1.591881037416977882e+09
1.591881037640379906e+09
1.591881037856944084e+09
1.591881038077689886e+09
1.591881038306893110e+09
1.591881038535379887e+09
1.591881038766066074e+09
1.591881038998883963e+09
1.591881039246135950e+09
1.591881039497682095e+09
1.591881039719461918e+09
1.591881039941593885e+09
1.591881040191973925e+09
1.591881040419903994e+09
1.591881040638087034e+09
1.591881040858186960e+09
1.591881052072098017e+09
1.591881052327914000e+09
1.591881052550721884e+09
1.591881052780282974e+09
1.591881053002636909e+09
1.591881053261894941e+09
1.591881053480282068e+09
1.591881053701337099e+09
1.591881053929986000e+09
1.591881054160552979e+09
1.591881054393299103e+09
1.591881054684060097e+09
1.591881054911278963e+09
1.591881055138344049e+09
1.591881055373218060e+09
1.591881055599114895e+09
1.591881055822856903e+09
1.591881056058506012e+09
1.591881056290980101e+09
1.591881056520282030e+09
1.591881056742489100e+09
1.591881056976556063e+09
1.591881057235831022e+09
1.591881057466103077e+09
1.591881057688425064e+09
1.591881057916234016e+09
1.591881058136833906e+09
1.591881058366900921e+09
1.591881058595741987e+09
1.591881058828205109e+09
1.591881059060703039e+09
1.591881059290000916e+09
1.591881059529854059e+09
1.591881059905019045e+09
1.591881060136667013e+09
1.591881060373430967e+09
1.591881060597368956e+09
1.591881060836232901e+09
1.591881061070499897e+09
1.591881061306607008e+09
1.591881061532901049e+09
1.591881061771970987e+09
1.591881095423187017e+09
1.591881095683140039e+09
1.591881095917319059e+09
1.591881096146908045e+09
1.591881096386708021e+09
1.591881096619154930e+09
1.591881096845577955e+09
1.591881097073941946e+09
1.591881097306431055e+09
1.591881097534380913e+09
1.591881097770665884e+09
1.591881097998186111e+09
1.591881098260550976e+09
1.591881098498665094e+09
1.591881098733609915e+09
1.591881098964092970e+09
1.591881099234447956e+09
1.591881099463733912e+09
1.591881099692328930e+09
1.591881099919718981e+09
1.591881100173825979e+09
1.591881100415452957e+09
1.591881100653085947e+09
1.591881100893598080e+09
1.591881101125868082e+09
1.591881101364744902e+09
1.591881101598187923e+09
1.591881101837215900e+09
1.591881102070218086e+09
1.591881102305389881e+09
1.591881102537389994e+09
1.591881102773787975e+09
1.591881103006195068e+09
1.591881103268851042e+09
1.591881103504493952e+09
1.591881103739320993e+09
1.591881103983020067e+09
1.591881104253163099e+09
1.591881104490050077e+09
1.591881104728483915e+09
1.591881104970026970e+09
