3.936999999999999833e+00
3.936999999999999833e+00
3.936999999999999833e+00
3.936999999999999833e+00
3.936999999999999833e+00
3.936999999999999833e+00
3.936999999999999833e+00
3.936999999999999833e+00
3.935999999999999943e+00
3.935999999999999943e+00
3.935999999999999943e+00
3.935999999999999943e+00
3.935000000000000053e+00
3.935000000000000053e+00
3.935000000000000053e+00
3.935000000000000053e+00
3.935999999999999943e+00
3.935999999999999943e+00
3.935999999999999943e+00
3.935999999999999943e+00
3.935999999999999943e+00
3.935999999999999943e+00
3.935999999999999943e+00
3.935999999999999943e+00
3.971999999999999975e+00
3.971999999999999975e+00
3.971999999999999975e+00
3.971999999999999975e+00
3.971999999999999975e+00
3.971999999999999975e+00
3.971999999999999975e+00
3.971999999999999975e+00
3.971999999999999975e+00
3.971999999999999975e+00
3.971999999999999975e+00
3.971999999999999975e+00
3.971999999999999975e+00
3.971999999999999975e+00
3.971999999999999975e+00
3.971999999999999975e+00
3.972999999999999865e+00
4.011000000000000121e+00
4.009999999999999787e+00
4.009999999999999787e+00
4.009000000000000341e+00
4.009000000000000341e+00
4.009000000000000341e+00
4.009000000000000341e+00
4.009000000000000341e+00
4.009999999999999787e+00
4.046999999999999709e+00
4.048000000000000043e+00
4.048000000000000043e+00
4.046999999999999709e+00
4.046999999999999709e+00
4.046999999999999709e+00
4.046000000000000263e+00
4.044999999999999929e+00
4.043999999999999595e+00
4.043999999999999595e+00
4.043999999999999595e+00
4.043999999999999595e+00
4.043999999999999595e+00
4.043999999999999595e+00
4.043999999999999595e+00
4.043999999999999595e+00
4.043000000000000149e+00
4.043000000000000149e+00
4.041999999999999815e+00
4.041999999999999815e+00
4.041999999999999815e+00
4.041999999999999815e+00
4.080000000000000071e+00
4.080000000000000071e+00
4.080000000000000071e+00
4.080000000000000071e+00
4.080000000000000071e+00
4.080000000000000071e+00
4.080000000000000071e+00
4.080000000000000071e+00
4.080000000000000071e+00
4.080000000000000071e+00
4.080000000000000071e+00
4.080000000000000071e+00
4.080000000000000071e+00
4.080000000000000071e+00
4.080000000000000071e+00
4.080000000000000071e+00
4.078999999999999737e+00
4.078999999999999737e+00
4.078999999999999737e+00
4.078999999999999737e+00
4.078999999999999737e+00
4.078999999999999737e+00
4.078999999999999737e+00
4.078999999999999737e+00
4.080000000000000071e+00
4.153999999999999915e+00
4.153999999999999915e+00
4.153999999999999915e+00
4.153999999999999915e+00
4.153999999999999915e+00
4.153999999999999915e+00
4.153999999999999915e+00
4.153999999999999915e+00
4.153999999999999915e+00
4.153999999999999915e+00
4.153999999999999915e+00
4.153999999999999915e+00
4.153999999999999915e+00
4.153999999999999915e+00
4.153999999999999915e+00
4.153999999999999915e+00
4.153999999999999915e+00
4.153999999999999915e+00
4.153999999999999915e+00
4.153999999999999915e+00
4.155000000000000249e+00
4.200000000000000178e+00
4.195000000000000284e+00
4.193999999999999950e+00
4.192000000000000171e+00
4.192000000000000171e+00
4.192000000000000171e+00
4.192000000000000171e+00
4.192000000000000171e+00
4.192000000000000171e+00
4.237000000000000099e+00
4.230999999999999872e+00
4.230000000000000426e+00
4.230000000000000426e+00
4.229000000000000092e+00
4.229000000000000092e+00
4.229000000000000092e+00
4.229000000000000092e+00
4.229000000000000092e+00
4.229000000000000092e+00
4.229000000000000092e+00
4.229000000000000092e+00
4.229000000000000092e+00
4.229000000000000092e+00
4.229000000000000092e+00
4.227999999999999758e+00
4.227999999999999758e+00
4.227999999999999758e+00
4.264999999999999680e+00
4.264999999999999680e+00
4.264999999999999680e+00
4.264999999999999680e+00
4.264999999999999680e+00
4.264999999999999680e+00
4.264999999999999680e+00
4.264999999999999680e+00
4.264999999999999680e+00
4.264999999999999680e+00
4.264999999999999680e+00
4.264999999999999680e+00
4.264999999999999680e+00
4.264999999999999680e+00
4.264999999999999680e+00
4.264999999999999680e+00
4.264999999999999680e+00
4.264999999999999680e+00
4.264999999999999680e+00
4.264999999999999680e+00
4.264999999999999680e+00
4.264999999999999680e+00
4.264999999999999680e+00
4.264999999999999680e+00
4.301999999999999602e+00
4.301999999999999602e+00
4.301999999999999602e+00
4.301999999999999602e+00
4.301999999999999602e+00
4.301999999999999602e+00
4.301999999999999602e+00
4.301999999999999602e+00
4.301999999999999602e+00
4.301999999999999602e+00
4.301999999999999602e+00
4.301999999999999602e+00
4.301999999999999602e+00
4.301999999999999602e+00
4.301999999999999602e+00
4.301999999999999602e+00
4.344999999999999751e+00
4.339999999999999858e+00
4.339000000000000412e+00
4.339000000000000412e+00
4.338000000000000078e+00
4.338000000000000078e+00
4.338000000000000078e+00
4.338000000000000078e+00
4.338000000000000078e+00
4.339000000000000412e+00
4.381999999999999673e+00
4.376999999999999780e+00
4.376000000000000334e+00
4.375000000000000000e+00
4.375000000000000000e+00
4.375000000000000000e+00
4.373999999999999666e+00
4.373999999999999666e+00
4.373999999999999666e+00
4.373999999999999666e+00
4.373999999999999666e+00
4.373999999999999666e+00
4.375000000000000000e+00
4.375000000000000000e+00
4.375000000000000000e+00
4.375000000000000000e+00
4.375000000000000000e+00
4.375000000000000000e+00
4.375000000000000000e+00
4.375000000000000000e+00
4.375000000000000000e+00
4.375000000000000000e+00
4.375000000000000000e+00
4.448000000000000398e+00
4.448000000000000398e+00
4.448000000000000398e+00
4.448000000000000398e+00
4.448000000000000398e+00
4.448000000000000398e+00
4.448000000000000398e+00
4.448000000000000398e+00
4.448000000000000398e+00
4.448000000000000398e+00
4.448000000000000398e+00
4.448000000000000398e+00
4.448000000000000398e+00
4.448000000000000398e+00
4.448000000000000398e+00
4.448000000000000398e+00
4.448000000000000398e+00
4.448000000000000398e+00
4.448000000000000398e+00
4.448000000000000398e+00
4.448000000000000398e+00
4.448000000000000398e+00
4.448000000000000398e+00
4.448000000000000398e+00
4.485000000000000320e+00
4.485000000000000320e+00
4.485000000000000320e+00
4.485000000000000320e+00
4.485000000000000320e+00
4.485000000000000320e+00
4.485000000000000320e+00
4.485000000000000320e+00
4.485000000000000320e+00
4.485000000000000320e+00
4.485000000000000320e+00
4.485000000000000320e+00
4.485000000000000320e+00
4.485000000000000320e+00
4.485000000000000320e+00
4.485000000000000320e+00
4.485000000000000320e+00
4.485000000000000320e+00
4.485000000000000320e+00
4.485000000000000320e+00
4.528999999999999915e+00
4.525000000000000355e+00
4.524000000000000021e+00
4.524000000000000021e+00
4.559000000000000163e+00
4.559000000000000163e+00
4.559000000000000163e+00
4.559000000000000163e+00
4.559000000000000163e+00
4.559000000000000163e+00
4.559000000000000163e+00
4.559000000000000163e+00
4.559000000000000163e+00
4.559000000000000163e+00
4.559000000000000163e+00
4.559000000000000163e+00
4.559000000000000163e+00
4.559000000000000163e+00
4.602000000000000313e+00
4.597999999999999865e+00
4.597000000000000419e+00
4.597000000000000419e+00
4.596000000000000085e+00
4.596000000000000085e+00
4.596000000000000085e+00
4.596000000000000085e+00
4.596000000000000085e+00
4.596000000000000085e+00
4.634999999999999787e+00
4.633000000000000007e+00
4.633000000000000007e+00
4.631999999999999673e+00
4.631999999999999673e+00
4.631999999999999673e+00
4.631999999999999673e+00
4.631999999999999673e+00
4.631999999999999673e+00
4.631999999999999673e+00
4.631999999999999673e+00
4.631999999999999673e+00
4.631999999999999673e+00
4.631999999999999673e+00
4.631999999999999673e+00
4.631999999999999673e+00
4.631999999999999673e+00
4.631999999999999673e+00
4.631999999999999673e+00
4.631999999999999673e+00
4.631999999999999673e+00
4.631999999999999673e+00
4.631999999999999673e+00
4.631999999999999673e+00
4.669999999999999929e+00
4.669999999999999929e+00
4.669999999999999929e+00
4.669999999999999929e+00
4.669999999999999929e+00
4.669999999999999929e+00
4.669999999999999929e+00
4.668999999999999595e+00
4.668999999999999595e+00
4.668999999999999595e+00
4.668999999999999595e+00
4.668999999999999595e+00
4.668999999999999595e+00
4.668999999999999595e+00
4.668999999999999595e+00
4.668999999999999595e+00
4.668999999999999595e+00
4.668999999999999595e+00
4.668999999999999595e+00
4.668999999999999595e+00
4.668999999999999595e+00
4.668999999999999595e+00
4.668999999999999595e+00
4.669999999999999929e+00
4.705000000000000071e+00
4.705000000000000071e+00
4.705000000000000071e+00
4.705000000000000071e+00
4.705000000000000071e+00
4.705000000000000071e+00
4.706000000000000405e+00
4.706000000000000405e+00
4.706000000000000405e+00
4.706000000000000405e+00
4.748000000000000220e+00
4.745000000000000107e+00
4.743999999999999773e+00
4.743000000000000327e+00
4.743000000000000327e+00
4.743000000000000327e+00
4.743000000000000327e+00
4.743000000000000327e+00
4.743000000000000327e+00
4.743000000000000327e+00
4.743000000000000327e+00
4.743000000000000327e+00
4.741999999999999993e+00
4.741999999999999993e+00
4.778999999999999915e+00
4.778999999999999915e+00
4.778999999999999915e+00
4.778999999999999915e+00
4.778999999999999915e+00
4.778999999999999915e+00
4.778999999999999915e+00
4.778999999999999915e+00
4.778999999999999915e+00
4.778999999999999915e+00
4.778999999999999915e+00
4.778999999999999915e+00
4.778999999999999915e+00
4.778999999999999915e+00
4.778999999999999915e+00
4.778999999999999915e+00
4.778999999999999915e+00
4.778999999999999915e+00
4.778999999999999915e+00
4.778999999999999915e+00
4.778999999999999915e+00
4.778999999999999915e+00
4.778999999999999915e+00
4.778999999999999915e+00
4.852000000000000313e+00
4.852000000000000313e+00
4.852000000000000313e+00
4.852000000000000313e+00
4.852000000000000313e+00
4.852000000000000313e+00
4.852000000000000313e+00
4.852000000000000313e+00
4.852000000000000313e+00
4.852000000000000313e+00
4.852000000000000313e+00
4.852000000000000313e+00
4.852000000000000313e+00
4.852000000000000313e+00
4.852000000000000313e+00
4.852000000000000313e+00
4.852000000000000313e+00
4.852000000000000313e+00
4.852000000000000313e+00
4.852000000000000313e+00
4.852000000000000313e+00
4.852000000000000313e+00
4.852000000000000313e+00
4.852000000000000313e+00
4.887999999999999901e+00
4.887999999999999901e+00
4.887999999999999901e+00
4.887999999999999901e+00
4.887999999999999901e+00
4.887999999999999901e+00
4.887999999999999901e+00
4.887999999999999901e+00
4.887999999999999901e+00
4.887999999999999901e+00
4.887999999999999901e+00
4.887999999999999901e+00
4.887999999999999901e+00
4.889000000000000234e+00
4.929000000000000270e+00
4.926000000000000156e+00
4.924999999999999822e+00
4.924999999999999822e+00
4.924000000000000377e+00
4.924000000000000377e+00
4.924000000000000377e+00
4.924000000000000377e+00
4.924000000000000377e+00
4.924000000000000377e+00
4.963000000000000078e+00
4.961999999999999744e+00
4.961999999999999744e+00
4.961000000000000298e+00
4.961000000000000298e+00
4.961000000000000298e+00
4.961000000000000298e+00
4.961000000000000298e+00
4.961000000000000298e+00
4.961000000000000298e+00
4.961000000000000298e+00
4.961000000000000298e+00
4.961000000000000298e+00
4.961000000000000298e+00
4.961000000000000298e+00
4.961000000000000298e+00
4.961000000000000298e+00
4.961000000000000298e+00
4.961000000000000298e+00
4.961000000000000298e+00
4.961000000000000298e+00
4.961000000000000298e+00
4.961000000000000298e+00
4.961000000000000298e+00
4.996999999999999886e+00
4.996999999999999886e+00
4.996999999999999886e+00
4.996999999999999886e+00
4.996999999999999886e+00
4.996999999999999886e+00
4.996999999999999886e+00
4.996999999999999886e+00
4.996999999999999886e+00
4.996999999999999886e+00
4.996999999999999886e+00
4.996999999999999886e+00
4.996999999999999886e+00
4.996999999999999886e+00
4.996999999999999886e+00
4.996999999999999886e+00
4.996999999999999886e+00
4.996999999999999886e+00
4.996999999999999886e+00
4.996999999999999886e+00
4.996999999999999886e+00
4.996999999999999886e+00
4.996999999999999886e+00
4.996999999999999886e+00
5.035000000000000142e+00
5.035000000000000142e+00
5.035000000000000142e+00
5.035000000000000142e+00
5.035000000000000142e+00
5.035000000000000142e+00
5.035000000000000142e+00
5.035000000000000142e+00
5.035999999999999588e+00
5.075000000000000178e+00
5.073000000000000398e+00
5.072000000000000064e+00
5.070999999999999730e+00
5.070999999999999730e+00
5.070999999999999730e+00
5.070999999999999730e+00
5.070999999999999730e+00
5.070999999999999730e+00
5.070999999999999730e+00
5.070999999999999730e+00
5.070999999999999730e+00
5.070999999999999730e+00
5.070999999999999730e+00
5.070999999999999730e+00
5.107999999999999652e+00
5.107999999999999652e+00
5.107999999999999652e+00
5.107999999999999652e+00
5.107999999999999652e+00
5.107999999999999652e+00
5.107999999999999652e+00
5.107999999999999652e+00
5.107999999999999652e+00
5.107999999999999652e+00
5.107999999999999652e+00
5.107999999999999652e+00
5.107999999999999652e+00
5.107999999999999652e+00
5.107999999999999652e+00
5.107999999999999652e+00
5.107999999999999652e+00
5.107999999999999652e+00
5.107999999999999652e+00
5.107999999999999652e+00
5.107999999999999652e+00
5.107999999999999652e+00
5.107999999999999652e+00
5.107999999999999652e+00
5.145999999999999908e+00
5.145999999999999908e+00
5.145999999999999908e+00
5.145999999999999908e+00
5.145999999999999908e+00
5.145999999999999908e+00
5.145999999999999908e+00
5.145999999999999908e+00
5.145999999999999908e+00
5.145999999999999908e+00
5.145999999999999908e+00
5.145999999999999908e+00
5.145999999999999908e+00
5.145999999999999908e+00
5.145999999999999908e+00
5.145999999999999908e+00
5.145999999999999908e+00
5.145999999999999908e+00
5.147000000000000242e+00
5.185999999999999943e+00
5.184000000000000163e+00
5.182999999999999829e+00
5.182999999999999829e+00
5.182000000000000384e+00
5.182000000000000384e+00
5.182000000000000384e+00
5.182000000000000384e+00
5.182999999999999829e+00
5.222999999999999865e+00
5.219999999999999751e+00
5.219000000000000306e+00
5.219000000000000306e+00
5.219000000000000306e+00
5.219000000000000306e+00
5.219000000000000306e+00
5.219000000000000306e+00
5.219000000000000306e+00
5.219000000000000306e+00
5.219000000000000306e+00
5.219000000000000306e+00
5.219000000000000306e+00
5.219000000000000306e+00
5.219000000000000306e+00
5.219000000000000306e+00
5.219000000000000306e+00
5.219000000000000306e+00
5.219000000000000306e+00
5.219000000000000306e+00
5.256999999999999673e+00
5.256999999999999673e+00
5.256999999999999673e+00
5.256999999999999673e+00
5.256999999999999673e+00
5.256999999999999673e+00
5.256000000000000227e+00
5.256000000000000227e+00
5.256000000000000227e+00
5.256000000000000227e+00
5.256000000000000227e+00
5.256999999999999673e+00
5.256999999999999673e+00
5.256999999999999673e+00
5.256999999999999673e+00
5.256999999999999673e+00
5.256999999999999673e+00
5.256999999999999673e+00
5.256999999999999673e+00
5.256999999999999673e+00
5.256999999999999673e+00
5.256999999999999673e+00
5.256999999999999673e+00
5.293999999999999595e+00
5.293000000000000149e+00
5.293000000000000149e+00
5.293000000000000149e+00
5.293000000000000149e+00
5.293000000000000149e+00
5.293000000000000149e+00
5.291999999999999815e+00
5.291999999999999815e+00
5.291999999999999815e+00
5.291999999999999815e+00
5.291999999999999815e+00
5.293000000000000149e+00
5.293000000000000149e+00
5.293000000000000149e+00
5.293999999999999595e+00
5.331999999999999851e+00
5.331000000000000405e+00
5.330000000000000071e+00
5.330000000000000071e+00
5.330000000000000071e+00
5.330000000000000071e+00
5.330000000000000071e+00
5.330000000000000071e+00
5.328999999999999737e+00
5.371000000000000441e+00
5.368000000000000327e+00
5.368000000000000327e+00
5.366999999999999993e+00
5.365999999999999659e+00
5.365999999999999659e+00
5.365999999999999659e+00
5.365999999999999659e+00
5.365999999999999659e+00
5.365999999999999659e+00
5.365999999999999659e+00
5.365999999999999659e+00
5.365999999999999659e+00
5.365999999999999659e+00
5.365999999999999659e+00
5.365999999999999659e+00
5.365999999999999659e+00
5.365999999999999659e+00
5.365999999999999659e+00
5.365999999999999659e+00
5.365999999999999659e+00
5.365999999999999659e+00
5.365999999999999659e+00
5.402000000000000135e+00
5.402000000000000135e+00
5.402000000000000135e+00
5.402000000000000135e+00
5.402000000000000135e+00
5.402999999999999581e+00
5.402999999999999581e+00
5.402999999999999581e+00
5.402999999999999581e+00
5.402999999999999581e+00
5.402999999999999581e+00
5.403999999999999915e+00
5.403999999999999915e+00
5.403999999999999915e+00
5.403999999999999915e+00
5.403999999999999915e+00
5.405000000000000249e+00
5.405000000000000249e+00
5.405000000000000249e+00
5.405000000000000249e+00
5.405000000000000249e+00
5.405999999999999694e+00
5.405999999999999694e+00
5.405999999999999694e+00
5.405999999999999694e+00
5.440000000000000391e+00
5.440000000000000391e+00
5.439000000000000057e+00
5.439000000000000057e+00
5.439000000000000057e+00
5.439000000000000057e+00
5.439000000000000057e+00
5.439000000000000057e+00
5.439000000000000057e+00
5.439000000000000057e+00
5.439000000000000057e+00
5.439000000000000057e+00
5.439000000000000057e+00
5.480999999999999872e+00
5.477999999999999758e+00
5.477999999999999758e+00
5.477000000000000313e+00
5.477999999999999758e+00
5.477999999999999758e+00
5.477999999999999758e+00
5.477999999999999758e+00
5.477999999999999758e+00
5.477999999999999758e+00
5.477999999999999758e+00
5.516000000000000014e+00
5.514999999999999680e+00
5.514000000000000234e+00
5.514000000000000234e+00
5.514000000000000234e+00
5.514000000000000234e+00
5.512999999999999901e+00
5.512999999999999901e+00
5.512999999999999901e+00
5.512999999999999901e+00
5.512999999999999901e+00
5.512999999999999901e+00
5.512999999999999901e+00
5.512999999999999901e+00
5.512999999999999901e+00
5.512999999999999901e+00
5.512999999999999901e+00
5.512999999999999901e+00
5.512999999999999901e+00
5.512999999999999901e+00
5.512999999999999901e+00
5.512999999999999901e+00
5.512999999999999901e+00
5.512999999999999901e+00
5.549999999999999822e+00
5.549999999999999822e+00
5.549999999999999822e+00
5.549999999999999822e+00
5.549999999999999822e+00
5.549999999999999822e+00
5.549999999999999822e+00
5.549999999999999822e+00
5.549999999999999822e+00
5.549999999999999822e+00
5.549999999999999822e+00
5.549999999999999822e+00
5.549999999999999822e+00
5.549999999999999822e+00
5.549999999999999822e+00
5.549999999999999822e+00
5.549999999999999822e+00
5.549999999999999822e+00
5.549999999999999822e+00
5.549999999999999822e+00
5.549999999999999822e+00
5.549999999999999822e+00
5.549999999999999822e+00
5.549999999999999822e+00
5.549999999999999822e+00
5.586000000000000298e+00
5.586000000000000298e+00
5.586000000000000298e+00
5.586000000000000298e+00
5.586000000000000298e+00
5.586000000000000298e+00
5.586000000000000298e+00
5.586000000000000298e+00
5.586000000000000298e+00
5.586000000000000298e+00
5.586999999999999744e+00
5.625000000000000000e+00
5.625000000000000000e+00
5.623000000000000220e+00
5.623000000000000220e+00
5.623000000000000220e+00
5.623000000000000220e+00
5.623000000000000220e+00
5.623000000000000220e+00
5.623000000000000220e+00
5.623000000000000220e+00
5.623000000000000220e+00
5.623000000000000220e+00
5.623000000000000220e+00
5.660000000000000142e+00
5.660000000000000142e+00
5.660000000000000142e+00
5.660000000000000142e+00
5.660000000000000142e+00
5.660000000000000142e+00
5.660000000000000142e+00
5.660000000000000142e+00
5.660000000000000142e+00
5.660000000000000142e+00
5.660000000000000142e+00
5.660000000000000142e+00
5.660000000000000142e+00
5.660000000000000142e+00
5.660000000000000142e+00
5.660000000000000142e+00
5.660000000000000142e+00
5.660000000000000142e+00
5.660000000000000142e+00
5.660000000000000142e+00
5.660000000000000142e+00
5.660000000000000142e+00
5.660000000000000142e+00
5.660000000000000142e+00
5.687999999999999723e+00
5.687000000000000277e+00
5.687000000000000277e+00
5.687000000000000277e+00
5.687000000000000277e+00
5.687000000000000277e+00
5.687000000000000277e+00
5.695000000000000284e+00
5.695999999999999730e+00
5.695999999999999730e+00
5.695999999999999730e+00
5.695999999999999730e+00
5.695999999999999730e+00
5.697000000000000064e+00
5.697000000000000064e+00
5.698000000000000398e+00
5.698000000000000398e+00
5.698000000000000398e+00
5.698000000000000398e+00
5.697000000000000064e+00
5.697000000000000064e+00
5.697000000000000064e+00
5.697000000000000064e+00
5.700000000000000178e+00
5.735999999999999766e+00
5.735000000000000320e+00
5.735000000000000320e+00
5.735000000000000320e+00
5.735000000000000320e+00
5.735000000000000320e+00
5.735000000000000320e+00
5.735000000000000320e+00
5.735000000000000320e+00
5.735999999999999766e+00
5.735999999999999766e+00
5.774000000000000021e+00
5.772999999999999687e+00
5.772000000000000242e+00
5.772000000000000242e+00
5.772000000000000242e+00
5.772000000000000242e+00
5.772000000000000242e+00
5.772000000000000242e+00
5.772000000000000242e+00
5.772000000000000242e+00
5.772000000000000242e+00
5.772000000000000242e+00
5.772000000000000242e+00
5.772000000000000242e+00
5.772000000000000242e+00
5.807000000000000384e+00
5.807000000000000384e+00
5.807000000000000384e+00
5.807000000000000384e+00
5.807000000000000384e+00
5.807000000000000384e+00
5.807000000000000384e+00
5.807000000000000384e+00
5.807000000000000384e+00
5.807000000000000384e+00
5.807000000000000384e+00
5.807000000000000384e+00
5.807000000000000384e+00
5.807000000000000384e+00
5.807000000000000384e+00
5.807000000000000384e+00
5.807000000000000384e+00
5.807000000000000384e+00
5.807000000000000384e+00
5.807000000000000384e+00
5.807000000000000384e+00
5.807000000000000384e+00
5.807000000000000384e+00
5.807000000000000384e+00
5.844000000000000306e+00
5.844000000000000306e+00
5.844000000000000306e+00
5.844000000000000306e+00
5.844000000000000306e+00
5.844000000000000306e+00
5.844000000000000306e+00
5.844000000000000306e+00
5.844000000000000306e+00
5.844000000000000306e+00
5.844000000000000306e+00
5.844000000000000306e+00
5.844000000000000306e+00
5.844000000000000306e+00
5.842999999999999972e+00
5.842999999999999972e+00
5.842999999999999972e+00
5.842999999999999972e+00
5.842999999999999972e+00
5.842999999999999972e+00
5.842999999999999972e+00
5.842999999999999972e+00
5.886999999999999567e+00
5.881999999999999673e+00
5.879999999999999893e+00
5.879999999999999893e+00
5.879999999999999893e+00
5.879999999999999893e+00
5.879999999999999893e+00
5.879999999999999893e+00
5.879999999999999893e+00
5.921000000000000263e+00
5.918999999999999595e+00
5.918000000000000149e+00
5.916999999999999815e+00
5.916999999999999815e+00
5.916999999999999815e+00
5.916999999999999815e+00
5.916999999999999815e+00
5.916999999999999815e+00
5.916999999999999815e+00
5.916999999999999815e+00
5.916999999999999815e+00
5.916999999999999815e+00
5.916999999999999815e+00
5.916999999999999815e+00
5.916999999999999815e+00
5.953000000000000291e+00
5.953000000000000291e+00
5.953000000000000291e+00
5.953000000000000291e+00
5.953000000000000291e+00
5.953000000000000291e+00
5.953000000000000291e+00
5.953000000000000291e+00
5.953000000000000291e+00
5.953000000000000291e+00
5.953000000000000291e+00
5.953000000000000291e+00
5.953000000000000291e+00
5.953000000000000291e+00
5.953000000000000291e+00
5.953000000000000291e+00
5.953000000000000291e+00
5.953000000000000291e+00
5.953000000000000291e+00
5.953000000000000291e+00
5.953000000000000291e+00
5.953000000000000291e+00
5.953000000000000291e+00
5.988999999999999879e+00
5.988999999999999879e+00
5.988999999999999879e+00
5.988999999999999879e+00
5.988999999999999879e+00
5.988999999999999879e+00
5.988999999999999879e+00
5.988999999999999879e+00
5.988999999999999879e+00
5.988999999999999879e+00
5.988999999999999879e+00
5.988999999999999879e+00
5.988999999999999879e+00
5.988999999999999879e+00
5.988999999999999879e+00
5.988999999999999879e+00
5.988999999999999879e+00
5.988999999999999879e+00
5.988999999999999879e+00
6.028999999999999915e+00
6.027000000000000135e+00
6.025999999999999801e+00
6.025000000000000355e+00
6.025000000000000355e+00
6.025000000000000355e+00
6.025000000000000355e+00
6.025999999999999801e+00
6.025999999999999801e+00
6.060999999999999943e+00
6.060999999999999943e+00
6.060999999999999943e+00
6.060999999999999943e+00
6.060999999999999943e+00
6.060999999999999943e+00
6.084999999999999964e+00
6.086999999999999744e+00
6.089999999999999858e+00
6.091000000000000192e+00
6.094000000000000306e+00
6.094000000000000306e+00
6.096000000000000085e+00
6.096000000000000085e+00
6.097000000000000419e+00
6.097000000000000419e+00
6.097999999999999865e+00
6.097999999999999865e+00
6.134999999999999787e+00
6.134999999999999787e+00
6.134999999999999787e+00
6.134999999999999787e+00
6.134999999999999787e+00
6.134999999999999787e+00
6.134999999999999787e+00
6.136999999999999567e+00
6.139999999999999680e+00
6.144000000000000128e+00
6.147000000000000242e+00
6.152999999999999581e+00
6.173000000000000043e+00
6.174000000000000377e+00
6.176000000000000156e+00
6.208999999999999631e+00
6.208999999999999631e+00
6.208999999999999631e+00
6.208999999999999631e+00
6.208999999999999631e+00
6.208999999999999631e+00
6.208999999999999631e+00
6.208999999999999631e+00
6.208999999999999631e+00
6.238000000000000433e+00
6.240999999999999659e+00
6.241999999999999993e+00
6.243999999999999773e+00
6.243999999999999773e+00
6.245000000000000107e+00
6.245000000000000107e+00
6.246000000000000441e+00
6.246000000000000441e+00
6.246000000000000441e+00
6.246000000000000441e+00
6.246000000000000441e+00
6.282000000000000028e+00
6.282000000000000028e+00
6.282000000000000028e+00
6.282000000000000028e+00
6.283999999999999808e+00
6.286999999999999922e+00
6.290000000000000036e+00
6.294999999999999929e+00
6.298000000000000043e+00
6.304000000000000270e+00
6.306000000000000050e+00
6.309999999999999609e+00
6.323000000000000398e+00
6.323999999999999844e+00
6.354000000000000092e+00
6.354000000000000092e+00
6.354000000000000092e+00
6.354000000000000092e+00
6.354000000000000092e+00
6.354000000000000092e+00
6.354000000000000092e+00
6.354000000000000092e+00
6.354000000000000092e+00
6.354000000000000092e+00
6.387999999999999901e+00
6.387999999999999901e+00
6.389000000000000234e+00
6.389999999999999680e+00
6.389999999999999680e+00
6.389999999999999680e+00
6.389999999999999680e+00
6.391000000000000014e+00
6.391000000000000014e+00
6.391000000000000014e+00
6.391000000000000014e+00
6.392000000000000348e+00
6.427999999999999936e+00
6.427999999999999936e+00
6.429000000000000270e+00
6.431000000000000050e+00
6.434000000000000163e+00
6.437999999999999723e+00
6.440999999999999837e+00
6.447000000000000064e+00
6.450000000000000178e+00
6.455000000000000071e+00
6.456000000000000405e+00
6.459999999999999964e+00
6.469999999999999751e+00
6.501999999999999780e+00
6.501999999999999780e+00
6.501999999999999780e+00
6.501999999999999780e+00
6.501999999999999780e+00
6.501999999999999780e+00
6.501999999999999780e+00
6.501999999999999780e+00
6.501999999999999780e+00
6.501999999999999780e+00
6.501999999999999780e+00
6.533999999999999808e+00
6.535999999999999588e+00
6.535999999999999588e+00
6.536999999999999922e+00
6.536999999999999922e+00
6.538000000000000256e+00
6.538000000000000256e+00
6.536999999999999922e+00
6.536999999999999922e+00
6.536999999999999922e+00
6.538000000000000256e+00
6.538999999999999702e+00
6.573999999999999844e+00
6.575000000000000178e+00
6.575999999999999623e+00
6.578000000000000291e+00
6.581000000000000405e+00
6.584999999999999964e+00
6.588000000000000078e+00
6.594000000000000306e+00
6.597000000000000419e+00
6.600999999999999979e+00
6.602999999999999758e+00
6.615999999999999659e+00
6.647999999999999687e+00
6.647999999999999687e+00
6.647999999999999687e+00
6.647999999999999687e+00
6.647999999999999687e+00
6.647000000000000242e+00
6.647000000000000242e+00
6.647000000000000242e+00
6.647000000000000242e+00
6.647999999999999687e+00
6.647999999999999687e+00
6.681000000000000050e+00
6.681000000000000050e+00
6.682000000000000384e+00
6.682999999999999829e+00
6.682999999999999829e+00
6.682999999999999829e+00
6.684000000000000163e+00
6.684000000000000163e+00
6.684000000000000163e+00
6.684000000000000163e+00
6.684000000000000163e+00
6.684999999999999609e+00
6.685999999999999943e+00
6.719999999999999751e+00
6.719999999999999751e+00
6.721000000000000085e+00
6.724999999999999645e+00
6.727000000000000313e+00
6.732000000000000206e+00
6.735000000000000320e+00
6.740999999999999659e+00
6.743000000000000327e+00
6.748000000000000220e+00
6.748999999999999666e+00
6.751999999999999780e+00
6.791999999999999815e+00
6.791999999999999815e+00
6.791999999999999815e+00
6.791999999999999815e+00
6.791999999999999815e+00
6.791000000000000369e+00
6.791000000000000369e+00
6.791999999999999815e+00
6.791999999999999815e+00
6.791999999999999815e+00
6.791999999999999815e+00
6.791999999999999815e+00
6.828999999999999737e+00
6.828999999999999737e+00
6.830000000000000071e+00
6.830000000000000071e+00
6.830000000000000071e+00
6.830000000000000071e+00
6.830000000000000071e+00
6.830000000000000071e+00
6.830000000000000071e+00
6.831000000000000405e+00
6.831999999999999851e+00
6.833000000000000185e+00
6.865000000000000213e+00
6.865999999999999659e+00
6.868999999999999773e+00
6.871999999999999886e+00
6.875000000000000000e+00
6.879999999999999893e+00
6.883000000000000007e+00
6.887999999999999901e+00
6.889999999999999680e+00
6.894000000000000128e+00
6.894999999999999574e+00
6.897999999999999687e+00
6.940000000000000391e+00
6.940000000000000391e+00
6.940000000000000391e+00
6.940999999999999837e+00
6.940999999999999837e+00
6.940999999999999837e+00
6.940999999999999837e+00
6.940999999999999837e+00
6.940999999999999837e+00
6.940999999999999837e+00
6.940000000000000391e+00
6.940000000000000391e+00
6.940000000000000391e+00
6.975999999999999979e+00
6.977000000000000313e+00
6.977000000000000313e+00
6.977000000000000313e+00
6.977000000000000313e+00
6.977000000000000313e+00
6.977000000000000313e+00
6.977999999999999758e+00
6.977999999999999758e+00
6.979000000000000092e+00
6.980999999999999872e+00
6.980999999999999872e+00
7.014000000000000234e+00
7.017000000000000348e+00
7.019999999999999574e+00
7.025000000000000355e+00
7.028999999999999915e+00
7.035000000000000142e+00
7.036999999999999922e+00
7.041000000000000369e+00
7.041999999999999815e+00
7.044999999999999929e+00
7.046000000000000263e+00
7.048000000000000043e+00
7.086000000000000298e+00
7.086000000000000298e+00
7.086000000000000298e+00
7.086000000000000298e+00
7.086000000000000298e+00
7.086000000000000298e+00
7.086000000000000298e+00
7.086000000000000298e+00
7.086000000000000298e+00
7.086000000000000298e+00
7.086000000000000298e+00
7.086000000000000298e+00
7.121999999999999886e+00
7.121999999999999886e+00
7.121999999999999886e+00
7.121999999999999886e+00
7.121999999999999886e+00
7.121999999999999886e+00
7.121999999999999886e+00
7.123000000000000220e+00
7.123999999999999666e+00
7.126000000000000334e+00
7.126999999999999780e+00
7.158999999999999808e+00
7.163000000000000256e+00
7.166999999999999815e+00
7.169999999999999929e+00
7.176000000000000156e+00
7.179000000000000270e+00
7.184000000000000163e+00
7.184999999999999609e+00
7.189000000000000057e+00
7.189000000000000057e+00
7.192000000000000171e+00
7.192000000000000171e+00
7.192999999999999616e+00
7.230999999999999872e+00
7.232000000000000206e+00
7.232000000000000206e+00
7.232000000000000206e+00
7.232000000000000206e+00
7.232000000000000206e+00
7.232000000000000206e+00
7.232000000000000206e+00
7.232000000000000206e+00
7.232000000000000206e+00
7.232000000000000206e+00
7.232000000000000206e+00
7.232000000000000206e+00
7.267999999999999794e+00
7.267999999999999794e+00
7.267999999999999794e+00
7.267000000000000348e+00
7.267000000000000348e+00
7.267999999999999794e+00
7.269000000000000128e+00
7.269999999999999574e+00
7.272000000000000242e+00
7.272999999999999687e+00
7.304000000000000270e+00
7.304000000000000270e+00
7.315000000000000391e+00
7.317999999999999616e+00
7.323999999999999844e+00
7.326999999999999957e+00
7.331000000000000405e+00
7.333000000000000185e+00
7.336000000000000298e+00
7.336999999999999744e+00
7.339000000000000412e+00
7.339000000000000412e+00
7.339999999999999858e+00
7.341000000000000192e+00
7.378000000000000114e+00
7.378000000000000114e+00
7.378000000000000114e+00
7.378000000000000114e+00
7.378000000000000114e+00
7.378000000000000114e+00
7.378000000000000114e+00
7.378000000000000114e+00
7.378000000000000114e+00
7.378000000000000114e+00
7.378999999999999559e+00
7.381000000000000227e+00
7.415000000000000036e+00
7.415000000000000036e+00
7.415000000000000036e+00
7.415000000000000036e+00
7.415000000000000036e+00
7.416000000000000369e+00
7.416999999999999815e+00
7.418000000000000149e+00
7.418999999999999595e+00
7.451999999999999957e+00
7.451999999999999957e+00
7.451999999999999957e+00
7.464000000000000412e+00
7.469999999999999751e+00
7.472000000000000419e+00
7.477000000000000313e+00
7.479000000000000092e+00
7.482000000000000206e+00
7.482999999999999652e+00
7.485000000000000320e+00
7.485000000000000320e+00
7.487000000000000099e+00
7.487000000000000099e+00
7.488000000000000433e+00
7.524000000000000021e+00
7.524000000000000021e+00
7.524000000000000021e+00
7.524000000000000021e+00
7.524000000000000021e+00
7.524000000000000021e+00
7.524000000000000021e+00
7.524000000000000021e+00
7.524000000000000021e+00
7.524000000000000021e+00
7.525999999999999801e+00
7.527999999999999581e+00
7.560999999999999943e+00
7.560999999999999943e+00
7.560999999999999943e+00
7.560999999999999943e+00
7.562000000000000277e+00
7.562999999999999723e+00
7.564000000000000057e+00
7.565000000000000391e+00
7.565999999999999837e+00
7.597000000000000419e+00
7.597000000000000419e+00
7.597000000000000419e+00
7.610999999999999766e+00
7.616999999999999993e+00
7.618999999999999773e+00
7.623999999999999666e+00
7.625000000000000000e+00
7.628000000000000114e+00
7.628999999999999559e+00
7.631000000000000227e+00
7.631000000000000227e+00
7.633000000000000007e+00
7.633000000000000007e+00
7.634000000000000341e+00
7.669999999999999929e+00
7.669999999999999929e+00
7.669999999999999929e+00
7.669999999999999929e+00
7.669999999999999929e+00
7.669999999999999929e+00
7.669999999999999929e+00
7.669999999999999929e+00
7.669999999999999929e+00
7.669999999999999929e+00
7.671999999999999709e+00
7.674999999999999822e+00
7.706000000000000405e+00
7.706000000000000405e+00
7.706000000000000405e+00
7.706999999999999851e+00
7.706999999999999851e+00
7.708000000000000185e+00
7.709999999999999964e+00
7.711000000000000298e+00
7.711999999999999744e+00
7.743999999999999773e+00
7.743999999999999773e+00
7.743999999999999773e+00
7.743000000000000327e+00
7.764000000000000234e+00
7.766000000000000014e+00
7.770999999999999908e+00
7.772000000000000242e+00
7.775000000000000355e+00
7.775000000000000355e+00
7.777000000000000135e+00
7.777000000000000135e+00
7.777999999999999581e+00
7.778999999999999915e+00
7.778999999999999915e+00
7.778999999999999915e+00
7.815999999999999837e+00
7.815999999999999837e+00
7.815999999999999837e+00
7.815999999999999837e+00
7.815999999999999837e+00
7.815999999999999837e+00
7.815999999999999837e+00
7.815999999999999837e+00
7.815999999999999837e+00
7.817000000000000171e+00
7.818999999999999950e+00
7.822000000000000064e+00
7.852000000000000313e+00
7.852999999999999758e+00
7.852999999999999758e+00
7.854000000000000092e+00
7.855000000000000426e+00
7.855999999999999872e+00
7.857000000000000206e+00
7.889999999999999680e+00
7.889999999999999680e+00
7.889999999999999680e+00
7.889999999999999680e+00
7.889999999999999680e+00
7.905999999999999694e+00
7.908999999999999808e+00
7.913999999999999702e+00
7.915000000000000036e+00
7.918999999999999595e+00
7.919999999999999929e+00
7.921999999999999709e+00
7.923000000000000043e+00
7.924999999999999822e+00
7.924999999999999822e+00
7.926000000000000156e+00
7.926000000000000156e+00
7.926000000000000156e+00
7.963000000000000078e+00
7.963000000000000078e+00
7.961999999999999744e+00
7.961999999999999744e+00
7.961999999999999744e+00
7.961999999999999744e+00
7.961999999999999744e+00
7.961999999999999744e+00
7.961999999999999744e+00
7.964000000000000412e+00
7.966999999999999638e+00
7.971000000000000085e+00
8.000000000000000000e+00
7.998999999999999666e+00
8.000000000000000000e+00
8.000999999999999446e+00
8.002000000000000668e+00
8.003000000000000114e+00
8.003000000000000114e+00
8.035000000000000142e+00
8.035000000000000142e+00
8.035000000000000142e+00
8.035999999999999588e+00
8.035999999999999588e+00
8.054000000000000270e+00
8.060000000000000497e+00
8.060999999999999943e+00
8.064999999999999503e+00
8.066000000000000725e+00
8.069000000000000838e+00
8.069000000000000838e+00
8.070999999999999730e+00
8.070999999999999730e+00
8.071999999999999176e+00
8.071999999999999176e+00
8.071999999999999176e+00
8.108999999999999986e+00
8.109999999999999432e+00
8.109999999999999432e+00
8.109999999999999432e+00
8.109999999999999432e+00
8.109999999999999432e+00
8.109999999999999432e+00
8.109999999999999432e+00
8.109999999999999432e+00
8.109999999999999432e+00
8.111000000000000654e+00
8.114000000000000767e+00
8.117000000000000881e+00
8.146000000000000796e+00
8.146000000000000796e+00
8.147000000000000242e+00
8.147000000000000242e+00
8.147999999999999687e+00
8.148999999999999133e+00
8.150000000000000355e+00
8.182000000000000384e+00
8.182000000000000384e+00
8.182000000000000384e+00
8.182000000000000384e+00
8.182000000000000384e+00
8.255000000000000782e+00
8.255000000000000782e+00
8.255000000000000782e+00
8.253999999999999559e+00
8.253999999999999559e+00
8.256000000000000227e+00
8.257999999999999119e+00
8.262000000000000455e+00
8.265000000000000568e+00
8.269999999999999574e+00
8.272000000000000242e+00
8.292999999999999261e+00
8.294000000000000483e+00
8.294999999999999929e+00
8.297000000000000597e+00
8.330000000000000071e+00
8.330000000000000071e+00
8.330000000000000071e+00
8.330000000000000071e+00
8.330000000000000071e+00
8.330999999999999517e+00
8.330999999999999517e+00
8.358999999999999986e+00
8.362000000000000099e+00
8.362999999999999545e+00
8.365000000000000213e+00
8.365000000000000213e+00
8.367000000000000881e+00
8.367000000000000881e+00
8.368000000000000327e+00
8.368000000000000327e+00
8.368000000000000327e+00
8.368000000000000327e+00
8.368000000000000327e+00
8.403000000000000469e+00
8.403000000000000469e+00
8.403000000000000469e+00
8.403000000000000469e+00
8.403000000000000469e+00
8.403000000000000469e+00
8.403000000000000469e+00
8.404999999999999361e+00
8.407999999999999474e+00
8.412000000000000810e+00
8.414999999999999147e+00
8.420999999999999375e+00
8.439999999999999503e+00
8.441000000000000725e+00
8.442000000000000171e+00
8.442999999999999616e+00
8.444000000000000838e+00
8.477000000000000313e+00
8.477000000000000313e+00
8.477000000000000313e+00
8.477000000000000313e+00
8.477000000000000313e+00
8.477000000000000313e+00
8.477000000000000313e+00
8.500000000000000000e+00
8.502000000000000668e+00
8.506000000000000227e+00
8.506999999999999673e+00
8.509000000000000341e+00
8.509999999999999787e+00
8.510999999999999233e+00
8.510999999999999233e+00
8.512000000000000455e+00
8.512000000000000455e+00
8.512999999999999901e+00
8.512999999999999901e+00
8.512999999999999901e+00
8.550000000000000711e+00
8.550000000000000711e+00
8.550000000000000711e+00
8.550000000000000711e+00
8.550000000000000711e+00
8.550000000000000711e+00
8.550000000000000711e+00
8.551000000000000156e+00
8.553000000000000824e+00
8.555999999999999162e+00
8.558999999999999275e+00
8.564000000000000057e+00
8.585000000000000853e+00
8.585000000000000853e+00
8.586000000000000298e+00
8.586999999999999744e+00
8.587999999999999190e+00
8.589000000000000412e+00
8.622999999999999332e+00
8.622999999999999332e+00
8.624000000000000554e+00
8.624000000000000554e+00
8.624000000000000554e+00
8.624000000000000554e+00
8.624000000000000554e+00
8.646000000000000796e+00
8.647999999999999687e+00
8.651999999999999247e+00
8.653000000000000469e+00
8.656000000000000583e+00
8.656000000000000583e+00
8.657999999999999474e+00
8.657999999999999474e+00
8.660000000000000142e+00
8.660000000000000142e+00
8.660000000000000142e+00
8.660000000000000142e+00
8.660000000000000142e+00
8.676000000000000156e+00
8.678000000000000824e+00
8.679999999999999716e+00
8.682000000000000384e+00
8.683999999999999275e+00
8.685999999999999943e+00
8.686999999999999389e+00
8.689000000000000057e+00
8.689999999999999503e+00
8.691000000000000725e+00
8.692000000000000171e+00
8.733000000000000540e+00
8.733999999999999986e+00
8.737000000000000099e+00
8.740999999999999659e+00
8.743999999999999773e+00
8.749000000000000554e+00
8.752000000000000668e+00
8.757999999999999119e+00
8.759000000000000341e+00
8.762999999999999901e+00
8.763999999999999346e+00
8.766000000000000014e+00
8.810000000000000497e+00
8.810000000000000497e+00
8.808999999999999275e+00
8.807999999999999829e+00
8.807000000000000384e+00
8.807000000000000384e+00
8.807000000000000384e+00
8.807000000000000384e+00
8.807000000000000384e+00
8.807000000000000384e+00
8.807000000000000384e+00
8.807000000000000384e+00
8.807000000000000384e+00
8.881999999999999673e+00
8.881999999999999673e+00
8.881999999999999673e+00
8.881999999999999673e+00
8.881999999999999673e+00
8.881999999999999673e+00
8.881999999999999673e+00
8.881999999999999673e+00
8.881999999999999673e+00
8.881999999999999673e+00
8.881999999999999673e+00
8.881999999999999673e+00
8.916999999999999815e+00
8.916999999999999815e+00
8.917999999999999261e+00
8.917999999999999261e+00
8.917999999999999261e+00
8.917999999999999261e+00
8.917999999999999261e+00
8.917999999999999261e+00
8.919000000000000483e+00
8.919000000000000483e+00
8.919999999999999929e+00
8.920999999999999375e+00
8.922000000000000597e+00
8.951999999999999957e+00
8.954000000000000625e+00
8.955999999999999517e+00
8.961000000000000298e+00
8.964000000000000412e+00
8.970000000000000639e+00
8.971999999999999531e+00
8.977999999999999758e+00
8.978999999999999204e+00
8.983000000000000540e+00
8.983999999999999986e+00
8.986000000000000654e+00
8.987000000000000099e+00
9.025999999999999801e+00
9.025999999999999801e+00
9.025999999999999801e+00
9.025999999999999801e+00
9.025999999999999801e+00
9.025999999999999801e+00
9.025999999999999801e+00
9.025999999999999801e+00
9.025999999999999801e+00
9.025999999999999801e+00
9.026999999999999247e+00
9.026999999999999247e+00
9.061999999999999389e+00
9.061999999999999389e+00
9.063000000000000611e+00
9.063000000000000611e+00
9.063000000000000611e+00
9.063000000000000611e+00
9.063000000000000611e+00
9.063000000000000611e+00
9.064000000000000057e+00
9.064999999999999503e+00
9.066000000000000725e+00
9.067000000000000171e+00
9.099999999999999645e+00
9.102000000000000313e+00
9.105999999999999872e+00
9.108999999999999986e+00
9.114000000000000767e+00
9.117000000000000881e+00
9.121999999999999886e+00
9.124000000000000554e+00
9.128000000000000114e+00
9.128999999999999559e+00
9.131999999999999673e+00
9.131999999999999673e+00
9.173000000000000043e+00
9.173000000000000043e+00
9.173000000000000043e+00
9.173000000000000043e+00
9.173000000000000043e+00
9.173000000000000043e+00
9.173000000000000043e+00
9.173000000000000043e+00
9.173000000000000043e+00
9.173000000000000043e+00
9.173000000000000043e+00
9.173000000000000043e+00
9.207000000000000739e+00
9.208000000000000185e+00
9.208999999999999631e+00
9.208999999999999631e+00
9.208999999999999631e+00
9.208999999999999631e+00
9.208999999999999631e+00
9.208999999999999631e+00
9.210000000000000853e+00
9.210000000000000853e+00
9.211000000000000298e+00
9.211999999999999744e+00
9.212999999999999190e+00
9.240000000000000213e+00
9.240999999999999659e+00
9.242000000000000881e+00
9.243000000000000327e+00
9.243999999999999773e+00
9.281000000000000583e+00
9.281000000000000583e+00
9.281000000000000583e+00
9.281000000000000583e+00
9.281000000000000583e+00
9.282000000000000028e+00
9.282000000000000028e+00
9.305999999999999162e+00
9.310000000000000497e+00
9.310999999999999943e+00
9.314000000000000057e+00
9.314999999999999503e+00
9.317000000000000171e+00
9.317000000000000171e+00
9.319000000000000838e+00
9.319000000000000838e+00
9.319000000000000838e+00
9.319000000000000838e+00
9.320000000000000284e+00
9.358000000000000540e+00
9.358000000000000540e+00
9.358000000000000540e+00
9.358000000000000540e+00
9.358000000000000540e+00
9.358000000000000540e+00
9.358000000000000540e+00
9.358000000000000540e+00
9.358999999999999986e+00
9.359999999999999432e+00
9.362999999999999545e+00
9.365999999999999659e+00
9.371000000000000441e+00
9.394999999999999574e+00
9.396000000000000796e+00
9.397000000000000242e+00
9.397000000000000242e+00
9.397999999999999687e+00
9.398999999999999133e+00
9.430999999999999162e+00
9.430999999999999162e+00
9.430999999999999162e+00
9.430999999999999162e+00
9.430999999999999162e+00
9.430999999999999162e+00
9.457000000000000739e+00
9.458999999999999631e+00
9.461999999999999744e+00
9.462999999999999190e+00
9.464999999999999858e+00
9.464999999999999858e+00
9.467000000000000526e+00
9.467000000000000526e+00
9.467999999999999972e+00
9.467999999999999972e+00
9.467999999999999972e+00
9.467999999999999972e+00
9.505000000000000782e+00
9.505000000000000782e+00
9.505000000000000782e+00
9.505000000000000782e+00
9.505000000000000782e+00
9.505000000000000782e+00
9.505000000000000782e+00
9.505000000000000782e+00
9.506000000000000227e+00
9.507999999999999119e+00
9.510999999999999233e+00
9.513999999999999346e+00
9.541000000000000369e+00
9.541000000000000369e+00
9.541000000000000369e+00
9.541000000000000369e+00
9.541999999999999815e+00
9.542999999999999261e+00
9.542999999999999261e+00
9.544000000000000483e+00
9.576999999999999957e+00
9.576999999999999957e+00
9.576999999999999957e+00
9.576999999999999957e+00
9.576999999999999957e+00
9.595000000000000639e+00
9.599999999999999645e+00
9.602000000000000313e+00
9.605999999999999872e+00
9.606999999999999318e+00
9.609999999999999432e+00
9.609999999999999432e+00
9.612000000000000099e+00
9.612000000000000099e+00
9.612999999999999545e+00
9.614000000000000767e+00
9.614000000000000767e+00
9.651999999999999247e+00
9.651999999999999247e+00
9.651999999999999247e+00
9.651999999999999247e+00
9.651999999999999247e+00
9.651999999999999247e+00
9.651999999999999247e+00
9.651999999999999247e+00
9.651999999999999247e+00
9.651999999999999247e+00
9.653000000000000469e+00
9.656000000000000583e+00
