1.591691118100780010e+09
1.591691118301804066e+09
1.591691118501648903e+09
1.591691118699337959e+09
1.591691118898526907e+09
1.591691119102602005e+09
1.591691119298187971e+09
1.591691119500672102e+09
1.591691119702114105e+09
1.591691119901141882e+09
1.591691120101387978e+09
1.591691120298648119e+09
1.591691120499213934e+09
1.591691120862901926e+09
1.591691120926438093e+09
1.591691121100259066e+09
1.591691121298481941e+09
1.591691121502235889e+09
1.591691121701088905e+09
1.591691121900228024e+09
1.591691122100151062e+09
1.591691122297117949e+09
1.591691122498547077e+09
1.591691122696769953e+09
1.591691129088253021e+09
1.591691129291636944e+09
1.591691129493443012e+09
1.591691129692981958e+09
1.591691129891441107e+09
1.591691130093574047e+09
1.591691130293309927e+09
1.591691130493689060e+09
1.591691130693411112e+09
1.591691131034610033e+09
1.591691131101861000e+09
1.591691131291976929e+09
1.591691131492479086e+09
1.591691131692481995e+09
1.591691131891120911e+09
1.591691132089818954e+09
1.591691132290297985e+09
1.591691132490793943e+09
1.591691132690349102e+09
1.591691132891886950e+09
1.591691133093389988e+09
1.591691133292015076e+09
1.591691133491121054e+09
1.591691133693025112e+09
1.591691139878940105e+09
1.591691140219130993e+09
1.591691140483340025e+09
1.591691140685563087e+09
1.591691140886058092e+09
1.591691141085128069e+09
1.591691141283869982e+09
1.591691141483089924e+09
1.591691141686024904e+09
1.591691141887948990e+09
1.591691142086285114e+09
1.591691142287853003e+09
1.591691142486049891e+09
1.591691142684339046e+09
1.591691142885755062e+09
1.591691143084489107e+09
1.591691143282546997e+09
1.591691143482450008e+09
1.591691143685065985e+09
1.591691143884787083e+09
1.591691144084347963e+09
1.591691144282814980e+09
1.591691144482631922e+09
1.591691144685297966e+09
1.591691150869596004e+09
1.591691151074925900e+09
1.591691151278826952e+09
1.591691151471642971e+09
1.591691151677186966e+09
1.591691151878633976e+09
1.591691152077266932e+09
1.591691152275167942e+09
1.591691152477235079e+09
1.591691152677100897e+09
1.591691152877341986e+09
1.591691153077322960e+09
1.591691153275271893e+09
1.591691153472826004e+09
1.591691153674869061e+09
1.591691153875006914e+09
1.591691154075591087e+09
1.591691154273083925e+09
1.591691154475047112e+09
1.591691154675034046e+09
1.591691154875790119e+09
1.591691155073831081e+09
1.591691155273478985e+09
1.591691155475567102e+09
1.591691155675621986e+09
1.591691168254681110e+09
1.591691168458548069e+09
1.591691168661190987e+09
1.591691168860917091e+09
1.591691169059221029e+09
1.591691169259207964e+09
1.591691169458964109e+09
1.591691169659106970e+09
1.591691169858884096e+09
1.591691170060833931e+09
1.591691170260206938e+09
1.591691170459959984e+09
1.591691170661669016e+09
1.591691170859266996e+09
1.591691171059012890e+09
1.591691171257365942e+09
1.591691171459264040e+09
1.591691171659419060e+09
1.591691171859106064e+09
1.591691172057385921e+09
1.591691172258096933e+09
1.591691172459597111e+09
1.591691172657969952e+09
1.591691172859103918e+09
1.591691179242727995e+09
1.591691179452467918e+09
1.591691179654300928e+09
1.591691179850716114e+09
1.591691180052792072e+09
1.591691180250828981e+09
1.591691180453128099e+09
1.591691180651918888e+09
1.591691180850575924e+09
1.591691181050354958e+09
1.591691181252334118e+09
1.591691181451590061e+09
1.591691181651117086e+09
1.591691181851023912e+09
1.591691182051268101e+09
1.591691182392873049e+09
1.591691182485598087e+09
1.591691182649422884e+09
1.591691182848840952e+09
1.591691183051021099e+09
1.591691183249521971e+09
1.591691183449682951e+09
1.591691183651488066e+09
1.591691183849330902e+09
1.591691190235167980e+09
1.591691190444562912e+09
1.591691190643949986e+09
1.591691190842865944e+09
1.591691191042072058e+09
1.591691191242142916e+09
1.591691191442375898e+09
1.591691191642332077e+09
1.591691191843902111e+09
1.591691192044466972e+09
1.591691192242480040e+09
1.591691192437793016e+09
1.591691192640384912e+09
1.591691192841803074e+09
1.591691193040591955e+09
1.591691193240782022e+09
1.591691193440828085e+09
1.591691193640738010e+09
1.591691193843792915e+09
1.591691194043035984e+09
1.591691194243782043e+09
1.591691194443229914e+09
1.591691194643356085e+09
1.591691194844042063e+09
1.591691201222826958e+09
1.591691201436047077e+09
1.591691201635823011e+09
1.591691201833755970e+09
1.591691202033838034e+09
1.591691202235858917e+09
1.591691202435471058e+09
1.591691202635519028e+09
1.591691202833904982e+09
1.591691203036269903e+09
1.591691203236089945e+09
1.591691203434990883e+09
1.591691203632121086e+09
1.591691203833074093e+09
1.591691204034183979e+09
1.591691204234483004e+09
1.591691204432451963e+09
1.591691204633995056e+09
1.591691204834023952e+09
1.591691205031940937e+09
1.591691205232863903e+09
1.591691205434803963e+09
1.591691205632617950e+09
1.591691205828353882e+09
1.591691212013581991e+09
1.591691212227338076e+09
1.591691212428452969e+09
1.591691212625199080e+09
1.591691212825025082e+09
1.591691213027224064e+09
1.591691213226368904e+09
1.591691213426924944e+09
1.591691213627290964e+09
1.591691213828444004e+09
1.591691214026356936e+09
1.591691214224657059e+09
1.591691214424370050e+09
1.591691214625597000e+09
1.591691214823659897e+09
1.591691215024116039e+09
1.591691215224117994e+09
1.591691215426100016e+09
1.591691215623780966e+09
1.591691215823992968e+09
1.591691216027471066e+09
1.591691216226002932e+09
1.591691216427916050e+09
1.591691216747092962e+09
1.591691216855201006e+09
1.591691229398540974e+09
1.591691229608684063e+09
1.591691229808630943e+09
1.591691230012480974e+09
1.591691230210300922e+09
1.591691230413259029e+09
1.591691230611248970e+09
1.591691230811660051e+09
1.591691231007437944e+09
1.591691231211792946e+09
1.591691231410928011e+09
1.591691231610940933e+09
1.591691231808146000e+09
1.591691232011145115e+09
1.591691232208297968e+09
1.591691232406253099e+09
1.591691232611418009e+09
1.591691232807949066e+09
1.591691233007054090e+09
1.591691233210932970e+09
1.591691233405602932e+09
1.591691233609837055e+09
1.591691233810015917e+09
1.591691234008413076e+09
1.591691240185802937e+09
1.591691240541894913e+09
1.591691240803057909e+09
1.591691241002751112e+09
1.591691241201083899e+09
1.591691241402775049e+09
1.591691241602674961e+09
1.591691241801424026e+09
1.591691242002703905e+09
1.591691242200675011e+09
1.591691242398890972e+09
1.591691242602998972e+09
1.591691242802103043e+09
1.591691243003449917e+09
1.591691243199776888e+09
1.591691243402894020e+09
1.591691243600022078e+09
1.591691243800474882e+09
1.591691244002790928e+09
1.591691244201205015e+09
1.591691244400723934e+09
1.591691244601917982e+09
1.591691244799750090e+09
1.591691245002077103e+09
1.591691257569938898e+09
1.591691257784754038e+09
1.591691257983733892e+09
1.591691258188147068e+09
1.591691258386895895e+09
1.591691258590179920e+09
1.591691258786912918e+09
1.591691258985332966e+09
1.591691259187145948e+09
1.591691259387959003e+09
1.591691259587685108e+09
1.591691259785248995e+09
1.591691259986022949e+09
1.591691260183244944e+09
1.591691260383208990e+09
1.591691260584673882e+09
1.591691260783746958e+09
1.591691260983181000e+09
1.591691261185854912e+09
1.591691261383760929e+09
1.591691261585874081e+09
1.591691261786325932e+09
1.591691261984472990e+09
1.591691262185112000e+09
1.591691268558188915e+09
1.591691268776468039e+09
1.591691268977118015e+09
1.591691269176098108e+09
1.591691269376884937e+09
1.591691269579879045e+09
1.591691269775028944e+09
1.591691269979381084e+09
1.591691270176889896e+09
1.591691270378839970e+09
1.591691270576730013e+09
1.591691270775832891e+09
1.591691270976826906e+09
1.591691271176798105e+09
1.591691271374726057e+09
1.591691271575448990e+09
1.591691271775031090e+09
1.591691271976741076e+09
1.591691272177248955e+09
1.591691272376774073e+09
1.591691272575017929e+09
1.591691272777756929e+09
1.591691272971648932e+09
1.591691273175302982e+09
1.591691279550663948e+09
1.591691279770553112e+09
1.591691279968939066e+09
1.591691280168977022e+09
1.591691280370834112e+09
1.591691280570674896e+09
1.591691280771447897e+09
1.591691280970180035e+09
1.591691281169534922e+09
1.591691281371881962e+09
1.591691281569138050e+09
1.591691281768990040e+09
1.591691281969234943e+09
1.591691282170697927e+09
1.591691282369596958e+09
1.591691282569843054e+09
1.591691282767616987e+09
1.591691282967524052e+09
1.591691283163238049e+09
1.591691283367141962e+09
1.591691283570488930e+09
1.591691283766817093e+09
1.591691283970436096e+09
1.591691284168803930e+09
1.591691290541399002e+09
1.591691290762418985e+09
1.591691290959872007e+09
1.591691291160799980e+09
1.591691291359397888e+09
1.591691291558967113e+09
1.591691291759565115e+09
1.591691291962227106e+09
1.591691292159775972e+09
1.591691292362633944e+09
1.591691292559191942e+09
1.591691292757808924e+09
1.591691292960942984e+09
1.591691293162163019e+09
1.591691293359983921e+09
1.591691293560924053e+09
1.591691293758842945e+09
1.591691293958313942e+09
1.591691294159158945e+09
1.591691294358145952e+09
1.591691294559009075e+09
1.591691294758018017e+09
1.591691294958498001e+09
1.591691295158766985e+09
1.591691301531274080e+09
1.591691301753443003e+09
1.591691301950413942e+09
1.591691302149878979e+09
1.591691302350599051e+09
1.591691302553157091e+09
1.591691302750825882e+09
1.591691302950172901e+09
1.591691303150207996e+09
1.591691303353800058e+09
1.591691303550329924e+09
1.591691303888098001e+09
1.591691304011946917e+09
1.591691304163554907e+09
1.591691304350003958e+09
1.591691304550878048e+09
1.591691304749850988e+09
1.591691304951793909e+09
1.591691305150084972e+09
1.591691305352859974e+09
1.591691305551146984e+09
1.591691305752007961e+09
1.591691305952301979e+09
1.591691306152390003e+09
1.591691318713907957e+09
1.591691319031143904e+09
1.591691319158679008e+09
1.591691319336402893e+09
1.591691319538489103e+09
1.591691319738289118e+09
1.591691319935806990e+09
1.591691320136805058e+09
1.591691320335047007e+09
1.591691320539020061e+09
1.591691320737166882e+09
1.591691320937334061e+09
1.591691321137013912e+09
1.591691321335063934e+09
1.591691321534768105e+09
1.591691321738084078e+09
1.591691321936075926e+09
1.591691322137347937e+09
1.591691322335047007e+09
1.591691322536305904e+09
1.591691322736753941e+09
1.591691322936347961e+09
1.591691323135988951e+09
1.591691323336188078e+09
1.591691329703707933e+09
1.591691329926740885e+09
1.591691330127769947e+09
1.591691330327357054e+09
1.591691330528795004e+09
1.591691330727586985e+09
1.591691330926969051e+09
1.591691331126353979e+09
1.591691331330311060e+09
1.591691331528902054e+09
1.591691331727062941e+09
1.591691331927524090e+09
1.591691332124627113e+09
1.591691332325208902e+09
1.591691332527129889e+09
1.591691332727456093e+09
1.591691332927728891e+09
1.591691333127211094e+09
1.591691333327825069e+09
1.591691333525290012e+09
1.591691333725940943e+09
1.591691333928520918e+09
1.591691334128351927e+09
1.591691334414782047e+09
1.591691340692123890e+09
1.591691340917406082e+09
1.591691341119270086e+09
1.591691341321654081e+09
1.591691341520347118e+09
1.591691341719960928e+09
1.591691341920645952e+09
1.591691342118895054e+09
1.591691342319109917e+09
1.591691342520237923e+09
1.591691342718230009e+09
1.591691342916973114e+09
1.591691343118660927e+09
1.591691343317557096e+09
1.591691343517570972e+09
1.591691343718806982e+09
1.591691343919495106e+09
1.591691344116935968e+09
1.591691344320363998e+09
1.591691344515887976e+09
1.591691344718472958e+09
1.591691344920667887e+09
1.591691345119777918e+09
1.591691345316574097e+09
1.591691351682318926e+09
1.591691351910690069e+09
1.591691352109405041e+09
1.591691352307214975e+09
1.591691352509617090e+09
1.591691352709335089e+09
1.591691352908648014e+09
1.591691353110235929e+09
1.591691353309979916e+09
1.591691353512223959e+09
1.591691353708503008e+09
1.591691353913274050e+09
1.591691354108783007e+09
1.591691354308839083e+09
1.591691354508585930e+09
1.591691354709254026e+09
1.591691354903974056e+09
1.591691355108913898e+09
1.591691355307727098e+09
1.591691355510615110e+09
1.591691355709742069e+09
1.591691355915143967e+09
1.591691356110322952e+09
1.591691356312031984e+09
1.591691362674808025e+09
1.591691362903826952e+09
1.591691363102691889e+09
1.591691363303245068e+09
1.591691363501152039e+09
1.591691363701802015e+09
1.591691363900188923e+09
1.591691364101175070e+09
1.591691364301553965e+09
1.591691364501619101e+09
1.591691364699938059e+09
1.591691364902508020e+09
1.591691365235776901e+09
1.591691365417609930e+09
1.591691365570571899e+09
1.591691365712841034e+09
1.591691365901674986e+09
1.591691366101469040e+09
1.591691366301811934e+09
1.591691366502085924e+09
1.591691366702622890e+09
1.591691366900758982e+09
1.591691367100203991e+09
1.591691367301564932e+09
1.591691373664441109e+09
1.591691373896239042e+09
1.591691374094295979e+09
1.591691374293167114e+09
1.591691374494700909e+09
1.591691374691812038e+09
1.591691374895868063e+09
1.591691375092677116e+09
1.591691375293252945e+09
1.591691375494441032e+09
1.591691375693085909e+09
1.591691375891453028e+09
1.591691376094938040e+09
1.591691376293390989e+09
1.591691376492786884e+09
1.591691376692668915e+09
1.591691376892946005e+09
1.591691377093473911e+09
1.591691377292314053e+09
1.591691377491170883e+09
1.591691377692969084e+09
1.591691377893563986e+09
1.591691378094405890e+09
1.591691378296092987e+09
1.591691384654886007e+09
1.591691384886733055e+09
1.591691385083479881e+09
1.591691385284048080e+09
1.591691385485728025e+09
1.591691385680676937e+09
1.591691385883657932e+09
1.591691386084368944e+09
1.591691386284321070e+09
1.591691386486741066e+09
1.591691386682892084e+09
1.591691386884341002e+09
1.591691387084810972e+09
1.591691387283751965e+09
1.591691387486542940e+09
1.591691387686196089e+09
1.591691387886017084e+09
1.591691388081926107e+09
1.591691388284362078e+09
1.591691388485083103e+09
1.591691388683859110e+09
1.591691388884825945e+09
1.591691389085319996e+09
1.591691389282262087e+09
1.591691395643318892e+09
1.591691396014874935e+09
1.591691396160672903e+09
1.591691396313316107e+09
1.591691396474987030e+09
1.591691396675622940e+09
1.591691396874162912e+09
1.591691397076843977e+09
1.591691397276828051e+09
1.591691397477458000e+09
1.591691397676623106e+09
1.591691397874558926e+09
1.591691398074960947e+09
1.591691398273452997e+09
1.591691398475780964e+09
1.591691398677073956e+09
1.591691398875745058e+09
1.591691399074176073e+09
1.591691399274251938e+09
1.591691399473151922e+09
1.591691399675834894e+09
1.591691399875493050e+09
1.591691400073627949e+09
1.591691400272111893e+09
1.591691406633727074e+09
1.591691406864840984e+09
1.591691407065481901e+09
1.591691407264585018e+09
1.591691407465389013e+09
1.591691407666920900e+09
1.591691407866249084e+09
1.591691408065638065e+09
1.591691408265479088e+09
1.591691408464936972e+09
1.591691408669498920e+09
1.591691408868868113e+09
1.591691409066804886e+09
1.591691409266632080e+09
1.591691409463675022e+09
1.591691409666049957e+09
1.591691409866422892e+09
1.591691410065697908e+09
1.591691410266760111e+09
1.591691410464745045e+09
1.591691410665191889e+09
1.591691410864130974e+09
1.591691411065110922e+09
1.591691417623310089e+09
1.591691417857609987e+09
1.591691418057075977e+09
1.591691418257546902e+09
1.591691418455225945e+09
1.591691418659140110e+09
1.591691418857816935e+09
1.591691419055943966e+09
1.591691419259804964e+09
1.591691419461405993e+09
1.591691419657335043e+09
1.591691419859204054e+09
1.591691420056384087e+09
1.591691420256544113e+09
1.591691420456418991e+09
1.591691420659703016e+09
1.591691420858314991e+09
1.591691421055803061e+09
1.591691421258323908e+09
1.591691421461533070e+09
1.591691421656776905e+09
1.591691421858726978e+09
1.591691422058173895e+09
1.591691422256232023e+09
1.591691428614320040e+09
1.591691428847917080e+09
1.591691429049045086e+09
1.591691429248073101e+09
1.591691429446055889e+09
1.591691429648710012e+09
1.591691429848932981e+09
1.591691430047401905e+09
1.591691430248882055e+09
1.591691430450776100e+09
1.591691430646584034e+09
1.591691430848016977e+09
1.591691431048214912e+09
1.591691431245913029e+09
1.591691431447266102e+09
1.591691431647634983e+09
1.591691431910069942e+09
1.591691432081989050e+09
1.591691432257476091e+09
1.591691432457148075e+09
1.591691432645307064e+09
1.591691432843884945e+09
1.591691433044073105e+09
1.591691433241287947e+09
1.591691439391905069e+09
1.591691439627552032e+09
1.591691439827356100e+09
1.591691440027138948e+09
1.591691440229367018e+09
1.591691440428370953e+09
1.591691440628407955e+09
1.591691440827302933e+09
1.591691441029320002e+09
1.591691441229218960e+09
1.591691441439866066e+09
1.591691441625874996e+09
1.591691441825447083e+09
1.591691442021298885e+09
1.591691442225704908e+09
1.591691442436145067e+09
1.591691442629240036e+09
1.591691442822575092e+09
1.591691443022813082e+09
1.591691443224195957e+09
1.591691443427658081e+09
1.591691443623842955e+09
1.591691443823525906e+09
1.591691444021219015e+09
1.591691444224486113e+09
1.591691450570993900e+09
1.591691450808073044e+09
1.591691451011759043e+09
1.591691451209157944e+09
1.591691451420526028e+09
1.591691451608829975e+09
1.591691451809176922e+09
1.591691452010993958e+09
1.591691452339339018e+09
1.591691452514631033e+09
1.591691452686693907e+09
1.591691452866889954e+09
1.591691453034018040e+09
1.591691453205343962e+09
1.591691453414469957e+09
1.591691453606571913e+09
1.591691453806408882e+09
1.591691454003571987e+09
1.591691454205568075e+09
1.591691454423207998e+09
1.591691454606175900e+09
1.591691454806247950e+09
1.591691455004451036e+09
1.591691455204153061e+09
1.591691461551213026e+09
1.591691461788450003e+09
1.591691461994946003e+09
1.591691462194983959e+09
1.591691462488573074e+09
1.591691462664726019e+09
1.591691462836666107e+09
1.591691463006751060e+09
1.591691463189966917e+09
1.591691463391273975e+09
1.591691463588140011e+09
1.591691463788804054e+09
1.591691463989862919e+09
1.591691464192076921e+09
1.591691464409189939e+09
1.591691464589252949e+09
1.591691464788846970e+09
1.591691464990005016e+09
1.591691465186264038e+09
1.591691465386037111e+09
1.591691465589410067e+09
1.591691465790349960e+09
1.591691465985851049e+09
1.591691466188122988e+09
1.591691472334147930e+09
1.591691472576751947e+09
1.591691472770524025e+09
1.591691472975955009e+09
1.591691473177413940e+09
1.591691473375544071e+09
1.591691473572763920e+09
1.591691473775849104e+09
1.591691473972166061e+09
1.591691474177227020e+09
1.591691474385638952e+09
1.591691474570832014e+09
1.591691474775680065e+09
1.591691474972387075e+09
1.591691475174771070e+09
1.591691475375014067e+09
1.591691475572081089e+09
1.591691475773055077e+09
1.591691475972476006e+09
1.591691476170201063e+09
1.591691476373112917e+09
1.591691476570215940e+09
1.591691476773703098e+09
1.591691476970658064e+09
1.591691477170437098e+09
1.591691483515896082e+09
1.591691483761344910e+09
1.591691483958852053e+09
1.591691484159763098e+09
1.591691484358969927e+09
1.591691484554013968e+09
1.591691484759414911e+09
1.591691484956999063e+09
1.591691485158438921e+09
1.591691485358671904e+09
1.591691485556232929e+09
1.591691485757379055e+09
1.591691485958024025e+09
1.591691486156472921e+09
1.591691486353642941e+09
1.591691486557297945e+09
1.591691486754877090e+09
1.591691486954472065e+09
1.591691487156465054e+09
1.591691487357007980e+09
1.591691487555047035e+09
1.591691487755513906e+09
1.591691487956993103e+09
1.591691488149466038e+09
1.591691494498029947e+09
1.591691494741045952e+09
1.591691494943072081e+09
1.591691495139189959e+09
1.591691495341901064e+09
1.591691495539596081e+09
1.591691495739685059e+09
1.591691495941081047e+09
1.591691496138770103e+09
1.591691496341572046e+09
1.591691496539068937e+09
1.591691496739279985e+09
1.591691496939156055e+09
1.591691497135988951e+09
1.591691497339750051e+09
1.591691497539458036e+09
1.591691497739372969e+09
1.591691497937289000e+09
1.591691498136147976e+09
1.591691498337527037e+09
1.591691498537749052e+09
1.591691498738137960e+09
1.591691498937361002e+09
1.591691499138482094e+09
1.591691505286389112e+09
1.591691505527086973e+09
1.591691505727910995e+09
1.591691505928370953e+09
1.591691506127427101e+09
1.591691506330384016e+09
1.591691506531855106e+09
1.591691506730686903e+09
1.591691506927761078e+09
1.591691507129116058e+09
1.591691507327167034e+09
1.591691507525072098e+09
1.591691507725104094e+09
1.591691507926748991e+09
1.591691508126883030e+09
1.591691508328309059e+09
1.591691508533689976e+09
1.591691508730221033e+09
1.591691508929141998e+09
1.591691509127703905e+09
1.591691509324616909e+09
1.591691509526386976e+09
1.591691509725339890e+09
1.591691509925050974e+09
1.591691510126718044e+09
1.591691516267154932e+09
1.591691516509700060e+09
1.591691516711987972e+09
1.591691516911335945e+09
1.591691517113548040e+09
1.591691517312689066e+09
1.591691517511446953e+09
1.591691517709574938e+09
1.591691517914639950e+09
1.591691518115453959e+09
1.591691518310604095e+09
1.591691518511329889e+09
1.591691518709248066e+09
1.591691518906043053e+09
1.591691519107225895e+09
1.591691519308974981e+09
1.591691519510627031e+09
1.591691519708420038e+09
1.591691519905683041e+09
1.591691520106924057e+09
1.591691520309710979e+09
1.591691520507026911e+09
1.591691520707273006e+09
1.591691520907994032e+09
1.591691521107276917e+09
1.591691527451617002e+09
1.591691527701515913e+09
1.591691527897196054e+09
1.591691528096676111e+09
1.591691528297877073e+09
1.591691528494254112e+09
1.591691528697510004e+09
1.591691528896446943e+09
1.591691529092580080e+09
1.591691529297552109e+09
1.591691529495554924e+09
1.591691529694852114e+09
1.591691529894284010e+09
1.591691530091017008e+09
1.591691530295443058e+09
1.591691530494662046e+09
1.591691530694796085e+09
1.591691530901375055e+09
1.591691531104763031e+09
1.591691531322734118e+09
1.591691531537026882e+09
1.591691531741492033e+09
1.591691531942965031e+09
1.591691532143101931e+09
1.591691538238087893e+09
1.591691538489684105e+09
1.591691538690002918e+09
1.591691538895226002e+09
1.591691539092360973e+09
1.591691539292841911e+09
1.591691539499694109e+09
1.591691539698880911e+09
1.591691539902937889e+09
1.591691540113629103e+09
1.591691540318068027e+09
1.591691540535211086e+09
1.591691540746584892e+09
1.591691540956248045e+09
1.591691541158689976e+09
1.591691541390584946e+09
1.591691541598939896e+09
1.591691541807600975e+09
1.591691542014060020e+09
1.591691542231179953e+09
1.591691542458527088e+09
1.591691542673403025e+09
1.591691542876861095e+09
1.591691543074487925e+09
1.591691549422519922e+09
1.591691549673664093e+09
1.591691549876661062e+09
1.591691550077033043e+09
1.591691550280704021e+09
1.591691550489960909e+09
1.591691550706130981e+09
1.591691550918076038e+09
1.591691551130065918e+09
1.591691551334650993e+09
1.591691551542639971e+09
1.591691551746217012e+09
1.591691551955535889e+09
1.591691552159399986e+09
1.591691552401714087e+09
1.591691552607569933e+09
1.591691552815139055e+09
1.591691553023116112e+09
1.591691553227592945e+09
1.591691553456813097e+09
1.591691553661845922e+09
1.591691553865016937e+09
1.591691554069288969e+09
1.591691560208487988e+09
1.591691560462740898e+09
1.591691560670006037e+09
1.591691560877680063e+09
1.591691561086015940e+09
1.591691561299312115e+09
1.591691561518659115e+09
1.591691561729893923e+09
1.591691561938426971e+09
1.591691562156132936e+09
1.591691562541131973e+09
1.591691562748945951e+09
1.591691562963046074e+09
1.591691563173408031e+09
1.591691563420362949e+09
1.591691563633667946e+09
1.591691563850048065e+09
1.591691564064460993e+09
1.591691564271102905e+09
1.591691564483751059e+09
1.591691564690778971e+09
1.591691564899926901e+09
1.591691565107825041e+09
1.591691571398757935e+09
1.591691571655839920e+09
1.591691571865750074e+09
1.591691572078850985e+09
1.591691572298641920e+09
1.591691572579647064e+09
1.591691572791146994e+09
1.591691572999680996e+09
1.591691573217233896e+09
1.591691573465410948e+09
1.591691573683087111e+09
1.591691573897258043e+09
1.591691574112796068e+09
1.591691574326807022e+09
1.591691574550795078e+09
1.591691574763330936e+09
1.591691574976725101e+09
1.591691575191792965e+09
1.591691575445211887e+09
1.591691575668025970e+09
1.591691575885339022e+09
1.591691576099198103e+09
1.591691582383337021e+09
1.591691583000564098e+09
1.591691583250011921e+09
1.591691583649298906e+09
1.591691584051430941e+09
1.591691584449913025e+09
1.591691584848280907e+09
1.591691585247653961e+09
1.591691585647644043e+09
1.591691586049113989e+09
1.591691586446351051e+09
1.591691586847520113e+09
1.591691593579597950e+09
1.591691594033282995e+09
1.591691594432687044e+09
1.591691594832873106e+09
1.591691595232939005e+09
1.591691595634419918e+09
1.591691596034228086e+09
1.591691596431031942e+09
1.591691596830142021e+09
1.591691597234566927e+09
1.591691597633322001e+09
1.591691598031342030e+09
1.591691604766200066e+09
1.591691605223390102e+09
1.591691605621407032e+09
1.591691606020975113e+09
1.591691606424010038e+09
1.591691606821104050e+09
1.591691607221595049e+09
1.591691607619280100e+09
1.591691608018170118e+09
1.591691608485254049e+09
1.591691608820939064e+09
1.591691609221507072e+09
1.591691615954108953e+09
1.591691616408221960e+09
1.591691616807652950e+09
1.591691617206818104e+09
1.591691617606849909e+09
1.591691618007860899e+09
1.591691618406876087e+09
1.591691618953888893e+09
1.591691619207357883e+09
1.591691619606940031e+09
1.591691620006011009e+09
1.591691620403867006e+09
1.591691627138345003e+09
1.591691627597063065e+09
1.591691627995536089e+09
1.591691628391521931e+09
1.591691628793946028e+09
1.591691629258802891e+09
1.591691629593399048e+09
1.591691629992206097e+09
1.591691630392915964e+09
1.591691630794061899e+09
1.591691631192878008e+09
1.591691631590231895e+09
1.591691638325378895e+09
1.591691638781249046e+09
1.591691639280674934e+09
1.591691639580755949e+09
1.591691639980591059e+09
1.591691640378079891e+09
1.591691640778198957e+09
1.591691641177684069e+09
1.591691641578567028e+09
1.591691641982372046e+09
1.591691642380299091e+09
1.591691642779026031e+09
1.591691649635123014e+09
1.591691649965837002e+09
1.591691650368386984e+09
1.591691650768310070e+09
1.591691651168922901e+09
1.591691651567970037e+09
1.591691651967935085e+09
1.591691652364232063e+09
1.591691652766227007e+09
1.591691653167999029e+09
1.591691653563175917e+09
1.591691653965492964e+09
1.591691660699877977e+09
1.591691661156095028e+09
1.591691661556051970e+09
1.591691661955352068e+09
1.591691662354934931e+09
1.591691662756011009e+09
1.591691663154804945e+09
1.591691663552985907e+09
1.591691663955333948e+09
1.591691664356462955e+09
1.591691664770029068e+09
1.591691665153285027e+09
1.591691671884879112e+09
1.591691672342655897e+09
1.591691672744775057e+09
1.591691673141987085e+09
1.591691673539859056e+09
1.591691673943474054e+09
1.591691674343333960e+09
1.591691674744106054e+09
1.591691675140726089e+09
1.591691675545116901e+09
1.591691675939735889e+09
1.591691676405463934e+09
1.591691682669058084e+09
1.591691683130162954e+09
1.591691683527580976e+09
1.591691683930794001e+09
1.591691684329006910e+09
1.591691684729873896e+09
1.591691685128851891e+09
1.591691685527909040e+09
1.591691685929214001e+09
1.591691686329546928e+09
1.591691686730385065e+09
1.591691687130458117e+09
1.591691693856656075e+09
1.591691694318953037e+09
1.591691694715653896e+09
1.591691695117824078e+09
1.591691695516972065e+09
1.591691695916841984e+09
1.591691696317027092e+09
1.591691696715898037e+09
1.591691697117990017e+09
1.591691697518085003e+09
1.591691697918298006e+09
1.591691698318159103e+09
1.591691705044668913e+09
1.591691705502194881e+09
1.591691705902575970e+09
1.591691706300920963e+09
1.591691706701594114e+09
1.591691707099488974e+09
1.591691707500757933e+09
1.591691707902607918e+09
1.591691708298659086e+09
1.591691708703274012e+09
1.591691709100272894e+09
1.591691715828741074e+09
1.591691716290158987e+09
1.591691716687386990e+09
1.591691717089329004e+09
1.591691717490132093e+09
1.591691717890232086e+09
1.591691718287729979e+09
1.591691718687649012e+09
1.591691719086363077e+09
1.591691719489299059e+09
1.591691719969898939e+09
1.591691720289371014e+09
1.591691726616898060e+09
1.591691727075845003e+09
1.591691727476368904e+09
1.591691727872766972e+09
1.591691728275638103e+09
1.591691728675146103e+09
1.591691729072979927e+09
1.591691729478499889e+09
1.591691729933199883e+09
1.591691730277549028e+09
1.591691730676028013e+09
1.591691731076055050e+09
1.591691731473445892e+09
1.591691738203556061e+09
1.591691738665235043e+09
1.591691739070000887e+09
1.591691739465562105e+09
1.591691739864816904e+09
1.591691740404148102e+09
1.591691740663492918e+09
1.591691741063065052e+09
1.591691741463135958e+09
1.591691741864183903e+09
1.591691742262561083e+09
1.591691742659902096e+09
1.591691749389626980e+09
1.591691749854387045e+09
1.591691750251821995e+09
1.591691750717223883e+09
1.591691751052813053e+09
1.591691751452477932e+09
1.591691751852622032e+09
1.591691752252810955e+09
1.591691752651325941e+09
1.591691753053528070e+09
1.591691753449259043e+09
1.591691753849904060e+09
1.591691760576915026e+09
1.591691761041285992e+09
1.591691761439400911e+09
1.591691761837105036e+09
1.591691762237540007e+09
1.591691762640290976e+09
1.591691763038662910e+09
1.591691763437072039e+09
1.591691763835012913e+09
1.591691764237616062e+09
1.591691764633997917e+09
1.591691765033082008e+09
1.591691771764199018e+09
1.591691772226459980e+09
1.591691772623307943e+09
1.591691773029556036e+09
1.591691773428999901e+09
1.591691773824554920e+09
1.591691774223732948e+09
1.591691774623835087e+09
1.591691775157480001e+09
1.591691775447884083e+09
1.591691775824358940e+09
1.591691776221868038e+09
1.591691782548855066e+09
1.591691783016768932e+09
1.591691783414726973e+09
1.591691783814189911e+09
1.591691784214963913e+09
1.591691784614658117e+09
1.591691785019382954e+09
1.591691785556251049e+09
1.591691785818805933e+09
1.591691786215691090e+09
1.591691786616837978e+09
1.591691787016041994e+09
1.591691787416201115e+09
1.591691794136075974e+09
1.591691794601893902e+09
1.591691795002635956e+09
1.591691795401499033e+09
1.591691795799496889e+09
1.591691796200350046e+09
1.591691796601003885e+09
1.591691796998075962e+09
1.591691797399620056e+09
1.591691797800666094e+09
1.591691798198014021e+09
1.591691798598495960e+09
1.591691805324379921e+09
1.591691805935856104e+09
1.591691806188673019e+09
1.591691806588612080e+09
1.591691806987735033e+09
1.591691807388381958e+09
1.591691807787954092e+09
1.591691808184770107e+09
1.591691808586833000e+09
1.591691808986021042e+09
1.591691809387492895e+09
1.591691809786597013e+09
1.591691816512090921e+09
1.591691816978068113e+09
1.591691817378041983e+09
1.591691817776519060e+09
1.591691818178828955e+09
1.591691818576066971e+09
1.591691818978312016e+09
1.591691819376255035e+09
1.591691819775660038e+09
1.591691820178442001e+09
1.591691820574384928e+09
1.591691820973349094e+09
1.591691827695683956e+09
1.591691828163239956e+09
1.591691828563083887e+09
1.591691828964288950e+09
1.591691829362705946e+09
1.591691829761450052e+09
1.591691830161014080e+09
1.591691830562876940e+09
1.591691830959836960e+09
1.591691831482184887e+09
1.591691831761571884e+09
1.591691832161158085e+09
1.591691838881280899e+09
1.591691839349371910e+09
1.591691839749948978e+09
1.591691840148726940e+09
1.591691840551249027e+09
1.591691840950910091e+09
1.591691841352013111e+09
1.591691841889203072e+09
1.591691842146528959e+09
1.591691842550369978e+09
1.591691842946381092e+09
1.591691843346879959e+09
1.591691849670818090e+09
1.591691850139081001e+09
1.591691850537285089e+09
1.591691850938446045e+09
1.591691851336344004e+09
1.591691851736717939e+09
1.591691852136430979e+09
1.591691852535181999e+09
1.591691852936096907e+09
1.591691853340250015e+09
1.591691853735948086e+09
1.591691854135436058e+09
1.591691854534502029e+09
1.591691861258414984e+09
1.591691861727035999e+09
1.591691862260648012e+09
1.591691862523468971e+09
1.591691862924808979e+09
1.591691863324510098e+09
1.591691863725939989e+09
1.591691864123878956e+09
1.591691864525259018e+09
1.591691864925669909e+09
1.591691865326236010e+09
1.591691865722563982e+09
1.591691872442992926e+09
1.591691872916204929e+09
1.591691873313222885e+09
1.591691873714854002e+09
1.591691874115662098e+09
1.591691874516081095e+09
1.591691874915335894e+09
1.591691875312916040e+09
1.591691875711714029e+09
1.591691876113003969e+09
1.591691876649322033e+09
1.591691876914652109e+09
1.591691883631171942e+09
1.591691884102106094e+09
1.591691884503056049e+09
1.591691884903717041e+09
1.591691885302027941e+09
1.591691885702177048e+09
1.591691886102893114e+09
1.591691886501461029e+09
1.591691887037870884e+09
1.591691887310369015e+09
1.591691887700043917e+09
1.591691888099997997e+09
1.591691894817213058e+09
1.591691895286236048e+09
1.591691895688002110e+09
1.591691896088371038e+09
1.591691896489305019e+09
1.591691896889010906e+09
1.591691897287983894e+09
1.591691897688158035e+09
1.591691898084039927e+09
1.591691898486298084e+09
1.591691898884733915e+09
1.591691899284110069e+09
1.591691906006486893e+09
1.591691906478581905e+09
1.591691906876445055e+09
1.591691907411745071e+09
1.591691907676975965e+09
1.591691908072523117e+09
1.591691908474214077e+09
1.591691908872584105e+09
1.591691909271886110e+09
1.591691909676496983e+09
1.591691910073101044e+09
1.591691910472748995e+09
1.591691917193284988e+09
1.591691917783109903e+09
1.591691918063045979e+09
1.591691918465054989e+09
1.591691918861251116e+09
1.591691919262007952e+09
1.591691919662765980e+09
1.591691920061117887e+09
1.591691920460978031e+09
1.591691920863240957e+09
1.591691921259052992e+09
1.591691921660090923e+09
1.591691927983066082e+09
1.591691928454711914e+09
1.591691928854274035e+09
1.591691929253067017e+09
1.591691929654766083e+09
1.591691930052485943e+09
1.591691930453073025e+09
1.591691930854226112e+09
1.591691931251842022e+09
1.591691931654498100e+09
1.591691932052261114e+09
1.591691932451414108e+09
1.591691939164741993e+09
1.591691939639751911e+09
1.591691940042074919e+09
1.591691940441056013e+09
1.591691940843126059e+09
1.591691941241008997e+09
1.591691941639949083e+09
1.591691942037606955e+09
1.591691942436685085e+09
1.591691942839422941e+09
1.591691943376012087e+09
1.591691943654520988e+09
1.591691950351110935e+09
1.591691950825490952e+09
1.591691951225039959e+09
1.591691951623080015e+09
1.591691952022151947e+09
1.591691952424488068e+09
1.591691952825869083e+09
1.591691953223721981e+09
1.591691953625387907e+09
1.591691954025520086e+09
1.591691954420710087e+09
1.591691954819905996e+09
1.591691961139723063e+09
1.591691961619237900e+09
1.591691962021848917e+09
1.591691962415950060e+09
1.591691962816689968e+09
1.591691963217634916e+09
1.591691963758150101e+09
1.591691964034997940e+09
1.591691964415256023e+09
1.591691964818341017e+09
1.591691965217844963e+09
1.591691965617813110e+09
1.591691966017496109e+09
1.591691972725445032e+09
1.591691973208444118e+09
1.591691973607587099e+09
1.591691974146100998e+09
1.591691974474244118e+09
1.591691974805099964e+09
1.591691975206954956e+09
1.591691975607074976e+09
1.591691976006417990e+09
1.591691976406766891e+09
1.591691976802900076e+09
1.591691977202846050e+09
1.591691983515479088e+09
1.591691983992981911e+09
1.591691984392525911e+09
1.591691984793694973e+09
1.591691985192136049e+09
1.591691985592240095e+09
1.591691985992630005e+09
1.591691986391139030e+09
1.591691986789103031e+09
1.591691987190886021e+09
1.591691987590115070e+09
1.591691987988198996e+09
1.591691994702754974e+09
1.591691995181081057e+09
1.591691995577192068e+09
1.591691995976075888e+09
1.591691996381933928e+09
1.591691996779405117e+09
1.591691997176237106e+09
1.591691997575485945e+09
1.591691997979408979e+09
1.591691998382677078e+09
1.591691998776391029e+09
1.591691999260049105e+09
1.591692005488826990e+09
1.591692005969748020e+09
1.591692006368311882e+09
1.591692006769714117e+09
1.591692007169079065e+09
1.591692007567559004e+09
1.591692007968055964e+09
1.591692008366044044e+09
1.591692008769840956e+09
1.591692009217053890e+09
1.591692009566426992e+09
1.591692009966306925e+09
1.591692010367993116e+09
1.591692017074779034e+09
1.591692017558309078e+09
1.591692017957176924e+09
1.591692018355187893e+09
1.591692018757921934e+09
1.591692019154794931e+09
1.591692019697421074e+09
1.591692019990804911e+09
1.591692020354295969e+09
1.591692020756026983e+09
1.591692021152275085e+09
1.591692021553073883e+09
1.591692028261210918e+09
1.591692028743586063e+09
1.591692029142844915e+09
1.591692029541246891e+09
1.591692029946538925e+09
1.591692030342700005e+09
1.591692030739778996e+09
1.591692031139038086e+09
1.591692031541873932e+09
1.591692031943878889e+09
1.591692032338850021e+09
1.591692032738874912e+09
1.591692039447972059e+09
1.591692040046634912e+09
1.591692040338697910e+09
1.591692040729311943e+09
1.591692041128271103e+09
1.591692041528060913e+09
1.591692041932404995e+09
1.591692042327677965e+09
1.591692042724586964e+09
1.591692043123931885e+09
1.591692043522784948e+09
1.591692043923407078e+09
1.591692050353660107e+09
1.591692050719340086e+09
1.591692051117010117e+09
1.591692051516602993e+09
1.591692051918418884e+09
1.591692052316601992e+09
1.591692052715827942e+09
1.591692053118347883e+09
1.591692053516391039e+09
1.591692053918164968e+09
1.591692054315234900e+09
1.591692054714694977e+09
1.591692055117409945e+09
1.591692061822022915e+09
1.591692062304874897e+09
1.591692062704077959e+09
1.591692063104775906e+09
1.591692063506875992e+09
1.591692063905586004e+09
1.591692064305304050e+09
1.591692064702867985e+09
1.591692065102643013e+09
1.591692065551448107e+09
1.591692065899766922e+09
1.591692066302572012e+09
1.591692086196228027e+09
1.591692086682064056e+09
1.591692087078983068e+09
1.591692087474925041e+09
1.591692087874900103e+09
1.591692088275016069e+09
1.591692088676261902e+09
1.591692089074074984e+09
1.591692089475883961e+09
1.591692089876360893e+09
1.591692090273813963e+09
1.591692096980259895e+09
1.591692097468660116e+09
1.591692097870377064e+09
1.591692098270328045e+09
1.591692098670089006e+09
1.591692099067970991e+09
1.591692099467787981e+09
1.591692099869333982e+09
1.591692100265903950e+09
1.591692100669281006e+09
1.591692101066801071e+09
1.591692107768973112e+09
1.591692108253345013e+09
1.591692108655967951e+09
1.591692109053631067e+09
1.591692109453963995e+09
1.591692109851427078e+09
1.591692110248941898e+09
1.591692110653019905e+09
1.591692111050865889e+09
1.591692111450854063e+09
1.591692111970020056e+09
1.591692112266514063e+09
1.591692118955436945e+09
1.591692119444084883e+09
1.591692119841502905e+09
1.591692120241758108e+09
1.591692120641248941e+09
1.591692121042346954e+09
1.591692121441924095e+09
1.591692121857393026e+09
1.591692122242024899e+09
1.591692122644341946e+09
1.591692123042155981e+09
1.591692123438963890e+09
1.591692130144691944e+09
1.591692130631217003e+09
1.591692131029141903e+09
1.591692131429433107e+09
1.591692131830177069e+09
1.591692132230690956e+09
1.591692132630676985e+09
1.591692133029244900e+09
1.591692133427073956e+09
1.591692133830511093e+09
1.591692134376424074e+09
1.591692134686239958e+09
1.591692140932235956e+09
1.591692141420149088e+09
1.591692141818681002e+09
1.591692142220370054e+09
1.591692142616970062e+09
1.591692143016997099e+09
1.591692143418940067e+09
1.591692143821361065e+09
1.591692144213737965e+09
1.591692144757961988e+09
1.591692145072868109e+09
1.591692145419029951e+09
1.591692145820343971e+09
1.591692152517785072e+09
1.591692153005734921e+09
1.591692153405369043e+09
1.591692153803277969e+09
1.591692154201411963e+09
1.591692154602159977e+09
1.591692154998146057e+09
1.591692155403578043e+09
1.591692155801628113e+09
1.591692156206695080e+09
1.591692156603264093e+09
1.591692157002482891e+09
1.591692163306767941e+09
1.591692163796587944e+09
1.591692164195689917e+09
1.591692164593871117e+09
1.591692165134104013e+09
1.591692165480106115e+09
1.591692165792356968e+09
1.591692166193018913e+09
1.591692166594382048e+09
1.591692166993871927e+09
1.591692167390031099e+09
1.591692167791099072e+09
1.591692168193103075e+09
1.591692174493936062e+09
1.591692174998446941e+09
1.591692175498116970e+09
1.591692175819111109e+09
1.591692176184303045e+09
1.591692176578783035e+09
1.591692176980340958e+09
1.591692177377409935e+09
1.591692177779412985e+09
1.591692178178133965e+09
1.591692178577311039e+09
1.591692178977863073e+09
1.591692179378262043e+09
1.591692186081644058e+09
1.591692186568300009e+09
1.591692186968286991e+09
1.591692187366252899e+09
1.591692187770586967e+09
1.591692188167150021e+09
1.591692188570174932e+09
1.591692188966353893e+09
1.591692189367018938e+09
1.591692189770512104e+09
1.591692190166090965e+09
1.591692196865302086e+09
1.591692197356477022e+09
1.591692197757297039e+09
1.591692198158274889e+09
1.591692198558242083e+09
1.591692198955935955e+09
1.591692199353538990e+09
1.591692199755553007e+09
1.591692200152565002e+09
1.591692200557379007e+09
1.591692201093364000e+09
1.591692201402537107e+09
1.591692207653892994e+09
1.591692208144720078e+09
1.591692208545347929e+09
1.591692208945317030e+09
1.591692209341938019e+09
1.591692209740173101e+09
1.591692210145704031e+09
1.591692210544361115e+09
1.591692210941590071e+09
1.591692211343141079e+09
1.591692211738755941e+09
1.591692212142570972e+09
1.591692212540117979e+09
1.591692225635725021e+09
1.591692226125860929e+09
1.591692226665102005e+09
1.591692226985133886e+09
1.591692227328948975e+09
1.591692227724782944e+09
1.591692228124070883e+09
1.591692228525645971e+09
1.591692228927522898e+09
1.591692229329057932e+09
1.591692229722989082e+09
1.591692230123317957e+09
1.591692236423912048e+09
1.591692236978256941e+09
1.591692237308459044e+09
1.591692237711103916e+09
1.591692238108825922e+09
1.591692238512440920e+09
1.591692238911623955e+09
1.591692239308806896e+09
1.591692239708714008e+09
1.591692240111316919e+09
1.591692240507719994e+09
1.591692240907339096e+09
1.591692241306932926e+09
1.591692247609679937e+09
1.591692248104887009e+09
1.591692248505448103e+09
1.591692248902457952e+09
1.591692249303913116e+09
1.591692249701745033e+09
1.591692250101947069e+09
1.591692250498662949e+09
1.591692250896724939e+09
1.591692251298713923e+09
1.591692251696712971e+09
1.591692252238383055e+09
1.591692252565424919e+09
1.591692259196268082e+09
1.591692259690275908e+09
1.591692260087183952e+09
1.591692260489231110e+09
1.591692260888896942e+09
1.591692261287497997e+09
1.591692261682127953e+09
1.591692262086355925e+09
1.591692262477458954e+09
1.591692262885947943e+09
1.591692263284651041e+09
1.591692263681801081e+09
1.591692270381795883e+09
1.591692270873775005e+09
1.591692271271754980e+09
1.591692271672178984e+09
1.591692272074719906e+09
1.591692272480900049e+09
1.591692272870687962e+09
1.591692273273035049e+09
1.591692273672911882e+09
1.591692274077083111e+09
1.591692274469103098e+09
1.591692274872992039e+09
1.591692281570825100e+09
1.591692282068783998e+09
1.591692282467768908e+09
1.591692282868598938e+09
1.591692283268690109e+09
1.591692283668095112e+09
1.591692284065880060e+09
1.591692284464494944e+09
1.591692284866153002e+09
1.591692285269031048e+09
1.591692285667682886e+09
1.591692286145030975e+09
1.591692292759140015e+09
1.591692293258033991e+09
1.591692293655527115e+09
1.591692294054462910e+09
1.591692294455414057e+09
1.591692294857369900e+09
1.591692295254159927e+09
1.591692295656420946e+09
1.591692296122191906e+09
1.591692296496045113e+09
1.591692296851677895e+09
1.591692297252983093e+09
1.591692303544024944e+09
1.591692304038821936e+09
1.591692304438024998e+09
1.591692304837932110e+09
1.591692305238670111e+09
1.591692305636373043e+09
1.591692306036878109e+09
1.591692306578999043e+09
1.591692306912971973e+09
1.591692307251064062e+09
1.591692307636482000e+09
1.591692308033858061e+09
1.591692308436058998e+09
1.591692315130718946e+09
1.591692315632555962e+09
1.591692316028856039e+09
1.591692316572499990e+09
1.591692316911108971e+09
1.591692317241843939e+09
1.591692317628362894e+09
1.591692318023072958e+09
1.591692318424936056e+09
1.591692318826886892e+09
1.591692319227093935e+09
1.591692319628036022e+09
1.591692326317569971e+09
1.591692326932332993e+09
1.591692327270427942e+09
1.591692327618200064e+09
1.591692328017739058e+09
1.591692328418577909e+09
1.591692328820802927e+09
1.591692329218806982e+09
1.591692329617605925e+09
1.591692330020433903e+09
1.591692330416258097e+09
1.591692330817137957e+09
1.591692337103970051e+09
1.591692337599473953e+09
1.591692338001696110e+09
1.591692338397301912e+09
1.591692338799810886e+09
1.591692339200264931e+09
1.591692339601308107e+09
1.591692339999308109e+09
1.591692340397532940e+09
1.591692340809904099e+09
1.591692341199733973e+09
1.591692341602737904e+09
1.591692342002526999e+09
1.591692348696037054e+09
1.591692349192672968e+09
1.591692349589956999e+09
1.591692349988198042e+09
1.591692350389527082e+09
1.591692350788692951e+09
1.591692351189563990e+09
1.591692351586915970e+09
1.591692352129609108e+09
1.591692352508181095e+09
1.591692352851020098e+09
1.591692353185518026e+09
1.591692359881829023e+09
1.591692360382361889e+09
1.591692360784483910e+09
1.591692361183696032e+09
1.591692361583285093e+09
1.591692361981614113e+09
1.591692362387345076e+09
1.591692362779936075e+09
1.591692363181592941e+09
1.591692363581626892e+09
1.591692363978538036e+09
1.591692364380208969e+09
1.591692371068186998e+09
1.591692371567749977e+09
1.591692371965827942e+09
1.591692372428239107e+09
1.591692372774410009e+09
1.591692373164768934e+09
1.591692373562441111e+09
1.591692373962819099e+09
1.591692374360934019e+09
1.591692374765062094e+09
1.591692375161931992e+09
1.591692375574368000e+09
1.591692381856689930e+09
1.591692382354382038e+09
1.591692382895140886e+09
1.591692383238984108e+09
1.591692383586050987e+09
1.591692383954962015e+09
1.591692384356859922e+09
1.591692384757903099e+09
1.591692385153183937e+09
1.591692385556890965e+09
1.591692385958237886e+09
1.591692386356183052e+09
1.591692386755650043e+09
1.591692393440881014e+09
1.591692393942094088e+09
1.591692394341578960e+09
1.591692394735419989e+09
1.591692395137680054e+09
1.591692395537746906e+09
1.591692395939899921e+09
1.591692396338882923e+09
1.591692396736267090e+09
1.591692397138586044e+09
1.591692397538588047e+09
1.591692397937441111e+09
1.591692404629889011e+09
1.591692405231580019e+09
1.591692405581789017e+09
1.591692405933573961e+09
1.591692406331240892e+09
1.591692406728825092e+09
1.591692407131217003e+09
1.591692407525664091e+09
1.591692407926805973e+09
1.591692408468343019e+09
1.591692408819793940e+09
1.591692409168476105e+09
