1.591712411633146048e+09
1.591712411833671093e+09
1.591712412034965992e+09
1.591712412233546972e+09
1.591712412433321953e+09
1.591712412634499073e+09
1.591712412834794044e+09
1.591712413034646988e+09
1.591712413230137110e+09
1.591712413434303999e+09
1.591712413634538889e+09
1.591712413834618092e+09
1.591712414032542944e+09
1.591712414232528925e+09
1.591712414432527065e+09
1.591712414632580996e+09
1.591712414832611084e+09
1.591712415035016060e+09
1.591712415232541084e+09
1.591712415434513092e+09
1.591712415633364916e+09
1.591712415834534883e+09
1.591712416033087015e+09
1.591712416233473063e+09
1.591712416433386087e+09
1.591712416633357048e+09
1.591712416831542969e+09
1.591712417033507109e+09
1.591712417231451035e+09
1.591712417431422949e+09
1.591712417633831024e+09
1.591712417833873034e+09
1.591712418033557892e+09
1.591712418390968084e+09
1.591712418462126017e+09
1.591712418632253885e+09
1.591712418831701994e+09
1.591712419031848907e+09
1.591712419231851101e+09
1.591712419431780100e+09
1.591712419630760908e+09
1.591712419829875946e+09
1.591712420030842066e+09
1.591712420232023001e+09
1.591712420429981947e+09
1.591712420631782055e+09
1.591712420831355095e+09
1.591712421033140898e+09
1.591712421232368946e+09
1.591712421429968119e+09
1.591712421632242918e+09
1.591712421832915068e+09
1.591712422030489922e+09
1.591712422230401039e+09
1.591712422432141066e+09
1.591712422632766962e+09
1.591712422830604076e+09
1.591712423029052973e+09
1.591712423228548050e+09
1.591712423430809021e+09
1.591712423629479885e+09
1.591712423831041098e+09
1.591712424030210018e+09
1.591712424230007887e+09
1.591712424427525043e+09
1.591712424629807949e+09
1.591712424827370882e+09
1.591712425032638073e+09
1.591712425230654001e+09
1.591712425427198887e+09
1.591712425629436016e+09
1.591712425829581022e+09
1.591712426030127048e+09
1.591712426231690884e+09
1.591712426429382086e+09
1.591712426630255938e+09
1.591712426827419043e+09
1.591712427027805090e+09
1.591712427227360010e+09
1.591712427430597067e+09
1.591712427628365040e+09
1.591712427832097054e+09
1.591712428027097940e+09
1.591712428230088949e+09
1.591712428427898884e+09
1.591712428630078077e+09
1.591712428828118086e+09
1.591712429027968884e+09
1.591712429230365992e+09
1.591712429430440903e+09
1.591712429629579067e+09
1.591712429828424931e+09
1.591712430028969049e+09
1.591712430228689909e+09
1.591712430429130077e+09
1.591712430628587008e+09
1.591712430828998089e+09
1.591712431026299000e+09
1.591712431226491928e+09
1.591712431426573038e+09
1.591712431627001047e+09
1.591712431826760054e+09
1.591712432028872967e+09
1.591712432226612091e+09
1.591712432426717043e+09
1.591712432628870964e+09
1.591712432827032089e+09
1.591712433025185108e+09
1.591712433226000071e+09
1.591712433429271936e+09
1.591712433627430916e+09
1.591712433828026056e+09
1.591712434027159929e+09
1.591712434225028992e+09
1.591712434425720930e+09
1.591712434627259970e+09
1.591712434827498913e+09
1.591712435027381897e+09
1.591712435225240946e+09
1.591712435427443027e+09
1.591712435627403975e+09
1.591712435825391054e+09
1.591712436025537968e+09
1.591712436227325916e+09
1.591712436427225113e+09
1.591712436625699043e+09
1.591712436825684071e+09
1.591712437023686886e+09
1.591712437223665953e+09
1.591712437423738956e+09
1.591712437626027107e+09
1.591712437825898886e+09
1.591712438186439037e+09
1.591712438284678936e+09
1.591712438429056883e+09
1.591712438626189947e+09
1.591712438824203014e+09
1.591712439026215076e+09
1.591712439224107981e+09
1.591712439424488068e+09
1.591712439625953913e+09
1.591712439824342012e+09
1.591712440024408102e+09
1.591712440224272966e+09
1.591712440422142029e+09
1.591712440624263048e+09
1.591712440822784901e+09
1.591712441022517920e+09
1.591712441222368002e+09
1.591712441424582005e+09
1.591712441622519016e+09
1.591712441825320959e+09
1.591712442024707079e+09
1.591712442224659920e+09
1.591712442425199986e+09
1.591712442625549078e+09
1.591712442825382948e+09
1.591712443171039104e+09
1.591712443271423101e+09
1.591712443417330027e+09
1.591712443623452902e+09
1.591712443823235035e+09
1.591712444021168947e+09
1.591712444224078894e+09
1.591712444421135902e+09
1.591712444621598005e+09
1.591712444823647976e+09
1.591712445021256924e+09
1.591712445226587057e+09
1.591712445421574116e+09
1.591712445621787071e+09
1.591712445823997974e+09
1.591712446023627996e+09
1.591712446227032900e+09
1.591712446422374964e+09
1.591712446621876955e+09
1.591712446826054096e+09
1.591712447022363901e+09
1.591712447220086098e+09
1.591712447423429012e+09
1.591712447623225927e+09
1.591712447822350025e+09
1.591712448022433996e+09
1.591712448364365101e+09
1.591712448454575062e+09
1.591712448622441053e+09
1.591712448822105885e+09
1.591712449022886992e+09
1.591712449223474026e+09
1.591712449420335054e+09
1.591712449622515917e+09
1.591712449822803974e+09
1.591712450020680904e+09
1.591712450223020077e+09
1.591712450421964884e+09
1.591712450620495081e+09
1.591712450818255901e+09
1.591712451018193960e+09
1.591712451219679117e+09
1.591712451420948029e+09
1.591712451618521929e+09
1.591712451818768978e+09
1.591712452018716097e+09
1.591712452221765041e+09
1.591712452419066906e+09
1.591712452619062901e+09
1.591712452821023941e+09
1.591712453018790960e+09
1.591712453218199968e+09
1.591712453420162916e+09
1.591712453617444992e+09
1.591712453818928003e+09
1.591712454021372080e+09
1.591712454216444016e+09
1.591712454416932106e+09
1.591712454618694067e+09
1.591712454819848061e+09
1.591712455020205975e+09
1.591712455216072083e+09
1.591712455417429924e+09
1.591712455619009972e+09
1.591712455820425034e+09
1.591712456019666910e+09
1.591712456217240095e+09
1.591712456416786909e+09
1.591712456615689039e+09
1.591712456819641113e+09
1.591712457018460035e+09
1.591712457220026970e+09
1.591712457420214891e+09
1.591712457618953943e+09
1.591712457817816973e+09
1.591712458016242027e+09
1.591712458217087984e+09
1.591712458416245937e+09
1.591712458618931055e+09
1.591712458818594933e+09
1.591712459019227982e+09
1.591712459217902899e+09
1.591712459419008017e+09
1.591712459616805077e+09
1.591712459816225052e+09
1.591712460021174908e+09
1.591712460213845015e+09
1.591712460418600082e+09
1.591712460615905046e+09
1.591712460817112923e+09
1.591712461019208908e+09
1.591712461217078924e+09
1.591712461417249918e+09
1.591712461617425919e+09
1.591712461817173958e+09
1.591712462014904022e+09
1.591712462215159893e+09
1.591712462417012930e+09
1.591712462614562988e+09
1.591712462816524029e+09
1.591712463014399052e+09
1.591712463216847897e+09
1.591712463416568995e+09
1.591712463614975929e+09
1.591712463815013885e+09
1.591712464015212059e+09
1.591712464215017080e+09
1.591712464415072918e+09
1.591712464612994909e+09
1.591712464812870026e+09
1.591712465013473034e+09
1.591712465215327978e+09
1.591712465413233995e+09
1.591712465615499020e+09
1.591712465814054966e+09
1.591712466015996933e+09
1.591712466215822935e+09
1.591712466415855885e+09
1.591712466615585089e+09
1.591712466814426899e+09
1.591712467015320063e+09
1.591712467215866089e+09
1.591712467413431883e+09
1.591712467613527060e+09
1.591712467813940048e+09
1.591712468013559103e+09
1.591712468369736910e+09
1.591712468477440119e+09
1.591712468629838943e+09
1.591712468812227964e+09
1.591712469014014006e+09
1.591712469211990118e+09
1.591712469414124966e+09
1.591712469614675999e+09
1.591712469812972069e+09
1.591712470013998985e+09
1.591712470214080095e+09
1.591712470414100885e+09
1.591712470614691019e+09
1.591712470815500975e+09
1.591712471012397051e+09
1.591712471213795900e+09
1.591712471412622929e+09
