1.591769862293730021e+09
1.591769862496628046e+09
1.591769862697107077e+09
1.591769862894608021e+09
1.591769863094867945e+09
1.591769863297209024e+09
1.591769863496721983e+09
1.591769863692167044e+09
1.591769863896472931e+09
1.591769864097980976e+09
1.591769864293725014e+09
1.591769864493638992e+09
1.591769864696211100e+09
1.591769864893801928e+09
1.591769865093630075e+09
1.591769865294670105e+09
1.591769865493166924e+09
1.591769865695029974e+09
1.591769865894841909e+09
1.591769866093244076e+09
1.591769866295511961e+09
1.591769866495080948e+09
1.591769866692933083e+09
1.591769866894615889e+09
1.591769867095251083e+09
1.591769867296768904e+09
1.591769867495317936e+09
1.591769867695036888e+09
1.591769867895162106e+09
1.591769868094594955e+09
1.591769868294627905e+09
1.591769868493897915e+09
1.591769868689548016e+09
1.591769868891835928e+09
1.591769869094357967e+09
1.591769869291980982e+09
1.591769869494852066e+09
1.591769869691369057e+09
1.591769869891412973e+09
1.591769870093336105e+09
1.591769870291520119e+09
1.591769870493427992e+09
1.591769870692102909e+09
1.591769870892303944e+09
1.591769871091824055e+09
1.591769871291661978e+09
1.591769871491600990e+09
1.591769871689541101e+09
1.591769871889691114e+09
1.591769872091784954e+09
1.591769872289781094e+09
1.591769872489695072e+09
1.591769872692178965e+09
1.591769872892390013e+09
1.591769873090399981e+09
1.591769873292634010e+09
1.591769873491518021e+09
1.591769873690901995e+09
1.591769873889976025e+09
1.591769874092062950e+09
1.591769874291397095e+09
1.591769874490817070e+09
1.591769874689568043e+09
1.591769874888209105e+09
1.591769875091806889e+09
1.591769875291079998e+09
1.591769875489887953e+09
1.591769875691411018e+09
1.591769875890347004e+09
1.591769876090431929e+09
1.591769876290493011e+09
1.591769876490442038e+09
1.591769876691193104e+09
1.591769876890588999e+09
1.591769877088599920e+09
1.591769877289973974e+09
1.591769877490151882e+09
1.591769877689627886e+09
1.591769877888653040e+09
1.591769878088861942e+09
1.591769878288885117e+09
1.591769878486780882e+09
1.591769878689829111e+09
1.591769878889086962e+09
1.591769879088936090e+09
1.591769879283324003e+09
1.591769879488749027e+09
1.591769879686887026e+09
1.591769879887212992e+09
1.591769880086816072e+09
1.591769880286911964e+09
1.591769880487171888e+09
1.591769880687122107e+09
1.591769880885209084e+09
1.591769881087094069e+09
1.591769881287518978e+09
1.591769881486558914e+09
1.591769881686018944e+09
1.591769881887671947e+09
1.591769882087476015e+09
1.591769882285916090e+09
1.591769882487459898e+09
1.591769882685475111e+09
1.591769882887717962e+09
1.591769883087688923e+09
1.591769883287669897e+09
1.591769883487420082e+09
1.591769883687427998e+09
1.591769883886043072e+09
1.591769884086433887e+09
1.591769884423594952e+09
1.591769884501012087e+09
1.591769884686441898e+09
1.591769884886039019e+09
1.591769885086410999e+09
1.591769885286489964e+09
1.591769885486120939e+09
1.591769885686093092e+09
1.591769885886385918e+09
1.591769886086163998e+09
1.591769886285832882e+09
1.591769886485551119e+09
1.591769886685889959e+09
1.591769886884730101e+09
1.591769887084697962e+09
1.591769887284591913e+09
1.591769887485397100e+09
1.591769887682291985e+09
1.591769887884497881e+09
1.591769888084773064e+09
1.591769888286365986e+09
1.591769888484838963e+09
1.591769888684370041e+09
1.591769888882493973e+09
1.591769889082915068e+09
1.591769889420712948e+09
1.591769889508090973e+09
1.591769889684850931e+09
1.591769889882647991e+09
1.591769890082603931e+09
1.591769890275165081e+09
1.591769890482584000e+09
1.591769890680273056e+09
1.591769890880284071e+09
1.591769891082601070e+09
1.591769891280875921e+09
1.591769891483294010e+09
1.591769891685425997e+09
1.591769891881942987e+09
1.591769892081198931e+09
1.591769892280631065e+09
1.591769892483058929e+09
1.591769892684887886e+09
1.591769892880984068e+09
1.591769893081389904e+09
1.591769893281265974e+09
1.591769893479780912e+09
1.591769893702132940e+09
1.591769893882721901e+09
1.591769894080013037e+09
1.591769894284126043e+09
1.591769894480153084e+09
1.591769894683785915e+09
1.591769894882917881e+09
1.591769895082318068e+09
1.591769895283803940e+09
1.591769895479883909e+09
1.591769895681606054e+09
1.591769895881871939e+09
1.591769896081075907e+09
1.591769896280005932e+09
1.591769896480261087e+09
1.591769896677520990e+09
1.591769896877454042e+09
1.591769897077344894e+09
1.591769897278119087e+09
1.591769897478251934e+09
1.591769897679905891e+09
1.591769897878154039e+09
1.591769898080193996e+09
1.591769898281023979e+09
1.591769898480257034e+09
1.591769898678039074e+09
1.591769898879551888e+09
1.591769899078396082e+09
1.591769899396759987e+09
1.591769899503195047e+09
1.591769899676532030e+09
1.591769899877974987e+09
1.591769900076555967e+09
1.591769900279088974e+09
1.591769900478435993e+09
1.591769900678411961e+09
1.591769900878633976e+09
1.591769901078730106e+09
1.591769901276532888e+09
1.591769901476332903e+09
1.591769901676040888e+09
1.591769901878530979e+09
1.591769902077286959e+09
1.591769902278369904e+09
1.591769902476888895e+09
1.591769902676672935e+09
1.591769902875204086e+09
1.591769903077183962e+09
1.591769903276022911e+09
1.591769903477024078e+09
1.591769903675925970e+09
1.591769903877017021e+09
1.591769904078103065e+09
1.591769904382561922e+09
1.591769904480819941e+09
1.591769904676433086e+09
1.591769904877361059e+09
1.591769905077759981e+09
1.591769905276823044e+09
1.591769905476949930e+09
1.591769905674793959e+09
1.591769905873640060e+09
1.591769906073421955e+09
1.591769906274560928e+09
1.591769906476191998e+09
1.591769906674025059e+09
1.591769906873738050e+09
1.591769907076179028e+09
1.591769907276128054e+09
1.591769907474374056e+09
1.591769907674288034e+09
1.591769907875848055e+09
1.591769908074419022e+09
1.591769908273869991e+09
1.591769908474409103e+09
1.591769908674891949e+09
1.591769908874320984e+09
1.591769909074522018e+09
1.591769909274662971e+09
1.591769909472801924e+09
1.591769909674643040e+09
1.591769909872869015e+09
1.591769910072329998e+09
1.591769910274724007e+09
1.591769910474287033e+09
1.591769910674544096e+09
1.591769910871540070e+09
1.591769911072933912e+09
1.591769911272910118e+09
1.591769911471061945e+09
1.591769911673846006e+09
1.591769911870747089e+09
1.591769912070487022e+09
1.591769912273329973e+09
1.591769912470551968e+09
1.591769912672573090e+09
1.591769912873631001e+09
1.591769913070705891e+09
1.591769913273636103e+09
1.591769913472531080e+09
1.591769913672843933e+09
1.591769913873616934e+09
1.591769914073159933e+09
1.591769914272634983e+09
1.591769914468843937e+09
1.591769914670808077e+09
1.591769914871279955e+09
1.591769915070679903e+09
1.591769915271178007e+09
1.591769915471252918e+09
1.591769915672090054e+09
1.591769915869398117e+09
1.591769916071422100e+09
1.591769916271681070e+09
1.591769916469141006e+09
1.591769916671293020e+09
1.591769916870889902e+09
1.591769917071372032e+09
1.591769917271965027e+09
1.591769917470824957e+09
1.591769917671523094e+09
1.591769917870687962e+09
1.591769918071367979e+09
1.591769918269355059e+09
1.591769918469857931e+09
1.591769918667188883e+09
1.591769918868206978e+09
1.591769919067183018e+09
1.591769919269753933e+09
1.591769919608263016e+09
1.591769919728810072e+09
1.591769919877870083e+09
1.591769920070308924e+09
1.591769920268584967e+09
1.591769920467969894e+09
1.591769920667649031e+09
1.591769920869817019e+09
1.591769921069854021e+09
1.591769921268472910e+09
1.591769921468664885e+09
1.591769921668376923e+09
1.591769921869503975e+09
1.591769922065118074e+09
