4.902000000000000135e+00
4.902000000000000135e+00
4.902000000000000135e+00
4.902000000000000135e+00
4.902000000000000135e+00
4.902999999999999581e+00
4.902999999999999581e+00
4.903999999999999915e+00
4.929000000000000270e+00
4.929000000000000270e+00
4.929000000000000270e+00
4.929000000000000270e+00
4.929000000000000270e+00
4.929000000000000270e+00
4.929000000000000270e+00
4.929000000000000270e+00
4.929000000000000270e+00
4.929000000000000270e+00
4.929000000000000270e+00
4.929000000000000270e+00
4.929000000000000270e+00
4.929000000000000270e+00
4.929000000000000270e+00
4.929000000000000270e+00
4.929000000000000270e+00
4.929000000000000270e+00
4.929000000000000270e+00
4.929000000000000270e+00
4.929000000000000270e+00
4.929000000000000270e+00
4.929000000000000270e+00
4.929000000000000270e+00
4.929000000000000270e+00
4.929000000000000270e+00
4.929000000000000270e+00
4.929000000000000270e+00
4.929000000000000270e+00
4.929000000000000270e+00
4.929999999999999716e+00
4.929999999999999716e+00
4.929999999999999716e+00
4.929999999999999716e+00
4.929999999999999716e+00
4.929999999999999716e+00
4.929999999999999716e+00
4.929999999999999716e+00
4.929999999999999716e+00
4.929999999999999716e+00
4.929999999999999716e+00
4.929999999999999716e+00
4.929999999999999716e+00
4.929999999999999716e+00
4.929999999999999716e+00
4.929999999999999716e+00
4.929999999999999716e+00
4.929999999999999716e+00
4.929999999999999716e+00
4.931000000000000050e+00
4.931000000000000050e+00
4.931000000000000050e+00
4.932000000000000384e+00
4.956999999999999851e+00
4.956999999999999851e+00
4.956999999999999851e+00
4.958000000000000185e+00
4.958000000000000185e+00
4.958000000000000185e+00
4.958000000000000185e+00
4.958000000000000185e+00
4.958000000000000185e+00
4.958000000000000185e+00
4.958000000000000185e+00
4.958000000000000185e+00
4.958000000000000185e+00
4.958000000000000185e+00
4.958000000000000185e+00
4.958000000000000185e+00
4.956999999999999851e+00
4.956999999999999851e+00
4.956999999999999851e+00
4.956999999999999851e+00
4.956999999999999851e+00
4.956999999999999851e+00
4.956999999999999851e+00
4.956999999999999851e+00
4.956999999999999851e+00
4.956999999999999851e+00
4.956999999999999851e+00
4.956999999999999851e+00
4.956999999999999851e+00
4.956999999999999851e+00
4.956999999999999851e+00
4.956999999999999851e+00
4.956999999999999851e+00
4.956999999999999851e+00
4.956999999999999851e+00
4.956999999999999851e+00
4.956999999999999851e+00
4.956999999999999851e+00
4.956999999999999851e+00
4.956999999999999851e+00
4.956999999999999851e+00
4.956999999999999851e+00
4.956999999999999851e+00
4.956000000000000405e+00
4.956000000000000405e+00
4.956000000000000405e+00
4.956000000000000405e+00
4.956000000000000405e+00
4.956000000000000405e+00
4.956000000000000405e+00
4.956000000000000405e+00
4.956000000000000405e+00
4.956000000000000405e+00
4.956000000000000405e+00
4.956000000000000405e+00
4.956000000000000405e+00
4.956000000000000405e+00
4.956000000000000405e+00
4.956000000000000405e+00
4.956000000000000405e+00
4.956000000000000405e+00
4.956000000000000405e+00
4.956000000000000405e+00
4.956000000000000405e+00
4.956000000000000405e+00
4.956999999999999851e+00
4.956999999999999851e+00
4.956999999999999851e+00
4.956999999999999851e+00
4.990000000000000213e+00
4.982999999999999652e+00
4.982999999999999652e+00
4.982000000000000206e+00
4.982999999999999652e+00
4.983999999999999986e+00
4.985999999999999766e+00
4.988000000000000433e+00
4.988000000000000433e+00
4.988999999999999879e+00
4.988999999999999879e+00
4.988999999999999879e+00
4.988999999999999879e+00
4.988999999999999879e+00
4.988999999999999879e+00
4.988000000000000433e+00
4.988000000000000433e+00
4.987000000000000099e+00
4.985999999999999766e+00
4.985999999999999766e+00
4.985000000000000320e+00
4.983999999999999986e+00
4.982999999999999652e+00
4.982000000000000206e+00
4.982000000000000206e+00
4.980999999999999872e+00
4.980999999999999872e+00
4.980000000000000426e+00
4.980000000000000426e+00
4.980000000000000426e+00
4.979000000000000092e+00
4.979000000000000092e+00
4.979000000000000092e+00
4.979000000000000092e+00
4.979000000000000092e+00
4.979000000000000092e+00
4.979000000000000092e+00
4.979000000000000092e+00
4.979000000000000092e+00
4.979000000000000092e+00
4.979000000000000092e+00
4.979000000000000092e+00
4.979000000000000092e+00
4.980000000000000426e+00
4.980000000000000426e+00
5.012999999999999901e+00
5.012999999999999901e+00
5.012999999999999901e+00
5.011999999999999567e+00
5.011999999999999567e+00
5.011999999999999567e+00
5.011999999999999567e+00
5.011999999999999567e+00
5.011999999999999567e+00
5.011999999999999567e+00
5.011999999999999567e+00
5.011999999999999567e+00
5.011999999999999567e+00
5.011999999999999567e+00
5.011999999999999567e+00
5.011999999999999567e+00
5.011999999999999567e+00
5.011999999999999567e+00
5.011999999999999567e+00
5.011999999999999567e+00
5.011999999999999567e+00
5.011999999999999567e+00
5.011999999999999567e+00
5.011999999999999567e+00
5.012999999999999901e+00
5.012999999999999901e+00
5.012999999999999901e+00
5.012999999999999901e+00
5.012999999999999901e+00
5.012999999999999901e+00
5.012999999999999901e+00
5.012999999999999901e+00
5.012999999999999901e+00
5.012999999999999901e+00
5.012999999999999901e+00
5.011999999999999567e+00
5.011999999999999567e+00
5.011999999999999567e+00
5.011999999999999567e+00
5.011999999999999567e+00
5.011999999999999567e+00
5.011999999999999567e+00
5.011999999999999567e+00
5.011999999999999567e+00
5.011999999999999567e+00
5.011999999999999567e+00
5.011999999999999567e+00
5.012999999999999901e+00
5.012999999999999901e+00
5.041000000000000369e+00
5.041000000000000369e+00
5.041000000000000369e+00
5.041999999999999815e+00
5.041999999999999815e+00
5.041999999999999815e+00
5.041999999999999815e+00
5.041000000000000369e+00
5.041000000000000369e+00
5.040000000000000036e+00
5.040000000000000036e+00
5.040000000000000036e+00
5.040000000000000036e+00
5.040000000000000036e+00
5.038999999999999702e+00
5.038999999999999702e+00
5.038999999999999702e+00
5.038999999999999702e+00
5.038999999999999702e+00
5.038999999999999702e+00
5.038999999999999702e+00
5.038999999999999702e+00
5.038999999999999702e+00
5.040000000000000036e+00
5.040000000000000036e+00
5.040000000000000036e+00
5.040000000000000036e+00
5.040000000000000036e+00
5.040000000000000036e+00
5.040000000000000036e+00
5.040000000000000036e+00
5.040000000000000036e+00
5.040000000000000036e+00
5.040000000000000036e+00
5.040000000000000036e+00
5.040000000000000036e+00
5.040000000000000036e+00
5.040000000000000036e+00
5.040000000000000036e+00
5.040000000000000036e+00
5.040000000000000036e+00
5.040000000000000036e+00
5.040000000000000036e+00
5.040000000000000036e+00
5.040000000000000036e+00
5.040000000000000036e+00
5.040000000000000036e+00
5.040000000000000036e+00
5.040000000000000036e+00
5.041000000000000369e+00
5.041000000000000369e+00
5.041000000000000369e+00
5.041000000000000369e+00
5.041000000000000369e+00
5.041000000000000369e+00
5.041000000000000369e+00
5.041000000000000369e+00
5.041000000000000369e+00
5.041000000000000369e+00
5.041000000000000369e+00
5.041000000000000369e+00
5.041000000000000369e+00
5.041000000000000369e+00
5.041000000000000369e+00
5.041999999999999815e+00
5.041999999999999815e+00
5.070000000000000284e+00
5.070000000000000284e+00
5.070000000000000284e+00
5.070000000000000284e+00
5.070000000000000284e+00
5.070000000000000284e+00
5.070000000000000284e+00
5.070000000000000284e+00
5.070000000000000284e+00
5.070000000000000284e+00
