1.591770011103888988e+09
1.591770011305583000e+09
1.591770011508364916e+09
1.591770011705318928e+09
1.591770011905761957e+09
1.591770012106451035e+09
1.591770012306188107e+09
1.591770012505439043e+09
1.591770012705986977e+09
1.591770012907124996e+09
1.591770013104769945e+09
1.591770013304932117e+09
1.591770013506283045e+09
1.591770013705805063e+09
1.591770013997538090e+09
1.591770014106192112e+09
1.591770014306138039e+09
1.591770014506055117e+09
1.591770014704035997e+09
1.591770014904175043e+09
1.591770015104558945e+09
1.591770015304039001e+09
1.591770015504097939e+09
1.591770015704514980e+09
1.591770015905015945e+09
1.591770016104330063e+09
1.591770016302681923e+09
1.591770016504087925e+09
1.591770016704144955e+09
1.591770016902875900e+09
1.591770017105094910e+09
1.591770017304822922e+09
1.591770017502592087e+09
1.591770017704813957e+09
1.591770017902353048e+09
1.591770018102360010e+09
1.591770018302798986e+09
1.591770018505017996e+09
1.591770018704982996e+09
1.591770018898299932e+09
1.591770019102901936e+09
1.591770019303179026e+09
1.591770019501439095e+09
1.591770019701267004e+09
1.591770019903048992e+09
1.591770020101332903e+09
1.591770020301177979e+09
1.591770020501523018e+09
1.591770020701139927e+09
1.591770020901505947e+09
1.591770021103168011e+09
1.591770021301703930e+09
1.591770021501267910e+09
1.591770021703636885e+09
1.591770021903537035e+09
1.591770022101381063e+09
1.591770022301243067e+09
1.591770022501504898e+09
1.591770022701236963e+09
1.591770022901758909e+09
1.591770023101474047e+09
1.591770023299758911e+09
1.591770023501446009e+09
1.591770023699718952e+09
1.591770024041116953e+09
1.591770024125865936e+09
1.591770024299896955e+09
1.591770024501713037e+09
1.591770024700422049e+09
1.591770024899748087e+09
1.591770025103950024e+09
1.591770025299339056e+09
1.591770025500330925e+09
1.591770025699702024e+09
1.591770025898058891e+09
1.591770026098341942e+09
1.591770026298487902e+09
1.591770026501164913e+09
1.591770026699328899e+09
1.591770026900826931e+09
1.591770027100466967e+09
1.591770027298751116e+09
1.591770027500585079e+09
1.591770027701425076e+09
1.591770027898390055e+09
1.591770028100872993e+09
1.591770028298420906e+09
1.591770028498925924e+09
1.591770028697999001e+09
1.591770028899451017e+09
1.591770029098596096e+09
1.591770029297168970e+09
1.591770029496810913e+09
1.591770029699215889e+09
1.591770029898741007e+09
1.591770030100364923e+09
1.591770030296396017e+09
1.591770030498795033e+09
1.591770030697307110e+09
1.591770030896894932e+09
1.591770031099005938e+09
1.591770031298980951e+09
1.591770031498131990e+09
1.591770031698077917e+09
1.591770031896745920e+09
1.591770032097112894e+09
1.591770032294905901e+09
1.591770032495213032e+09
1.591770032695729971e+09
1.591770032895325899e+09
1.591770033097275972e+09
1.591770033297965050e+09
1.591770033497266054e+09
1.591770033696352959e+09
1.591770034027519941e+09
1.591770034116250038e+09
1.591770034297652960e+09
1.591770034495312929e+09
1.591770034698966026e+09
1.591770034895979881e+09
1.591770035095405102e+09
1.591770035295167923e+09
1.591770035494364023e+09
1.591770035698187113e+09
1.591770035893793106e+09
1.591770036094681025e+09
1.591770036294202089e+09
1.591770036495912075e+09
1.591770036696119070e+09
1.591770036895940065e+09
1.591770037093780994e+09
1.591770037296278000e+09
1.591770037493943930e+09
1.591770037696475029e+09
1.591770037895751953e+09
1.591770038095726967e+09
1.591770038295365095e+09
1.591770038494512081e+09
1.591770038692076921e+09
1.591770038894572973e+09
1.591770039094348907e+09
1.591770039292853117e+09
1.591770039492398024e+09
1.591770039696679115e+09
1.591770039894712925e+09
1.591770040092710972e+09
1.591770040294132948e+09
1.591770040492645025e+09
1.591770040692656994e+09
1.591770040892635107e+09
1.591770041092585087e+09
1.591770041293862104e+09
1.591770041493932009e+09
1.591770041692116976e+09
1.591770041893635035e+09
1.591770042092850924e+09
1.591770042292944908e+09
1.591770042515441895e+09
1.591770042690965891e+09
1.591770042893500090e+09
1.591770043093414068e+09
1.591770043291481972e+09
1.591770043493387938e+09
1.591770043691343069e+09
1.591770044009041071e+09
1.591770044104181051e+09
1.591770044291240931e+09
1.591770044491125107e+09
1.591770044691382885e+09
1.591770044891406059e+09
1.591770045091365099e+09
1.591770045291626930e+09
1.591770045491746902e+09
1.591770045689321995e+09
1.591770045891606092e+09
1.591770046089299917e+09
1.591770046289969921e+09
1.591770046489573002e+09
1.591770046692111015e+09
1.591770046889794111e+09
1.591770047090035915e+09
1.591770047289746046e+09
1.591770047491138935e+09
1.591770047691230059e+09
1.591770047889517069e+09
1.591770048089651108e+09
1.591770048289772034e+09
1.591770048490274906e+09
1.591770048689809084e+09
1.591770048889863014e+09
1.591770049083493948e+09
1.591770049287770987e+09
1.591770049488046885e+09
1.591770049688206911e+09
1.591770049890208006e+09
1.591770050088012934e+09
1.591770050290616035e+09
1.591770050490737915e+09
1.591770050690237999e+09
1.591770050890292883e+09
1.591770051089844942e+09
1.591770051288753033e+09
1.591770051488575935e+09
1.591770051688052893e+09
1.591770051888952017e+09
1.591770052086776972e+09
1.591770052289788961e+09
1.591770052488703966e+09
1.591770052688591003e+09
1.591770052889183998e+09
1.591770053088828087e+09
1.591770053287786961e+09
1.591770053489048958e+09
1.591770053686986923e+09
1.591770053886125088e+09
1.591770054229912996e+09
1.591770054333606005e+09
1.591770054481409073e+09
1.591770054684959888e+09
1.591770054885376930e+09
1.591770055084758997e+09
1.591770055286823034e+09
1.591770055484749079e+09
1.591770055687061071e+09
1.591770055885170937e+09
1.591770056086304903e+09
1.591770056287611961e+09
1.591770056487679958e+09
1.591770056689043999e+09
1.591770056886075974e+09
1.591770057084497929e+09
1.591770057287929058e+09
1.591770057486644983e+09
1.591770057685524940e+09
1.591770057886993885e+09
1.591770058084470034e+09
1.591770058286176920e+09
1.591770058484155893e+09
1.591770058683640003e+09
1.591770058885236025e+09
1.591770059084604025e+09
1.591770059286355019e+09
1.591770059485663891e+09
1.591770059685470104e+09
1.591770059885530949e+09
1.591770060082988977e+09
1.591770060284019947e+09
1.591770060484649897e+09
1.591770060683098078e+09
1.591770060883954048e+09
1.591770061081748962e+09
1.591770061285412073e+09
1.591770061483539104e+09
1.591770061682569981e+09
1.591770061881903887e+09
1.591770062081829071e+09
1.591770062280896902e+09
1.591770062481894016e+09
1.591770062682286978e+09
1.591770062882698059e+09
1.591770063084631920e+09
1.591770063284497976e+09
1.591770063482158899e+09
1.591770063684094906e+09
1.591770063884516954e+09
1.591770064082998037e+09
1.591770064282015085e+09
1.591770064482388973e+09
1.591770064682210922e+09
1.591770064882273912e+09
1.591770065082180023e+09
1.591770065280155897e+09
1.591770065480215073e+09
1.591770065680346966e+09
1.591770065880073071e+09
1.591770066080229044e+09
1.591770066282169104e+09
1.591770066480735064e+09
1.591770066682488918e+09
1.591770066880227089e+09
1.591770067080504894e+09
1.591770067280944109e+09
1.591770067478454113e+09
1.591770067681343079e+09
1.591770067878700018e+09
1.591770068078412056e+09
1.591770068280540943e+09
1.591770068481172085e+09
1.591770068678719997e+09
1.591770068880579948e+09
1.591770069230978012e+09
1.591770069344840050e+09
1.591770069491422892e+09
1.591770069680366993e+09
1.591770069878679037e+09
1.591770070078885078e+09
1.591770070280317068e+09
1.591770070479258060e+09
1.591770070676568985e+09
1.591770070876389027e+09
