1.591770173905282021e+09
1.591770174103615999e+09
1.591770174304833889e+09
1.591770174502120972e+09
1.591770174701915026e+09
1.591770174904078960e+09
1.591770175102047920e+09
1.591770175302012920e+09
1.591770175502104044e+09
1.591770175703886032e+09
1.591770175902175903e+09
1.591770176102164030e+09
1.591770176301254988e+09
1.591770176502463102e+09
1.591770176702373028e+09
1.591770176899619102e+09
1.591770177102495909e+09
1.591770177302557945e+09
1.591770177502593994e+09
1.591770177702677011e+09
1.591770177902304888e+09
1.591770178102698088e+09
1.591770178300860882e+09
1.591770178500883102e+09
1.591770178702769041e+09
1.591770178901510000e+09
1.591770179098378897e+09
1.591770179302151918e+09
1.591770179501699924e+09
1.591770179702078104e+09
1.591770179899790049e+09
1.591770180102004051e+09
1.591770180301455021e+09
1.591770180500340939e+09
1.591770180699232101e+09
1.591770180899292946e+09
1.591770181099219084e+09
1.591770181300807953e+09
1.591770181498372078e+09
1.591770181699490070e+09
1.591770181895562887e+09
1.591770182098445892e+09
1.591770182301242113e+09
1.591770182499444008e+09
1.591770182700128078e+09
1.591770182899558067e+09
1.591770183099611998e+09
1.591770183297609091e+09
1.591770183497859001e+09
1.591770183698390007e+09
1.591770183899842978e+09
1.591770184099762917e+09
1.591770184299871922e+09
1.591770184499905109e+09
1.591770184700764894e+09
1.591770184899986982e+09
1.591770185097975969e+09
1.591770185300055027e+09
1.591770185500132084e+09
1.591770185699188948e+09
1.591770185898206949e+09
1.591770186098659992e+09
1.591770186298437119e+09
1.591770186498449087e+09
1.591770186699461937e+09
1.591770186895525932e+09
1.591770187098418951e+09
1.591770187296360970e+09
1.591770187496592045e+09
1.591770187697350979e+09
1.591770187896563053e+09
1.591770188096616983e+09
1.591770188296051025e+09
1.591770188496965885e+09
1.591770188700098038e+09
1.591770188899233103e+09
1.591770189097789049e+09
1.591770189299510956e+09
1.591770189495583057e+09
1.591770189695513964e+09
1.591770189897855043e+09
1.591770190095412016e+09
1.591770190298005104e+09
1.591770190495616913e+09
1.591770190696266890e+09
1.591770190895466089e+09
1.591770191097459078e+09
1.591770191297554970e+09
1.591770191495822906e+09
1.591770191697237015e+09
1.591770191897200108e+09
1.591770192097378016e+09
1.591770192297019005e+09
1.591770192495428085e+09
1.591770192695743084e+09
1.591770192895402908e+09
1.591770193093671083e+09
1.591770193295536995e+09
1.591770193493721008e+09
1.591770193693511963e+09
1.591770193896398067e+09
1.591770194093911886e+09
1.591770194297619104e+09
1.591770194494626045e+09
1.591770194695208073e+09
1.591770194896645069e+09
1.591770195096977949e+09
1.591770195296700954e+09
1.591770195495340109e+09
1.591770195694691896e+09
1.591770195897569895e+09
1.591770196094393969e+09
1.591770196294646025e+09
1.591770196494998932e+09
1.591770196694657087e+09
1.591770197027817965e+09
1.591770197113981962e+09
1.591770197294684887e+09
1.591770197495110035e+09
1.591770197693540096e+09
1.591770197895700932e+09
1.591770198091603994e+09
1.591770198295362949e+09
1.591770198492559910e+09
1.591770198692688942e+09
1.591770198896306992e+09
1.591770199095773935e+09
1.591770199292992115e+09
1.591770199490782976e+09
1.591770199690921068e+09
1.591770199890616894e+09
1.591770200090869904e+09
1.591770200292897940e+09
1.591770200490972996e+09
1.591770200693377972e+09
1.591770200893512011e+09
1.591770201091172934e+09
1.591770201291410923e+09
1.591770201493138075e+09
1.591770201690524101e+09
1.591770202019300938e+09
1.591770202116007090e+09
1.591770202289983034e+09
1.591770202491894007e+09
1.591770202691996098e+09
1.591770202889391899e+09
1.591770203092538118e+09
1.591770203291619062e+09
1.591770203492181063e+09
1.591770203691745043e+09
1.591770203892183065e+09
1.591770204091806889e+09
1.591770204291158915e+09
1.591770204489326954e+09
1.591770204693115950e+09
1.591770204889235020e+09
1.591770205092130899e+09
1.591770205311765909e+09
1.591770205491705894e+09
1.591770205690778017e+09
1.591770205890305042e+09
1.591770206089169979e+09
1.591770206291058064e+09
1.591770206488936901e+09
1.591770206690656900e+09
1.591770206891463041e+09
1.591770207088686943e+09
1.591770207288974047e+09
1.591770207491305113e+09
1.591770207691394091e+09
1.591770207891264915e+09
1.591770208091561079e+09
1.591770208289861917e+09
1.591770208491216898e+09
1.591770208688973904e+09
1.591770208889300108e+09
1.591770209089485884e+09
1.591770209288388014e+09
1.591770209487961054e+09
1.591770209686985970e+09
1.591770209888818026e+09
1.591770210086864948e+09
1.591770210289520979e+09
1.591770210484808922e+09
1.591770210686763048e+09
1.591770210888859987e+09
1.591770211086715937e+09
1.591770211291876078e+09
1.591770211489224911e+09
1.591770211687357903e+09
1.591770211888473988e+09
1.591770212082140923e+09
1.591770212288423061e+09
1.591770212487695932e+09
1.591770212685301065e+09
1.591770212887639999e+09
1.591770213085467100e+09
1.591770213288635015e+09
1.591770213487725019e+09
1.591770213685661077e+09
1.591770213885490894e+09
1.591770214087961912e+09
1.591770214288852930e+09
1.591770214488215923e+09
1.591770214685873985e+09
1.591770214886027098e+09
1.591770215085757971e+09
1.591770215288265944e+09
1.591770215485574007e+09
1.591770215686341047e+09
1.591770215885664940e+09
1.591770216086091042e+09
1.591770216284066916e+09
1.591770216484173059e+09
1.591770216683872938e+09
1.591770216886030912e+09
1.591770217226466894e+09
1.591770217324721098e+09
1.591770217479351997e+09
1.591770217683439016e+09
1.591770217885109901e+09
1.591770218084556103e+09
1.591770218284986019e+09
1.591770218487494946e+09
1.591770218683877945e+09
1.591770218882383108e+09
1.591770219085630894e+09
1.591770219282743931e+09
1.591770219483407974e+09
1.591770219682076931e+09
1.591770219884623051e+09
1.591770220083201885e+09
1.591770220285063028e+09
1.591770220483352900e+09
1.591770220682805061e+09
1.591770220886454105e+09
1.591770221085346937e+09
1.591770221284712076e+09
1.591770221484991074e+09
1.591770221682909012e+09
1.591770221883027077e+09
1.591770222243093014e+09
1.591770222343741894e+09
1.591770222493161917e+09
1.591770222683516979e+09
1.591770222882563114e+09
1.591770223081588984e+09
1.591770223283159018e+09
1.591770223481651068e+09
1.591770223683437109e+09
1.591770223883627892e+09
1.591770224081398010e+09
1.591770224285057068e+09
1.591770224481934071e+09
1.591770224682921886e+09
1.591770224884651899e+09
1.591770225082051039e+09
1.591770225281536102e+09
1.591770225483164072e+09
1.591770225681498051e+09
1.591770225881500959e+09
1.591770226079794884e+09
1.591770226279158115e+09
1.591770226483490944e+09
1.591770226680351019e+09
1.591770226879864931e+09
1.591770227079740047e+09
1.591770227280466080e+09
1.591770227480031967e+09
1.591770227682677984e+09
1.591770227879853964e+09
1.591770228081666946e+09
1.591770228281714916e+09
1.591770228480633974e+09
1.591770228677936077e+09
1.591770228879714012e+09
1.591770229080271959e+09
1.591770229280443907e+09
1.591770229479259014e+09
1.591770229678333044e+09
1.591770229878561974e+09
1.591770230078190088e+09
1.591770230280217886e+09
1.591770230479027033e+09
1.591770230679491043e+09
1.591770230878763914e+09
1.591770231078500986e+09
1.591770231279546022e+09
1.591770231478513956e+09
1.591770231679610968e+09
1.591770231878535986e+09
1.591770232079562902e+09
1.591770232278753042e+09
1.591770232478212118e+09
1.591770232678314924e+09
1.591770232877795935e+09
1.591770233079133034e+09
1.591770233278167009e+09
1.591770233479547024e+09
