1.591711083917068005e+09
1.591711084117748976e+09
1.591711084315524101e+09
1.591711084515489101e+09
1.591711084715513945e+09
1.591711084918359041e+09
1.591711085115540981e+09
1.591711085316246986e+09
1.591711085515315056e+09
1.591711085719034910e+09
1.591711085916022062e+09
1.591711086115704060e+09
1.591711086312592030e+09
1.591711086515567064e+09
1.591711086715584040e+09
1.591711086916733027e+09
1.591711087117918015e+09
1.591711087315520048e+09
1.591711087515449047e+09
1.591711087716547012e+09
1.591711087919081926e+09
1.591711088114677906e+09
1.591711088316128969e+09
1.591711088517215967e+09
1.591711088715477943e+09
1.591711094906883955e+09
1.591711095109966040e+09
1.591711095311254978e+09
1.591711095508958101e+09
1.591711095708527088e+09
1.591711095908905983e+09
1.591711096109663010e+09
1.591711096309221029e+09
1.591711096649903059e+09
1.591711096722817898e+09
1.591711096909970999e+09
1.591711097107887983e+09
1.591711097308046103e+09
1.591711097508686066e+09
1.591711097707904100e+09
1.591711097908677101e+09
1.591711098108617067e+09
1.591711098307055950e+09
1.591711098508608103e+09
1.591711098708946943e+09
1.591711098909038067e+09
1.591711099108900070e+09
1.591711099308691978e+09
1.591711099507150888e+09
1.591711099707434893e+09
1.591711106097636938e+09
1.591711106301286936e+09
1.591711106499928951e+09
1.591711106836951971e+09
1.591711106907957077e+09
1.591711107099288940e+09
1.591711107299187899e+09
1.591711107499506950e+09
1.591711107699899912e+09
1.591711107901839972e+09
1.591711108100079060e+09
1.591711108299936056e+09
1.591711108501353025e+09
1.591711108700081110e+09
1.591711108898200989e+09
1.591711109100281000e+09
1.591711109298491001e+09
1.591711109499556065e+09
1.591711109698314905e+09
1.591711109900357008e+09
1.591711110101118088e+09
1.591711110298401117e+09
1.591711110499286890e+09
1.591711110700552940e+09
1.591711117084925890e+09
1.591711117290842056e+09
1.591711117484101057e+09
1.591711117684003115e+09
1.591711117893165112e+09
1.591711118084698915e+09
1.591711118290884018e+09
1.591711118491420031e+09
1.591711118691675901e+09
1.591711118891338110e+09
1.591711119089745998e+09
1.591711119289696932e+09
1.591711119491733074e+09
1.591711119689466953e+09
1.591711119891757965e+09
1.591711120091984987e+09
1.591711120292109013e+09
1.591711120491780043e+09
1.591711120690038919e+09
1.591711120890105009e+09
1.591711121092029095e+09
1.591711121292210102e+09
1.591711121492244959e+09
1.591711121692502975e+09
1.591711128074882030e+09
1.591711128282615900e+09
1.591711128482381105e+09
1.591711128684458971e+09
1.591711128884278059e+09
1.591711129082564116e+09
1.591711129282815933e+09
1.591711129481471062e+09
1.591711129680927992e+09
1.591711129883105040e+09
1.591711130080261946e+09
1.591711130280597925e+09
1.591711130481004000e+09
1.591711130683053017e+09
1.591711130883304119e+09
1.591711131083758116e+09
1.591711131284650087e+09
1.591711131481606960e+09
1.591711131683634996e+09
1.591711131883722067e+09
1.591711132084381104e+09
1.591711132276897907e+09
1.591711132478915930e+09
1.591711132683398962e+09
1.591711138868037939e+09
1.591711139075735092e+09
1.591711139273596048e+09
1.591711139474854946e+09
1.591711139673571110e+09
1.591711139871516943e+09
1.591711140071619034e+09
1.591711140273983002e+09
1.591711140471843958e+09
1.591711140674278021e+09
1.591711140871891975e+09
1.591711141073273897e+09
1.591711141274185896e+09
1.591711141474267006e+09
1.591711141674417973e+09
1.591711141874380112e+09
1.591711142072434902e+09
1.591711142272289991e+09
1.591711142472193003e+09
1.591711142666922092e+09
1.591711142872997046e+09
1.591711143072666883e+09
1.591711143272756100e+09
1.591711143472595930e+09
1.591711143670542002e+09
1.591711150056560993e+09
1.591711150265873909e+09
1.591711150467434883e+09
1.591711150666585922e+09
1.591711150863704920e+09
1.591711151067652941e+09
1.591711151263933897e+09
1.591711151466186047e+09
1.591711151664268970e+09
1.591711151866188049e+09
1.591711152067888975e+09
1.591711152263753891e+09
1.591711152464541912e+09
1.591711152667143106e+09
1.591711152858674049e+09
1.591711153066325903e+09
1.591711153264615059e+09
1.591711153464412928e+09
1.591711153664450884e+09
1.591711153864468098e+09
1.591711154065239906e+09
1.591711154264499903e+09
1.591711154464719057e+09
1.591711154663212061e+09
1.591711161049860954e+09
1.591711161257118940e+09
1.591711161458698988e+09
1.591711161656049967e+09
1.591711161857204914e+09
1.591711162057852983e+09
1.591711162255354881e+09
1.591711162459352016e+09
1.591711162656688929e+09
1.591711162974092007e+09
1.591711163072578907e+09
1.591711163255835056e+09
1.591711163457176924e+09
1.591711163656585932e+09
1.591711163853502035e+09
1.591711164055133104e+09
1.591711164254740953e+09
1.591711164453910112e+09
1.591711164654763937e+09
1.591711164854425907e+09
1.591711165056395054e+09
1.591711165255943060e+09
1.591711165453818083e+09
1.591711165656661987e+09
1.591711172041548967e+09
1.591711172267168999e+09
1.591711172446060896e+09
1.591711172649633884e+09
1.591711172848215103e+09
1.591711173046464920e+09
1.591711173248487949e+09
1.591711173442790031e+09
1.591711173646295071e+09
1.591711173849153042e+09
1.591711174046001911e+09
1.591711174246726036e+09
1.591711174446434021e+09
1.591711174644541979e+09
1.591711174844208002e+09
1.591711175045196056e+09
1.591711175244191885e+09
1.591711175446945906e+09
1.591711175646610975e+09
1.591711175846968889e+09
1.591711176045136929e+09
1.591711176244997978e+09
1.591711176444875002e+09
1.591711176645322084e+09
1.591711183031749964e+09
1.591711183238739014e+09
1.591711183437519073e+09
1.591711183637401104e+09
1.591711183840235949e+09
1.591711184038253069e+09
1.591711184241147995e+09
1.591711184579380035e+09
1.591711184678292036e+09
1.591711184839481115e+09
1.591711185038176060e+09
1.591711185239960909e+09
1.591711185438021898e+09
1.591711185636282921e+09
1.591711185837891102e+09
1.591711186036628962e+09
1.591711186239120960e+09
1.591711186436546087e+09
1.591711186638001919e+09
1.591711186836564064e+09
1.591711187036640882e+09
1.591711187238605022e+09
1.591711187438524008e+09
1.591711187639058113e+09
1.591711194020595074e+09
1.591711194229964972e+09
1.591711194430300951e+09
1.591711194628757000e+09
1.591711194829046965e+09
1.591711195163326979e+09
1.591711195274693012e+09
1.591711195427220106e+09
1.591711195627338886e+09
1.591711195832129955e+09
1.591711196028774023e+09
1.591711196228198051e+09
1.591711196429897070e+09
1.591711196628066063e+09
1.591711196828830957e+09
1.591711197028525114e+09
1.591711197229335070e+09
1.591711197430005074e+09
1.591711197627345085e+09
1.591711197826344967e+09
1.591711198030649900e+09
1.591711198227832079e+09
1.591711198429757118e+09
1.591711198628145933e+09
1.591711205012348890e+09
1.591711205222063065e+09
1.591711205420331955e+09
1.591711205620994091e+09
1.591711205818900108e+09
1.591711206019263029e+09
1.591711206219196081e+09
1.591711206419022083e+09
1.591711206621197939e+09
1.591711206821537018e+09
1.591711207021269083e+09
1.591711207219621897e+09
1.591711207421509981e+09
1.591711207621212959e+09
1.591711207822377920e+09
1.591711208021465063e+09
1.591711208364625931e+09
1.591711208475933075e+09
1.591711208623811007e+09
1.591711208820616007e+09
1.591711209019201040e+09
1.591711209218923092e+09
1.591711209419054985e+09
1.591711209616923094e+09
1.591711216002854109e+09
1.591711216209680080e+09
1.591711216411734104e+09
1.591711216609674931e+09
1.591711216812702894e+09
1.591711217012032986e+09
1.591711217212361097e+09
1.591711217412502050e+09
1.591711217612154961e+09
1.591711217812238932e+09
1.591711218012242079e+09
1.591711218210346937e+09
1.591711218410399914e+09
1.591711218741017103e+09
1.591711218854191065e+09
1.591711219010482073e+09
1.591711219212091923e+09
1.591711219410419941e+09
1.591711219610482931e+09
1.591711219808407068e+09
1.591711220011193991e+09
1.591711220208604097e+09
1.591711220410928011e+09
1.591711220610785961e+09
1.591711226787060976e+09
1.591711227003015995e+09
1.591711227203152895e+09
1.591711227401662111e+09
1.591711227601398945e+09
1.591711227803527117e+09
1.591711228000883102e+09
1.591711228203902960e+09
1.591711228401257992e+09
1.591711228603271008e+09
1.591711228796641111e+09
1.591711229003998995e+09
1.591711229201765060e+09
1.591711229402949095e+09
1.591711229601928949e+09
1.591711229802340984e+09
1.591711230002103090e+09
1.591711230202342987e+09
1.591711230405888081e+09
1.591711230601315022e+09
1.591711230803356886e+09
1.591711231004080057e+09
1.591711231199912071e+09
1.591711231401506901e+09
1.591711231602622986e+09
1.591711237973470926e+09
1.591711238191251040e+09
1.591711238392339945e+09
1.591711238593445063e+09
1.591711238791399956e+09
1.591711238985913992e+09
1.591711239191472054e+09
1.591711239392822981e+09
1.591711239592144012e+09
1.591711239793914080e+09
1.591711239991568089e+09
1.591711240194947004e+09
1.591711240394787073e+09
1.591711240589590073e+09
1.591711240789649010e+09
1.591711240992330074e+09
1.591711241192234039e+09
1.591711241390527010e+09
1.591711241589684963e+09
1.591711241789904118e+09
1.591711241990467072e+09
1.591711242190223932e+09
1.591711242393119097e+09
1.591711242590323925e+09
1.591711248767369986e+09
1.591711248984328032e+09
1.591711249303111076e+09
1.591711249429392099e+09
1.591711249586548090e+09
1.591711249786604881e+09
1.591711249982332945e+09
1.591711250184537888e+09
1.591711250385426998e+09
1.591711250586132050e+09
1.591711250783919096e+09
1.591711250982578993e+09
1.591711251182099104e+09
1.591711251382162094e+09
1.591711251584054947e+09
1.591711251784725904e+09
1.591711251982863903e+09
1.591711252182327032e+09
1.591711252384257078e+09
1.591711252582340002e+09
1.591711252785033941e+09
1.591711252982580900e+09
1.591711253182287931e+09
1.591711253384455919e+09
1.591711253584336042e+09
1.591711259957056046e+09
1.591711260177124977e+09
1.591711260375502110e+09
1.591711260577212095e+09
1.591711260777432919e+09
1.591711260977976084e+09
1.591711261175906897e+09
1.591711261376269102e+09
1.591711261574678898e+09
1.591711261776384115e+09
1.591711261976408958e+09
1.591711262176367044e+09
1.591711262375894070e+09
1.591711262573415995e+09
1.591711262774507999e+09
1.591711262976727962e+09
1.591711263177063942e+09
1.591711263373404026e+09
1.591711263573717117e+09
1.591711263776073933e+09
1.591711263977350950e+09
1.591711264174340963e+09
1.591711264375986099e+09
1.591711264685597897e+09
1.591711270741564989e+09
1.591711270968950033e+09
1.591711271166557074e+09
1.591711271368624926e+09
1.591711271564945936e+09
1.591711271767119884e+09
1.591711271967515945e+09
1.591711272167895079e+09
1.591711272365206957e+09
1.591711272569211006e+09
1.591711272766998053e+09
1.591711272968672991e+09
1.591711273167489052e+09
1.591711273365647078e+09
1.591711273566178083e+09
1.591711273766468048e+09
1.591711273966180086e+09
1.591711274165627003e+09
1.591711274367846012e+09
1.591711274565684080e+09
1.591711274766410112e+09
1.591711274960211039e+09
1.591711275165764093e+09
1.591711275363554001e+09
1.591711275564285994e+09
1.591711281935983896e+09
1.591711282157870054e+09
1.591711282358042955e+09
1.591711282558444023e+09
1.591711282755983114e+09
1.591711282958081961e+09
1.591711283158237934e+09
1.591711283357009888e+09
1.591711283557354927e+09
1.591711283760874033e+09
1.591711283957206964e+09
1.591711284156708956e+09
1.591711284358825922e+09
1.591711284557391882e+09
1.591711284758645058e+09
1.591711284956665993e+09
1.591711285151417017e+09
1.591711285358172894e+09
1.591711285557739019e+09
1.591711285756880999e+09
1.591711285955578089e+09
1.591711286157244921e+09
1.591711286357232094e+09
1.591711286555746078e+09
1.591711292716636896e+09
1.591711292943336964e+09
1.591711293150201082e+09
1.591711293350414991e+09
1.591711293548407078e+09
1.591711293747343063e+09
1.591711293949876070e+09
1.591711294150477886e+09
1.591711294349812031e+09
1.591711294553560972e+09
1.591711294750509024e+09
1.591711294950761080e+09
1.591711295150603056e+09
1.591711295348176003e+09
1.591711295548636913e+09
1.591711295748013973e+09
1.591711295948544025e+09
1.591711296145685911e+09
1.591711296345587015e+09
1.591711296548471928e+09
1.591711296748632908e+09
1.591711296948643923e+09
1.591711297146594048e+09
1.591711297346199989e+09
1.591711297549236059e+09
1.591711318773957014e+09
1.591711319046441078e+09
1.591711319246325970e+09
1.591711319448462963e+09
1.591711319646280050e+09
1.591711319846474886e+09
1.591711320046528101e+09
1.591711320246531963e+09
1.591711320446683884e+09
1.591711320647387981e+09
1.591711320845725060e+09
1.591711321045720100e+09
1.591711321245110989e+09
1.591711321446504116e+09
1.591711321643884897e+09
1.591711321847261906e+09
1.591711322046540976e+09
1.591711322247566938e+09
1.591711322446222067e+09
1.591711322646164894e+09
1.591711322845948935e+09
1.591711323045488119e+09
1.591711323245621920e+09
1.591711329437592983e+09
1.591711329763628960e+09
1.591711330037143946e+09
1.591711330236231089e+09
1.591711330438000917e+09
1.591711330635932922e+09
1.591711330836455107e+09
1.591711331038254023e+09
1.591711331236612082e+09
1.591711331441313028e+09
1.591711331636617899e+09
1.591711331839045048e+09
1.591711332037120104e+09
1.591711332240220070e+09
1.591711332437109947e+09
1.591711332638309002e+09
1.591711332838701010e+09
1.591711333036731005e+09
1.591711333238734007e+09
1.591711333438280106e+09
1.591711333638669968e+09
1.591711333974251986e+09
1.591711334042871952e+09
1.591711334236973047e+09
1.591711340427942038e+09
1.591711340629992008e+09
1.591711340830265999e+09
1.591711341029831886e+09
1.591711341230329037e+09
1.591711341427850008e+09
1.591711341627464056e+09
1.591711341830501080e+09
1.591711342030010939e+09
1.591711342231949091e+09
1.591711342428026915e+09
1.591711342628356934e+09
1.591711342828128099e+09
1.591711343028100967e+09
1.591711343228065968e+09
1.591711343429012060e+09
1.591711343630723953e+09
1.591711343830384970e+09
1.591711344165716887e+09
1.591711344249353886e+09
1.591711344429068089e+09
1.591711344626441956e+09
1.591711344826769114e+09
1.591711345026616096e+09
1.591711345228559971e+09
1.591711351616034031e+09
1.591711351821296930e+09
1.591711352023236990e+09
1.591711352219832897e+09
1.591711352421092987e+09
1.591711352621177912e+09
1.591711352821327925e+09
1.591711353021380901e+09
1.591711353219106913e+09
1.591711353423466921e+09
1.591711353619175911e+09
1.591711353821376085e+09
1.591711354021550894e+09
1.591711354220788956e+09
1.591711354420500994e+09
1.591711354619623899e+09
1.591711354819684029e+09
1.591711355019783020e+09
1.591711355219674110e+09
1.591711355417721033e+09
1.591711355618316889e+09
1.591711355819777966e+09
1.591711356019891024e+09
1.591711356217787027e+09
1.591711362607481956e+09
1.591711362810882092e+09
1.591711363012757063e+09
1.591711363212877989e+09
1.591711363410792112e+09
1.591711363610852957e+09
1.591711363812999010e+09
1.591711364011082888e+09
1.591711364211076975e+09
1.591711364413132906e+09
1.591711364606180906e+09
1.591711364812565088e+09
1.591711365011161089e+09
1.591711365211226940e+09
1.591711365411187887e+09
1.591711365609318018e+09
1.591711365811600924e+09
1.591711366011615038e+09
1.591711366210119963e+09
1.591711366411727905e+09
1.591711366610104084e+09
1.591711366809575081e+09
1.591711367009579897e+09
1.591711367209557056e+09
1.591711373599118948e+09
1.591711373805408001e+09
1.591711374005845070e+09
1.591711374204998016e+09
1.591711374402374029e+09
1.591711374603370905e+09
1.591711374798722982e+09
1.591711375005047083e+09
1.591711375202886105e+09
1.591711375406178951e+09
1.591711375602946997e+09
1.591711375803623915e+09
1.591711376002866030e+09
1.591711376200731993e+09
1.591711376402956963e+09
1.591711376600913048e+09
1.591711376802227974e+09
1.591711377000946045e+09
1.591711377201035023e+09
1.591711377401715040e+09
1.591711377601645947e+09
1.591711377803473949e+09
1.591711378003906965e+09
1.591711378203412056e+09
1.591711384586743116e+09
1.591711384793697119e+09
1.591711385131930113e+09
1.591711385244390965e+09
1.591711385390683889e+09
1.591711385593487978e+09
1.591711385793509007e+09
1.591711385993791103e+09
1.591711386193521023e+09
1.591711386393686056e+09
1.591711386591743946e+09
1.591711386791742086e+09
1.591711386994055986e+09
1.591711387194312096e+09
1.591711387393815041e+09
1.591711387591861963e+09
1.591711387794343948e+09
1.591711387993977070e+09
1.591711388191802025e+09
1.591711388396173954e+09
1.591711388592868090e+09
1.591711388792443991e+09
1.591711388994208097e+09
1.591711389192270041e+09
1.591711395508610010e+09
1.591711395602015972e+09
1.591711395787401915e+09
1.591711395986048937e+09
1.591711396185493946e+09
1.591711396384686947e+09
1.591711396586596966e+09
1.591711396783796072e+09
1.591711396985641003e+09
1.591711397186901093e+09
1.591711397386497021e+09
1.591711397585141897e+09
1.591711397786360979e+09
1.591711397986182928e+09
1.591711398183948040e+09
1.591711398387064934e+09
1.591711398583970070e+09
1.591711398786093950e+09
1.591711398986059904e+09
1.591711399183875084e+09
1.591711399386183977e+09
1.591711399585938931e+09
1.591711399784151077e+09
1.591711399983937979e+09
1.591711400182554007e+09
1.591711406764405966e+09
1.591711406974771023e+09
1.591711407176965952e+09
1.591711407374212027e+09
1.591711407576859951e+09
1.591711407774739981e+09
1.591711407977159023e+09
1.591711408175043106e+09
1.591711408376769066e+09
1.591711408576729059e+09
1.591711408776952982e+09
1.591711408976777077e+09
1.591711409177201033e+09
1.591711409376822948e+09
1.591711409577208996e+09
1.591711409774977922e+09
1.591711409975150108e+09
1.591711410174700022e+09
1.591711410375107050e+09
1.591711410575097084e+09
1.591711410770489931e+09
1.591711410975305080e+09
1.591711411173670053e+09
1.591711411375482082e+09
1.591711417898471117e+09
1.591711418168116093e+09
1.591711418366661072e+09
1.591711418566540003e+09
1.591711418768964052e+09
1.591711418968275070e+09
1.591711419166917086e+09
1.591711419367796898e+09
1.591711419569360971e+09
1.591711419770169020e+09
1.591711419968127012e+09
1.591711420166723967e+09
1.591711420368546963e+09
1.591711420566768885e+09
1.591711420767160892e+09
1.591711421105958939e+09
1.591711421243606091e+09
1.591711421391156912e+09
1.591711421564774990e+09
1.591711421765330076e+09
1.591711421966978073e+09
1.591711422165592909e+09
1.591711422365156889e+09
1.591711428751234055e+09
1.591711428956954956e+09
1.591711429157340050e+09
1.591711429357403040e+09
1.591711429559812069e+09
1.591711429758748055e+09
1.591711429960047960e+09
1.591711430159876108e+09
1.591711430355390072e+09
1.591711430562448978e+09
1.591711430757528067e+09
1.591711430958544970e+09
1.591711431297029972e+09
1.591711431415154934e+09
1.591711431560405016e+09
1.591711431755589008e+09
1.591711431956343889e+09
1.591711432157989025e+09
1.591711432356172085e+09
1.591711432555852890e+09
1.591711432756844997e+09
1.591711432958097935e+09
1.591711433156761885e+09
1.591711433356240034e+09
1.591711439741897106e+09
1.591711439950689077e+09
1.591711440149027109e+09
1.591711440348736048e+09
1.591711440548255920e+09
1.591711440748519897e+09
1.591711440950879097e+09
1.591711441151068926e+09
1.591711441349673986e+09
1.591711441674432039e+09
1.591711441783035994e+09
1.591711441948376894e+09
1.591711442149940014e+09
1.591711442349956989e+09
1.591711442549179077e+09
1.591711442748230934e+09
1.591711442950212955e+09
1.591711443147968054e+09
1.591711443349756002e+09
1.591711443552254915e+09
1.591711443749689102e+09
1.591711443948508024e+09
1.591711444148104906e+09
1.591711444348608017e+09
1.591711450726265907e+09
1.591711450940648079e+09
1.591711451140629053e+09
1.591711451340413094e+09
1.591711451541383028e+09
1.591711451877480030e+09
1.591711451998949051e+09
1.591711452150769949e+09
1.591711452338179111e+09
1.591711452543581009e+09
1.591711452739197969e+09
1.591711452940911055e+09
1.591711453140893936e+09
1.591711453340944052e+09
1.591711453539218903e+09
1.591711453741539955e+09
1.591711453938929081e+09
1.591711454138854980e+09
1.591711454339163065e+09
1.591711454539266109e+09
1.591711454739777088e+09
1.591711454939296007e+09
1.591711455140775919e+09
1.591711455339824915e+09
1.591711461713381052e+09
1.591711462071630001e+09
1.591711462214562893e+09
1.591711462364507914e+09
1.591711462529158115e+09
1.591711462730549097e+09
1.591711462932451963e+09
1.591711463131169081e+09
1.591711463331820011e+09
1.591711463535090923e+09
1.591711463730139017e+09
1.591711463930218935e+09
1.591711464130364895e+09
1.591711464329464912e+09
1.591711464530083895e+09
1.591711464730103016e+09
1.591711464930566072e+09
1.591711465130578041e+09
1.591711465331654072e+09
1.591711465532644987e+09
1.591711465731024027e+09
1.591711465930063009e+09
1.591711466131459951e+09
1.591711466331293106e+09
1.591711472705806971e+09
1.591711472922185898e+09
1.591711473122649908e+09
1.591711473323020935e+09
1.591711473523427010e+09
1.591711473721132994e+09
1.591711473921519041e+09
1.591711474122345924e+09
1.591711474323549032e+09
1.591711474525573015e+09
1.591711474723774910e+09
1.591711474924155951e+09
1.591711475123915911e+09
1.591711475321309090e+09
1.591711475521569014e+09
1.591711475721684933e+09
1.591711475921386957e+09
1.591711476122565031e+09
1.591711476320123911e+09
1.591711476522692919e+09
1.591711476719654083e+09
1.591711476919847965e+09
1.591711477122344971e+09
1.591711477315453053e+09
1.591711483495852947e+09
1.591711483714883089e+09
1.591711483914954901e+09
1.591711484114618063e+09
1.591711484313040972e+09
1.591711484512900114e+09
1.591711484713284969e+09
1.591711484915822983e+09
1.591711485115463972e+09
1.591711485313837051e+09
1.591711485513304949e+09
1.591711485712814093e+09
1.591711485913311005e+09
1.591711486113142014e+09
1.591711486314332008e+09
1.591711486513940096e+09
1.591711486713701010e+09
1.591711486911612034e+09
1.591711487111493111e+09
1.591711487311367989e+09
1.591711487514162064e+09
1.591711487713830948e+09
1.591711487912987947e+09
1.591711488112008095e+09
1.591711488312015057e+09
1.591711494686868906e+09
1.591711494905333042e+09
1.591711495105900049e+09
1.591711495305670023e+09
1.591711495503757000e+09
1.591711495705184937e+09
1.591711495904165030e+09
1.591711496104065895e+09
1.591711496305557966e+09
1.591711496504918098e+09
1.591711496704842091e+09
1.591711496903959036e+09
1.591711497104254007e+09
1.591711497301898956e+09
1.591711497504132986e+09
1.591711497703345060e+09
1.591711497898752928e+09
1.591711498104880095e+09
1.591711498302542925e+09
1.591711498504251957e+09
1.591711498704435110e+09
1.591711498903973103e+09
1.591711499102072001e+09
1.591711499301440954e+09
1.591711505671768904e+09
1.591711505896406889e+09
1.591711506094314098e+09
1.591711506296756029e+09
1.591711506494539022e+09
1.591711506697654963e+09
1.591711506894505978e+09
1.591711507094228983e+09
1.591711507295314074e+09
1.591711507495423079e+09
1.591711507693531036e+09
1.591711507893482924e+09
1.591711508090284109e+09
1.591711508293797016e+09
1.591711508494077921e+09
1.591711508695241928e+09
1.591711508895984888e+09
1.591711509092080116e+09
1.591711509295351028e+09
1.591711509492793083e+09
1.591711509694680929e+09
1.591711509895687103e+09
1.591711510096749067e+09
1.591711510295650959e+09
1.591711516461843014e+09
1.591711516687859058e+09
1.591711516885796070e+09
1.591711517087841988e+09
1.591711517289141893e+09
1.591711517486262083e+09
1.591711517687015057e+09
1.591711517888128996e+09
1.591711518087420940e+09
1.591711518288327932e+09
1.591711518486321926e+09
1.591711518685503006e+09
1.591711518888195992e+09
1.591711519084422112e+09
1.591711519286005974e+09
1.591711519488148928e+09
1.591711519685831070e+09
1.591711519888089895e+09
1.591711520087066889e+09
1.591711520287353039e+09
1.591711520484144926e+09
1.591711520686212063e+09
1.591711520886086941e+09
1.591711521086069107e+09
1.591711521286231041e+09
1.591711527652554989e+09
1.591711527878030062e+09
1.591711528079339981e+09
1.591711528278347015e+09
1.591711528476752996e+09
1.591711528675607920e+09
1.591711528876435041e+09
1.591711529075956106e+09
1.591711529277121067e+09
1.591711529478013039e+09
1.591711529676866055e+09
1.591711529878310919e+09
1.591711530077187061e+09
1.591711530278758049e+09
1.591711530478863001e+09
1.591711530676951885e+09
1.591711530879209995e+09
1.591711531078435898e+09
1.591711531277162075e+09
1.591711531476218939e+09
1.591711531677445889e+09
1.591711531876991987e+09
1.591711532075768948e+09
1.591711532273190975e+09
1.591711549978240967e+09
1.591711550179183006e+09
1.591711550381758928e+09
1.591711550581492901e+09
1.591711550781835079e+09
1.591711550978944063e+09
1.591711551179691076e+09
1.591711551379365921e+09
1.591711551579765081e+09
1.591711551781311989e+09
1.591711551978863001e+09
1.591711552181391954e+09
1.591711552379798889e+09
1.591711552579699993e+09
1.591711552778042078e+09
1.591711552979679108e+09
1.591711553178230047e+09
1.591711553379865885e+09
1.591711553580085993e+09
1.591711553779953957e+09
1.591711553978970051e+09
1.591711554174360991e+09
1.591711554378104925e+09
1.591711554578211069e+09
1.591711560968990088e+09
1.591711561171571016e+09
1.591711561372399092e+09
1.591711561571002007e+09
1.591711561773168087e+09
1.591711561973100901e+09
1.591711562172621012e+09
1.591711562372523069e+09
1.591711562572711945e+09
1.591711562773025990e+09
1.591711562968864918e+09
1.591711563171452045e+09
1.591711563369368076e+09
1.591711563571535110e+09
1.591711563771353006e+09
1.591711563969573975e+09
1.591711564170290947e+09
1.591711564367306948e+09
1.591711564571965933e+09
1.591711564771541119e+09
1.591711564970690012e+09
1.591711565171272993e+09
1.591711565370423079e+09
1.591711565570063114e+09
1.591711571960258007e+09
1.591711572162240028e+09
1.591711572363846064e+09
1.591711572563344002e+09
1.591711572762886047e+09
1.591711572961997032e+09
1.591711573162529945e+09
1.591711573360202074e+09
1.591711573560435057e+09
1.591711573762347937e+09
1.591711573960489035e+09
1.591711574160275936e+09
1.591711574360497952e+09
1.591711574561240911e+09
1.591711574760807037e+09
1.591711574963145018e+09
1.591711575163309097e+09
1.591711575363528967e+09
1.591711575561188936e+09
1.591711575763808012e+09
1.591711575963011980e+09
1.591711576161926985e+09
1.591711576362304926e+09
1.591711576561515093e+09
1.591711582750047922e+09
1.591711582958754063e+09
1.591711583153000116e+09
1.591711583353902102e+09
1.591711583554459095e+09
1.591711583753977060e+09
1.591711583955219984e+09
1.591711584154253960e+09
1.591711584354362965e+09
1.591711584554126978e+09
1.591711584754450083e+09
1.591711584954947948e+09
1.591711585152635098e+09
1.591711585352000952e+09
1.591711585552927971e+09
1.591711585752757072e+09
1.591711585953850031e+09
1.591711586153033972e+09
1.591711586354665041e+09
1.591711586691126108e+09
1.591711586774813890e+09
1.591711586954196930e+09
1.591711587152837992e+09
1.591711587351342916e+09
1.591711587551170111e+09
1.591711593741568089e+09
1.591711594078816891e+09
1.591711594294123888e+09
1.591711594495625973e+09
1.591711594696373940e+09
1.591711594894671917e+09
1.591711595094427109e+09
1.591711595294869900e+09
1.591711595496011019e+09
1.591711595697170973e+09
1.591711595893095016e+09
1.591711596095231056e+09
1.591711596295322895e+09
1.591711596495647907e+09
1.591711596690601110e+09
1.591711596893552065e+09
1.591711597097281933e+09
1.591711597294424057e+09
1.591711597493275881e+09
1.591711597697191000e+09
1.591711597895001888e+09
1.591711598093558073e+09
1.591711598294987917e+09
1.591711598494894028e+09
1.591711604879427910e+09
1.591711605088135958e+09
1.591711605289494991e+09
1.591711605486685991e+09
1.591711605687963009e+09
1.591711605886712074e+09
1.591711606086113930e+09
1.591711606287707090e+09
1.591711606486574888e+09
1.591711606686048985e+09
1.591711606885647058e+09
1.591711607083833933e+09
1.591711607286263943e+09
1.591711607485987902e+09
1.591711607684389114e+09
1.591711607887734890e+09
1.591711608086399078e+09
1.591711608286192894e+09
1.591711608484111071e+09
1.591711608684214115e+09
1.591711608884731054e+09
1.591711609085800886e+09
1.591711609284432888e+09
1.591711609484632015e+09
1.591711615973020077e+09
1.591711616177782059e+09
1.591711616379252911e+09
1.591711616578222036e+09
1.591711616776211977e+09
1.591711616979528904e+09
1.591711617172820091e+09
1.591711617377027988e+09
1.591711617575252056e+09
1.591711617779222012e+09
1.591711617974602938e+09
1.591711618177154064e+09
1.591711618377123117e+09
1.591711618577869892e+09
1.591711618777121067e+09
1.591711618977494001e+09
1.591711619177906036e+09
1.591711619376239061e+09
1.591711619574692011e+09
1.591711619773513079e+09
1.591711619976774931e+09
1.591711620177571058e+09
1.591711620377208948e+09
1.591711626557543993e+09
1.591711626906764984e+09
1.591711627169373989e+09
1.591711627367942095e+09
1.591711627702287912e+09
1.591711627804410934e+09
1.591711627967192888e+09
1.591711628169156075e+09
1.591711628367017031e+09
1.591711628572410107e+09
1.591711628766994953e+09
1.591711628969396114e+09
1.591711629169364929e+09
1.591711629369400024e+09
1.591711629567217112e+09
1.591711629769448996e+09
1.591711629967323065e+09
1.591711630165234089e+09
1.591711630367083073e+09
1.591711630567414999e+09
1.591711630765901089e+09
1.591711630966921091e+09
1.591711631165493011e+09
1.591711631367383003e+09
1.591711637546787024e+09
1.591711637899441004e+09
1.591711637993434906e+09
1.591711638159008026e+09
1.591711638358324051e+09
1.591711638559855938e+09
1.591711638759443045e+09
1.591711638961076975e+09
1.591711639160804033e+09
1.591711639361749887e+09
1.591711639561198950e+09
1.591711639759377956e+09
1.591711639957645893e+09
1.591711640160093069e+09
1.591711640360282898e+09
1.591711640558031082e+09
1.591711640758091927e+09
1.591711640957242012e+09
1.591711641158325911e+09
1.591711641357788086e+09
1.591711641558952093e+09
1.591711641756565094e+09
1.591711641956384897e+09
1.591711642159185886e+09
1.591711642358649015e+09
1.591711648536551952e+09
1.591711648890969992e+09
1.591711649152000904e+09
1.591711649351560116e+09
1.591711649549297094e+09
1.591711649749403000e+09
1.591711649951606035e+09
1.591711650150500059e+09
1.591711650351519108e+09
1.591711650551636934e+09
1.591711650749608994e+09
1.591711650951214075e+09
1.591711651150428057e+09
1.591711651349549055e+09
1.591711651549645901e+09
1.591711651748104095e+09
1.591711651950172901e+09
1.591711652149070024e+09
1.591711652350045919e+09
1.591711652550064087e+09
1.591711652750787973e+09
1.591711652948141098e+09
1.591711653146290064e+09
1.591711653349518061e+09
1.591711659534780979e+09
1.591711659742831945e+09
1.591711659941288948e+09
1.591711660141000032e+09
1.591711660344161034e+09
1.591711660541335106e+09
1.591711660743997097e+09
1.591711660943201065e+09
1.591711661142025948e+09
1.591711661345058918e+09
1.591711661541654110e+09
1.591711661741871119e+09
1.591711661939815998e+09
1.591711662141271114e+09
1.591711662341945887e+09
1.591711662540101051e+09
1.591711662740144968e+09
1.591711662939667940e+09
1.591711663140326023e+09
1.591711663481720924e+09
1.591711663583848000e+09
1.591711663735491991e+09
1.591711663942673922e+09
1.591711664140496969e+09
1.591711664340003014e+09
1.591711670720484018e+09
1.591711670934545040e+09
1.591711671134445906e+09
1.591711671332263947e+09
1.591711671534336090e+09
1.591711671734440088e+09
1.591711671933171034e+09
1.591711672132822037e+09
1.591711672330950975e+09
1.591711672532632113e+09
1.591711672732353926e+09
1.591711672933173895e+09
1.591711673133742094e+09
1.591711673333605051e+09
1.591711673531994104e+09
1.591711673733390093e+09
1.591711673933475018e+09
1.591711674132955074e+09
1.591711674330729961e+09
1.591711674530561924e+09
1.591711674731987000e+09
1.591711674933207035e+09
1.591711675133558989e+09
1.591711675331408978e+09
1.591711681714652061e+09
1.591711681924586058e+09
1.591711682124721050e+09
1.591711682323965073e+09
1.591711682524470091e+09
1.591711682721911907e+09
1.591711682922735929e+09
1.591711683124784946e+09
1.591711683324913979e+09
1.591711683524188042e+09
1.591711683722893000e+09
1.591711684064796925e+09
1.591711684171221018e+09
1.591711684321412086e+09
1.591711684524082899e+09
1.591711684722316980e+09
1.591711684922158003e+09
1.591711685123971939e+09
1.591711685324856043e+09
1.591711685523654938e+09
1.591711685725529909e+09
1.591711685923933029e+09
1.591711686121344090e+09
1.591711686324605942e+09
1.591711692700453997e+09
1.591711692914916992e+09
1.591711693112729073e+09
1.591711693315433979e+09
1.591711693512944937e+09
1.591711693712951899e+09
1.591711693915393114e+09
1.591711694253705025e+09
1.591711694373312950e+09
1.591711694524486065e+09
1.591711694715580940e+09
1.591711694913435936e+09
1.591711695113461018e+09
1.591711695316626072e+09
1.591711695513761997e+09
1.591711695714235067e+09
1.591711695915911913e+09
1.591711696114093065e+09
1.591711696312535048e+09
1.591711696514146090e+09
1.591711696712795973e+09
1.591711696914391994e+09
1.591711697112482071e+09
1.591711697313282967e+09
1.591711703487288952e+09
1.591711703705610991e+09
1.591711703909626007e+09
1.591711704106115103e+09
1.591711704435946941e+09
1.591711704563461065e+09
1.591711704714246035e+09
1.591711704908926964e+09
1.591711705106256008e+09
1.591711705308092117e+09
1.591711705504616976e+09
1.591711705708648920e+09
1.591711705905687094e+09
1.591711706105432034e+09
1.591711706305541992e+09
1.591711706506198883e+09
1.591711706706171989e+09
1.591711706903712988e+09
1.591711707103889942e+09
1.591711707306260109e+09
1.591711707506926060e+09
1.591711707706469059e+09
1.591711707905349016e+09
1.591711708106532097e+09
1.591711708306489944e+09
1.591711714477629900e+09
1.591711714838968992e+09
1.591711714957691908e+09
1.591711715109637976e+09
1.591711715298790932e+09
1.591711715499818087e+09
1.591711715699636936e+09
1.591711715897749901e+09
1.591711716097217083e+09
1.591711716302242041e+09
1.591711716499511957e+09
1.591711716696708918e+09
1.591711716897428036e+09
1.591711717096714020e+09
1.591711717295698881e+09
1.591711717498425007e+09
1.591711717698169947e+09
1.591711717899986029e+09
1.591711718097883940e+09
1.591711718296355009e+09
1.591711718497651100e+09
1.591711718695561886e+09
1.591711718899419069e+09
1.591711719098269939e+09
1.591711719298541069e+09
1.591711725669620991e+09
1.591711725890249014e+09
1.591711726089567900e+09
1.591711726287448883e+09
1.591711726487483978e+09
1.591711726689830065e+09
1.591711726888509035e+09
1.591711727090502977e+09
1.591711727287695885e+09
1.591711727489877939e+09
1.591711727686155081e+09
1.591711727890285969e+09
1.591711728086126089e+09
1.591711728288114071e+09
1.591711728488229990e+09
1.591711728685718060e+09
1.591711728887233019e+09
1.591711729085977077e+09
1.591711729285969019e+09
1.591711729488301039e+09
1.591711729686937094e+09
1.591711729888962984e+09
1.591711730085989952e+09
1.591711730288459063e+09
1.591711742646754980e+09
1.591711742874694109e+09
1.591711743073559999e+09
1.591711743274348974e+09
1.591711743474626064e+09
1.591711743672575951e+09
1.591711743872385979e+09
1.591711744073795080e+09
1.591711744270443916e+09
1.591711744472409964e+09
1.591711744668921947e+09
1.591711744870174885e+09
1.591711745071846962e+09
1.591711745271168947e+09
1.591711745470882893e+09
1.591711745674098015e+09
1.591711745872009993e+09
1.591711746072945118e+09
1.591711746272929907e+09
1.591711746473692894e+09
1.591711746671366930e+09
1.591711746872961044e+09
1.591711747073086977e+09
1.591711747273003101e+09
1.591711747473526955e+09
