1.209999999999999964e-01
1.209999999999999964e-01
1.209999999999999964e-01
1.209999999999999964e-01
1.209999999999999964e-01
1.209999999999999964e-01
1.209999999999999964e-01
1.209999999999999964e-01
1.209999999999999964e-01
1.209999999999999964e-01
1.209999999999999964e-01
1.209999999999999964e-01
1.209999999999999964e-01
1.209999999999999964e-01
1.209999999999999964e-01
1.209999999999999964e-01
1.209999999999999964e-01
1.209999999999999964e-01
1.219999999999999973e-01
1.459999999999999909e-01
1.459999999999999909e-01
1.459999999999999909e-01
1.459999999999999909e-01
1.459999999999999909e-01
1.459999999999999909e-01
1.459999999999999909e-01
1.459999999999999909e-01
1.459999999999999909e-01
1.459999999999999909e-01
1.459999999999999909e-01
1.459999999999999909e-01
1.459999999999999909e-01
1.459999999999999909e-01
1.459999999999999909e-01
1.459999999999999909e-01
1.459999999999999909e-01
1.459999999999999909e-01
1.459999999999999909e-01
1.459999999999999909e-01
1.459999999999999909e-01
1.459999999999999909e-01
1.459999999999999909e-01
1.459999999999999909e-01
1.459999999999999909e-01
1.459999999999999909e-01
1.459999999999999909e-01
1.459999999999999909e-01
1.459999999999999909e-01
1.459999999999999909e-01
1.459999999999999909e-01
1.459999999999999909e-01
1.459999999999999909e-01
1.459999999999999909e-01
1.459999999999999909e-01
1.459999999999999909e-01
1.459999999999999909e-01
1.459999999999999909e-01
1.459999999999999909e-01
1.459999999999999909e-01
1.459999999999999909e-01
1.459999999999999909e-01
1.459999999999999909e-01
1.459999999999999909e-01
1.459999999999999909e-01
1.459999999999999909e-01
1.459999999999999909e-01
1.459999999999999909e-01
1.459999999999999909e-01
1.459999999999999909e-01
1.459999999999999909e-01
1.459999999999999909e-01
1.459999999999999909e-01
1.459999999999999909e-01
1.459999999999999909e-01
1.459999999999999909e-01
1.469999999999999918e-01
1.469999999999999918e-01
1.749999999999999889e-01
1.749999999999999889e-01
1.749999999999999889e-01
1.749999999999999889e-01
1.749999999999999889e-01
1.749999999999999889e-01
1.749999999999999889e-01
1.749999999999999889e-01
1.749999999999999889e-01
1.749999999999999889e-01
1.749999999999999889e-01
1.749999999999999889e-01
1.749999999999999889e-01
1.749999999999999889e-01
1.749999999999999889e-01
1.749999999999999889e-01
1.749999999999999889e-01
1.749999999999999889e-01
1.749999999999999889e-01
1.739999999999999880e-01
1.739999999999999880e-01
1.739999999999999880e-01
1.739999999999999880e-01
1.739999999999999880e-01
1.739999999999999880e-01
1.739999999999999880e-01
1.739999999999999880e-01
1.739999999999999880e-01
1.739999999999999880e-01
1.739999999999999880e-01
1.739999999999999880e-01
1.739999999999999880e-01
1.739999999999999880e-01
1.739999999999999880e-01
1.739999999999999880e-01
1.739999999999999880e-01
1.739999999999999880e-01
1.739999999999999880e-01
1.739999999999999880e-01
1.739999999999999880e-01
1.739999999999999880e-01
1.739999999999999880e-01
1.739999999999999880e-01
1.739999999999999880e-01
1.739999999999999880e-01
1.739999999999999880e-01
1.739999999999999880e-01
1.739999999999999880e-01
1.739999999999999880e-01
1.739999999999999880e-01
1.739999999999999880e-01
1.739999999999999880e-01
1.739999999999999880e-01
1.739999999999999880e-01
1.739999999999999880e-01
1.739999999999999880e-01
1.739999999999999880e-01
1.739999999999999880e-01
1.739999999999999880e-01
1.739999999999999880e-01
1.739999999999999880e-01
1.739999999999999880e-01
1.739999999999999880e-01
1.739999999999999880e-01
1.739999999999999880e-01
1.739999999999999880e-01
1.739999999999999880e-01
1.739999999999999880e-01
1.739999999999999880e-01
1.739999999999999880e-01
2.059999999999999887e-01
2.059999999999999887e-01
2.059999999999999887e-01
2.059999999999999887e-01
2.059999999999999887e-01
2.059999999999999887e-01
2.059999999999999887e-01
2.059999999999999887e-01
2.059999999999999887e-01
2.059999999999999887e-01
2.059999999999999887e-01
2.059999999999999887e-01
2.059999999999999887e-01
2.059999999999999887e-01
2.059999999999999887e-01
2.059999999999999887e-01
2.059999999999999887e-01
2.059999999999999887e-01
2.059999999999999887e-01
2.059999999999999887e-01
2.059999999999999887e-01
2.059999999999999887e-01
2.059999999999999887e-01
2.059999999999999887e-01
2.059999999999999887e-01
2.059999999999999887e-01
2.059999999999999887e-01
2.059999999999999887e-01
2.059999999999999887e-01
2.059999999999999887e-01
2.059999999999999887e-01
2.059999999999999887e-01
2.059999999999999887e-01
2.059999999999999887e-01
2.059999999999999887e-01
2.059999999999999887e-01
2.059999999999999887e-01
2.059999999999999887e-01
2.049999999999999878e-01
2.049999999999999878e-01
2.049999999999999878e-01
2.049999999999999878e-01
2.049999999999999878e-01
2.049999999999999878e-01
2.049999999999999878e-01
2.049999999999999878e-01
2.049999999999999878e-01
2.049999999999999878e-01
2.059999999999999887e-01
2.059999999999999887e-01
2.059999999999999887e-01
2.059999999999999887e-01
2.059999999999999887e-01
2.059999999999999887e-01
2.059999999999999887e-01
2.059999999999999887e-01
2.059999999999999887e-01
2.059999999999999887e-01
2.059999999999999887e-01
2.059999999999999887e-01
2.059999999999999887e-01
2.059999999999999887e-01
2.059999999999999887e-01
2.059999999999999887e-01
2.059999999999999887e-01
2.059999999999999887e-01
2.059999999999999887e-01
2.059999999999999887e-01
2.069999999999999896e-01
2.069999999999999896e-01
2.069999999999999896e-01
2.069999999999999896e-01
2.059999999999999887e-01
2.059999999999999887e-01
2.069999999999999896e-01
2.069999999999999896e-01
2.079999999999999905e-01
2.409999999999999920e-01
2.409999999999999920e-01
2.409999999999999920e-01
2.409999999999999920e-01
2.409999999999999920e-01
2.409999999999999920e-01
2.409999999999999920e-01
2.409999999999999920e-01
2.409999999999999920e-01
2.409999999999999920e-01
2.409999999999999920e-01
2.409999999999999920e-01
2.419999999999999929e-01
2.419999999999999929e-01
2.419999999999999929e-01
2.419999999999999929e-01
2.419999999999999929e-01
2.419999999999999929e-01
2.419999999999999929e-01
2.419999999999999929e-01
2.419999999999999929e-01
2.419999999999999929e-01
2.419999999999999929e-01
2.419999999999999929e-01
2.419999999999999929e-01
2.419999999999999929e-01
2.419999999999999929e-01
2.419999999999999929e-01
2.419999999999999929e-01
2.419999999999999929e-01
2.419999999999999929e-01
2.419999999999999929e-01
2.419999999999999929e-01
2.419999999999999929e-01
2.419999999999999929e-01
2.419999999999999929e-01
2.419999999999999929e-01
2.419999999999999929e-01
2.419999999999999929e-01
2.419999999999999929e-01
2.419999999999999929e-01
2.419999999999999929e-01
2.419999999999999929e-01
2.419999999999999929e-01
2.419999999999999929e-01
2.419999999999999929e-01
2.419999999999999929e-01
2.419999999999999929e-01
2.419999999999999929e-01
2.419999999999999929e-01
2.419999999999999929e-01
2.419999999999999929e-01
2.419999999999999929e-01
2.419999999999999929e-01
2.419999999999999929e-01
2.419999999999999929e-01
2.419999999999999929e-01
2.419999999999999929e-01
2.419999999999999929e-01
2.419999999999999929e-01
2.419999999999999929e-01
2.419999999999999929e-01
2.419999999999999929e-01
2.419999999999999929e-01
2.419999999999999929e-01
2.419999999999999929e-01
2.419999999999999929e-01
2.670000000000000151e-01
2.670000000000000151e-01
2.670000000000000151e-01
2.670000000000000151e-01
2.670000000000000151e-01
2.670000000000000151e-01
2.670000000000000151e-01
2.670000000000000151e-01
2.670000000000000151e-01
2.670000000000000151e-01
2.670000000000000151e-01
2.670000000000000151e-01
2.670000000000000151e-01
2.670000000000000151e-01
2.670000000000000151e-01
2.670000000000000151e-01
2.670000000000000151e-01
2.670000000000000151e-01
2.670000000000000151e-01
2.670000000000000151e-01
2.670000000000000151e-01
2.670000000000000151e-01
2.670000000000000151e-01
2.670000000000000151e-01
2.670000000000000151e-01
2.670000000000000151e-01
2.670000000000000151e-01
2.670000000000000151e-01
2.670000000000000151e-01
2.670000000000000151e-01
2.670000000000000151e-01
2.670000000000000151e-01
2.670000000000000151e-01
2.670000000000000151e-01
2.670000000000000151e-01
2.670000000000000151e-01
2.670000000000000151e-01
2.670000000000000151e-01
2.670000000000000151e-01
2.670000000000000151e-01
2.670000000000000151e-01
2.670000000000000151e-01
2.670000000000000151e-01
2.670000000000000151e-01
2.670000000000000151e-01
2.670000000000000151e-01
2.670000000000000151e-01
2.670000000000000151e-01
2.670000000000000151e-01
2.670000000000000151e-01
2.670000000000000151e-01
2.670000000000000151e-01
2.670000000000000151e-01
2.670000000000000151e-01
2.680000000000000160e-01
2.969999999999999862e-01
2.969999999999999862e-01
2.969999999999999862e-01
2.969999999999999862e-01
2.969999999999999862e-01
2.969999999999999862e-01
2.969999999999999862e-01
2.969999999999999862e-01
2.969999999999999862e-01
2.969999999999999862e-01
2.969999999999999862e-01
2.969999999999999862e-01
2.969999999999999862e-01
2.969999999999999862e-01
2.969999999999999862e-01
2.969999999999999862e-01
2.969999999999999862e-01
2.969999999999999862e-01
2.969999999999999862e-01
2.969999999999999862e-01
2.969999999999999862e-01
2.969999999999999862e-01
2.969999999999999862e-01
2.969999999999999862e-01
2.969999999999999862e-01
2.969999999999999862e-01
2.969999999999999862e-01
2.969999999999999862e-01
2.969999999999999862e-01
2.969999999999999862e-01
2.969999999999999862e-01
2.969999999999999862e-01
2.969999999999999862e-01
2.969999999999999862e-01
2.969999999999999862e-01
2.969999999999999862e-01
2.969999999999999862e-01
2.969999999999999862e-01
2.969999999999999862e-01
2.969999999999999862e-01
2.969999999999999862e-01
2.969999999999999862e-01
2.969999999999999862e-01
2.969999999999999862e-01
2.969999999999999862e-01
2.969999999999999862e-01
2.969999999999999862e-01
2.969999999999999862e-01
2.969999999999999862e-01
2.969999999999999862e-01
2.969999999999999862e-01
2.969999999999999862e-01
2.969999999999999862e-01
2.969999999999999862e-01
2.969999999999999862e-01
2.969999999999999862e-01
2.969999999999999862e-01
2.969999999999999862e-01
2.969999999999999862e-01
2.969999999999999862e-01
2.969999999999999862e-01
2.969999999999999862e-01
2.969999999999999862e-01
2.969999999999999862e-01
2.969999999999999862e-01
2.969999999999999862e-01
2.969999999999999862e-01
3.240000000000000102e-01
3.240000000000000102e-01
3.240000000000000102e-01
3.240000000000000102e-01
3.240000000000000102e-01
3.240000000000000102e-01
3.240000000000000102e-01
3.240000000000000102e-01
3.240000000000000102e-01
3.240000000000000102e-01
3.240000000000000102e-01
3.240000000000000102e-01
3.240000000000000102e-01
3.240000000000000102e-01
3.240000000000000102e-01
3.240000000000000102e-01
3.240000000000000102e-01
3.240000000000000102e-01
3.240000000000000102e-01
3.240000000000000102e-01
3.240000000000000102e-01
3.240000000000000102e-01
3.240000000000000102e-01
3.240000000000000102e-01
3.240000000000000102e-01
3.240000000000000102e-01
3.240000000000000102e-01
3.240000000000000102e-01
3.240000000000000102e-01
3.240000000000000102e-01
3.240000000000000102e-01
3.240000000000000102e-01
3.240000000000000102e-01
3.240000000000000102e-01
3.240000000000000102e-01
3.240000000000000102e-01
3.240000000000000102e-01
3.240000000000000102e-01
3.240000000000000102e-01
3.240000000000000102e-01
3.240000000000000102e-01
3.240000000000000102e-01
3.240000000000000102e-01
3.240000000000000102e-01
3.240000000000000102e-01
3.240000000000000102e-01
3.240000000000000102e-01
3.240000000000000102e-01
3.240000000000000102e-01
3.519999999999999796e-01
3.519999999999999796e-01
3.519999999999999796e-01
3.519999999999999796e-01
3.519999999999999796e-01
3.519999999999999796e-01
3.519999999999999796e-01
3.519999999999999796e-01
3.519999999999999796e-01
3.519999999999999796e-01
3.519999999999999796e-01
3.519999999999999796e-01
3.519999999999999796e-01
3.519999999999999796e-01
3.519999999999999796e-01
3.519999999999999796e-01
3.519999999999999796e-01
3.519999999999999796e-01
3.519999999999999796e-01
3.519999999999999796e-01
3.519999999999999796e-01
3.519999999999999796e-01
3.519999999999999796e-01
3.519999999999999796e-01
3.519999999999999796e-01
3.790000000000000036e-01
3.790000000000000036e-01
3.790000000000000036e-01
3.790000000000000036e-01
3.790000000000000036e-01
3.790000000000000036e-01
3.790000000000000036e-01
3.790000000000000036e-01
3.790000000000000036e-01
3.790000000000000036e-01
3.790000000000000036e-01
3.790000000000000036e-01
3.790000000000000036e-01
3.790000000000000036e-01
3.790000000000000036e-01
3.790000000000000036e-01
3.790000000000000036e-01
3.790000000000000036e-01
3.790000000000000036e-01
3.790000000000000036e-01
3.790000000000000036e-01
3.790000000000000036e-01
3.790000000000000036e-01
3.790000000000000036e-01
3.790000000000000036e-01
3.790000000000000036e-01
3.790000000000000036e-01
3.790000000000000036e-01
3.790000000000000036e-01
3.790000000000000036e-01
3.790000000000000036e-01
3.790000000000000036e-01
3.790000000000000036e-01
3.790000000000000036e-01
3.790000000000000036e-01
3.790000000000000036e-01
3.790000000000000036e-01
3.790000000000000036e-01
3.790000000000000036e-01
3.790000000000000036e-01
3.790000000000000036e-01
3.790000000000000036e-01
3.790000000000000036e-01
3.790000000000000036e-01
3.790000000000000036e-01
3.790000000000000036e-01
3.790000000000000036e-01
3.790000000000000036e-01
3.790000000000000036e-01
3.790000000000000036e-01
3.790000000000000036e-01
3.790000000000000036e-01
3.790000000000000036e-01
3.790000000000000036e-01
3.790000000000000036e-01
3.790000000000000036e-01
3.790000000000000036e-01
3.790000000000000036e-01
3.790000000000000036e-01
3.790000000000000036e-01
3.800000000000000044e-01
3.800000000000000044e-01
4.060000000000000275e-01
4.060000000000000275e-01
4.060000000000000275e-01
4.060000000000000275e-01
4.060000000000000275e-01
4.060000000000000275e-01
4.060000000000000275e-01
4.060000000000000275e-01
4.060000000000000275e-01
4.060000000000000275e-01
4.060000000000000275e-01
4.060000000000000275e-01
4.060000000000000275e-01
4.060000000000000275e-01
4.060000000000000275e-01
4.060000000000000275e-01
4.060000000000000275e-01
4.060000000000000275e-01
4.060000000000000275e-01
4.060000000000000275e-01
4.060000000000000275e-01
4.060000000000000275e-01
4.060000000000000275e-01
4.060000000000000275e-01
4.060000000000000275e-01
4.060000000000000275e-01
4.060000000000000275e-01
4.060000000000000275e-01
4.060000000000000275e-01
4.060000000000000275e-01
4.060000000000000275e-01
4.060000000000000275e-01
4.060000000000000275e-01
4.060000000000000275e-01
4.060000000000000275e-01
4.060000000000000275e-01
4.060000000000000275e-01
4.060000000000000275e-01
4.060000000000000275e-01
4.060000000000000275e-01
4.060000000000000275e-01
4.060000000000000275e-01
4.060000000000000275e-01
4.060000000000000275e-01
4.060000000000000275e-01
4.060000000000000275e-01
4.060000000000000275e-01
4.060000000000000275e-01
4.060000000000000275e-01
4.060000000000000275e-01
4.060000000000000275e-01
4.060000000000000275e-01
4.060000000000000275e-01
4.060000000000000275e-01
4.060000000000000275e-01
4.060000000000000275e-01
4.060000000000000275e-01
4.060000000000000275e-01
4.359999999999999987e-01
4.359999999999999987e-01
4.359999999999999987e-01
4.359999999999999987e-01
4.359999999999999987e-01
4.359999999999999987e-01
4.359999999999999987e-01
4.359999999999999987e-01
4.359999999999999987e-01
4.359999999999999987e-01
4.359999999999999987e-01
4.359999999999999987e-01
4.359999999999999987e-01
4.359999999999999987e-01
4.359999999999999987e-01
4.359999999999999987e-01
4.359999999999999987e-01
4.359999999999999987e-01
4.359999999999999987e-01
4.359999999999999987e-01
4.359999999999999987e-01
4.359999999999999987e-01
4.359999999999999987e-01
4.359999999999999987e-01
4.359999999999999987e-01
4.359999999999999987e-01
4.359999999999999987e-01
4.359999999999999987e-01
4.359999999999999987e-01
4.359999999999999987e-01
4.359999999999999987e-01
4.359999999999999987e-01
4.359999999999999987e-01
4.359999999999999987e-01
4.359999999999999987e-01
4.359999999999999987e-01
4.359999999999999987e-01
4.359999999999999987e-01
4.359999999999999987e-01
4.359999999999999987e-01
4.359999999999999987e-01
4.359999999999999987e-01
4.359999999999999987e-01
4.359999999999999987e-01
4.359999999999999987e-01
4.359999999999999987e-01
4.359999999999999987e-01
4.359999999999999987e-01
4.640000000000000235e-01
4.640000000000000235e-01
4.640000000000000235e-01
4.640000000000000235e-01
4.640000000000000235e-01
4.640000000000000235e-01
4.640000000000000235e-01
4.640000000000000235e-01
4.640000000000000235e-01
4.640000000000000235e-01
4.640000000000000235e-01
4.640000000000000235e-01
4.640000000000000235e-01
4.640000000000000235e-01
4.640000000000000235e-01
4.640000000000000235e-01
4.640000000000000235e-01
4.640000000000000235e-01
4.640000000000000235e-01
4.640000000000000235e-01
4.640000000000000235e-01
4.640000000000000235e-01
4.640000000000000235e-01
4.640000000000000235e-01
4.640000000000000235e-01
4.640000000000000235e-01
4.640000000000000235e-01
4.640000000000000235e-01
4.640000000000000235e-01
4.640000000000000235e-01
4.640000000000000235e-01
4.640000000000000235e-01
4.640000000000000235e-01
4.640000000000000235e-01
4.640000000000000235e-01
4.640000000000000235e-01
4.640000000000000235e-01
4.640000000000000235e-01
4.640000000000000235e-01
4.640000000000000235e-01
4.640000000000000235e-01
4.640000000000000235e-01
4.640000000000000235e-01
4.640000000000000235e-01
4.640000000000000235e-01
4.640000000000000235e-01
4.640000000000000235e-01
4.640000000000000235e-01
4.640000000000000235e-01
4.630000000000000226e-01
4.630000000000000226e-01
4.630000000000000226e-01
4.630000000000000226e-01
4.630000000000000226e-01
4.630000000000000226e-01
4.630000000000000226e-01
4.630000000000000226e-01
4.630000000000000226e-01
4.630000000000000226e-01
4.630000000000000226e-01
4.640000000000000235e-01
4.640000000000000235e-01
4.640000000000000235e-01
4.889999999999999902e-01
4.889999999999999902e-01
4.889999999999999902e-01
4.889999999999999902e-01
4.889999999999999902e-01
4.889999999999999902e-01
4.889999999999999902e-01
4.889999999999999902e-01
4.889999999999999902e-01
4.889999999999999902e-01
4.889999999999999902e-01
4.889999999999999902e-01
4.889999999999999902e-01
4.889999999999999902e-01
4.889999999999999902e-01
4.889999999999999902e-01
4.889999999999999902e-01
4.889999999999999902e-01
4.889999999999999902e-01
4.889999999999999902e-01
4.889999999999999902e-01
4.889999999999999902e-01
4.889999999999999902e-01
4.889999999999999902e-01
4.889999999999999902e-01
4.889999999999999902e-01
4.889999999999999902e-01
4.889999999999999902e-01
4.889999999999999902e-01
4.889999999999999902e-01
4.889999999999999902e-01
4.889999999999999902e-01
4.889999999999999902e-01
4.889999999999999902e-01
4.889999999999999902e-01
4.889999999999999902e-01
4.889999999999999902e-01
4.889999999999999902e-01
4.889999999999999902e-01
4.889999999999999902e-01
4.889999999999999902e-01
4.889999999999999902e-01
4.889999999999999902e-01
4.889999999999999902e-01
4.889999999999999902e-01
4.889999999999999902e-01
4.889999999999999902e-01
4.889999999999999902e-01
4.889999999999999902e-01
4.889999999999999902e-01
4.889999999999999902e-01
4.889999999999999902e-01
4.889999999999999902e-01
4.889999999999999902e-01
4.889999999999999902e-01
4.889999999999999902e-01
4.889999999999999902e-01
5.170000000000000151e-01
5.180000000000000160e-01
5.180000000000000160e-01
5.180000000000000160e-01
5.180000000000000160e-01
5.180000000000000160e-01
5.180000000000000160e-01
5.180000000000000160e-01
5.180000000000000160e-01
5.180000000000000160e-01
5.180000000000000160e-01
5.180000000000000160e-01
5.180000000000000160e-01
5.180000000000000160e-01
5.180000000000000160e-01
5.180000000000000160e-01
5.180000000000000160e-01
5.180000000000000160e-01
5.180000000000000160e-01
5.180000000000000160e-01
5.180000000000000160e-01
5.180000000000000160e-01
5.190000000000000169e-01
5.190000000000000169e-01
5.190000000000000169e-01
5.190000000000000169e-01
5.180000000000000160e-01
5.180000000000000160e-01
5.180000000000000160e-01
5.180000000000000160e-01
5.180000000000000160e-01
5.180000000000000160e-01
5.180000000000000160e-01
5.180000000000000160e-01
5.180000000000000160e-01
5.180000000000000160e-01
5.180000000000000160e-01
5.180000000000000160e-01
5.180000000000000160e-01
5.180000000000000160e-01
5.180000000000000160e-01
5.180000000000000160e-01
5.180000000000000160e-01
5.180000000000000160e-01
5.180000000000000160e-01
5.180000000000000160e-01
5.180000000000000160e-01
5.180000000000000160e-01
5.460000000000000409e-01
5.460000000000000409e-01
5.460000000000000409e-01
5.460000000000000409e-01
5.460000000000000409e-01
5.460000000000000409e-01
5.470000000000000417e-01
5.470000000000000417e-01
5.470000000000000417e-01
5.470000000000000417e-01
5.470000000000000417e-01
5.470000000000000417e-01
5.470000000000000417e-01
5.470000000000000417e-01
5.470000000000000417e-01
5.470000000000000417e-01
5.470000000000000417e-01
5.470000000000000417e-01
5.470000000000000417e-01
5.470000000000000417e-01
5.470000000000000417e-01
5.470000000000000417e-01
5.470000000000000417e-01
5.470000000000000417e-01
5.480000000000000426e-01
5.480000000000000426e-01
5.480000000000000426e-01
5.480000000000000426e-01
5.480000000000000426e-01
5.480000000000000426e-01
5.480000000000000426e-01
5.480000000000000426e-01
5.480000000000000426e-01
5.490000000000000435e-01
5.490000000000000435e-01
5.490000000000000435e-01
5.490000000000000435e-01
5.490000000000000435e-01
5.490000000000000435e-01
5.490000000000000435e-01
5.490000000000000435e-01
5.490000000000000435e-01
5.490000000000000435e-01
5.490000000000000435e-01
5.490000000000000435e-01
5.490000000000000435e-01
5.490000000000000435e-01
5.490000000000000435e-01
5.490000000000000435e-01
5.490000000000000435e-01
5.490000000000000435e-01
5.490000000000000435e-01
5.480000000000000426e-01
5.480000000000000426e-01
5.480000000000000426e-01
5.480000000000000426e-01
5.480000000000000426e-01
5.480000000000000426e-01
5.480000000000000426e-01
5.480000000000000426e-01
5.480000000000000426e-01
5.480000000000000426e-01
5.480000000000000426e-01
5.490000000000000435e-01
5.490000000000000435e-01
5.490000000000000435e-01
5.729999999999999538e-01
5.729999999999999538e-01
5.729999999999999538e-01
5.729999999999999538e-01
5.729999999999999538e-01
5.729999999999999538e-01
5.729999999999999538e-01
5.729999999999999538e-01
5.729999999999999538e-01
5.729999999999999538e-01
5.729999999999999538e-01
5.729999999999999538e-01
5.729999999999999538e-01
5.729999999999999538e-01
5.729999999999999538e-01
5.729999999999999538e-01
5.729999999999999538e-01
5.729999999999999538e-01
5.729999999999999538e-01
5.729999999999999538e-01
5.719999999999999529e-01
5.719999999999999529e-01
5.719999999999999529e-01
5.719999999999999529e-01
5.719999999999999529e-01
5.719999999999999529e-01
5.719999999999999529e-01
5.719999999999999529e-01
5.719999999999999529e-01
5.719999999999999529e-01
5.719999999999999529e-01
5.719999999999999529e-01
5.719999999999999529e-01
5.719999999999999529e-01
5.719999999999999529e-01
5.719999999999999529e-01
5.719999999999999529e-01
5.719999999999999529e-01
5.719999999999999529e-01
5.719999999999999529e-01
5.719999999999999529e-01
5.719999999999999529e-01
5.719999999999999529e-01
5.719999999999999529e-01
5.719999999999999529e-01
5.719999999999999529e-01
5.719999999999999529e-01
5.719999999999999529e-01
5.719999999999999529e-01
5.719999999999999529e-01
5.719999999999999529e-01
5.719999999999999529e-01
5.719999999999999529e-01
5.719999999999999529e-01
5.719999999999999529e-01
5.719999999999999529e-01
6.009999999999999787e-01
6.009999999999999787e-01
6.009999999999999787e-01
6.009999999999999787e-01
6.009999999999999787e-01
6.009999999999999787e-01
6.009999999999999787e-01
6.009999999999999787e-01
6.009999999999999787e-01
6.009999999999999787e-01
6.009999999999999787e-01
6.009999999999999787e-01
6.009999999999999787e-01
6.009999999999999787e-01
6.009999999999999787e-01
6.009999999999999787e-01
6.009999999999999787e-01
6.009999999999999787e-01
6.009999999999999787e-01
6.009999999999999787e-01
6.009999999999999787e-01
6.009999999999999787e-01
6.009999999999999787e-01
6.009999999999999787e-01
6.239999999999999991e-01
6.250000000000000000e-01
6.250000000000000000e-01
6.250000000000000000e-01
6.250000000000000000e-01
6.250000000000000000e-01
6.250000000000000000e-01
6.250000000000000000e-01
6.250000000000000000e-01
6.250000000000000000e-01
6.260000000000000009e-01
6.260000000000000009e-01
6.260000000000000009e-01
6.270000000000000018e-01
6.270000000000000018e-01
6.270000000000000018e-01
6.270000000000000018e-01
6.270000000000000018e-01
6.280000000000000027e-01
6.280000000000000027e-01
6.280000000000000027e-01
6.280000000000000027e-01
6.280000000000000027e-01
6.280000000000000027e-01
6.290000000000000036e-01
6.290000000000000036e-01
6.290000000000000036e-01
6.290000000000000036e-01
6.290000000000000036e-01
6.290000000000000036e-01
6.290000000000000036e-01
6.290000000000000036e-01
6.290000000000000036e-01
6.290000000000000036e-01
6.290000000000000036e-01
6.290000000000000036e-01
6.290000000000000036e-01
6.290000000000000036e-01
6.300000000000000044e-01
6.300000000000000044e-01
6.300000000000000044e-01
6.300000000000000044e-01
6.300000000000000044e-01
6.300000000000000044e-01
6.290000000000000036e-01
6.290000000000000036e-01
6.290000000000000036e-01
6.290000000000000036e-01
6.300000000000000044e-01
6.300000000000000044e-01
6.300000000000000044e-01
6.300000000000000044e-01
6.300000000000000044e-01
6.300000000000000044e-01
6.300000000000000044e-01
6.300000000000000044e-01
6.300000000000000044e-01
6.300000000000000044e-01
6.610000000000000320e-01
6.660000000000000364e-01
6.620000000000000329e-01
6.600000000000000311e-01
6.590000000000000302e-01
6.590000000000000302e-01
6.590000000000000302e-01
6.590000000000000302e-01
6.590000000000000302e-01
6.590000000000000302e-01
6.590000000000000302e-01
6.590000000000000302e-01
6.590000000000000302e-01
6.590000000000000302e-01
6.560000000000000275e-01
6.560000000000000275e-01
6.560000000000000275e-01
6.570000000000000284e-01
6.570000000000000284e-01
6.570000000000000284e-01
6.570000000000000284e-01
6.570000000000000284e-01
6.570000000000000284e-01
6.570000000000000284e-01
6.570000000000000284e-01
6.570000000000000284e-01
6.570000000000000284e-01
6.570000000000000284e-01
6.570000000000000284e-01
6.570000000000000284e-01
6.570000000000000284e-01
6.560000000000000275e-01
6.560000000000000275e-01
6.560000000000000275e-01
6.560000000000000275e-01
6.560000000000000275e-01
6.560000000000000275e-01
6.560000000000000275e-01
6.560000000000000275e-01
6.580000000000000293e-01
6.580000000000000293e-01
6.580000000000000293e-01
6.580000000000000293e-01
6.580000000000000293e-01
6.580000000000000293e-01
6.580000000000000293e-01
6.580000000000000293e-01
6.580000000000000293e-01
6.580000000000000293e-01
6.580000000000000293e-01
6.580000000000000293e-01
6.580000000000000293e-01
6.580000000000000293e-01
6.580000000000000293e-01
6.580000000000000293e-01
6.580000000000000293e-01
6.580000000000000293e-01
6.580000000000000293e-01
6.580000000000000293e-01
6.580000000000000293e-01
6.580000000000000293e-01
6.580000000000000293e-01
6.580000000000000293e-01
6.830000000000000515e-01
6.830000000000000515e-01
6.830000000000000515e-01
6.830000000000000515e-01
6.830000000000000515e-01
6.830000000000000515e-01
6.830000000000000515e-01
6.830000000000000515e-01
6.830000000000000515e-01
6.830000000000000515e-01
6.830000000000000515e-01
6.830000000000000515e-01
6.830000000000000515e-01
6.830000000000000515e-01
6.830000000000000515e-01
6.830000000000000515e-01
6.830000000000000515e-01
6.830000000000000515e-01
6.830000000000000515e-01
6.830000000000000515e-01
6.830000000000000515e-01
6.830000000000000515e-01
6.830000000000000515e-01
6.830000000000000515e-01
6.820000000000000506e-01
6.820000000000000506e-01
6.820000000000000506e-01
6.820000000000000506e-01
6.820000000000000506e-01
6.820000000000000506e-01
6.820000000000000506e-01
6.820000000000000506e-01
6.820000000000000506e-01
6.820000000000000506e-01
6.820000000000000506e-01
6.820000000000000506e-01
6.820000000000000506e-01
6.820000000000000506e-01
6.820000000000000506e-01
6.820000000000000506e-01
6.820000000000000506e-01
6.820000000000000506e-01
6.820000000000000506e-01
6.820000000000000506e-01
6.820000000000000506e-01
6.820000000000000506e-01
6.820000000000000506e-01
7.119999999999999662e-01
7.119999999999999662e-01
7.119999999999999662e-01
7.119999999999999662e-01
7.119999999999999662e-01
7.119999999999999662e-01
7.109999999999999654e-01
7.109999999999999654e-01
7.109999999999999654e-01
7.119999999999999662e-01
7.119999999999999662e-01
7.119999999999999662e-01
7.119999999999999662e-01
7.119999999999999662e-01
7.119999999999999662e-01
7.119999999999999662e-01
7.119999999999999662e-01
7.119999999999999662e-01
7.119999999999999662e-01
7.119999999999999662e-01
7.119999999999999662e-01
7.119999999999999662e-01
7.119999999999999662e-01
7.119999999999999662e-01
7.129999999999999671e-01
7.129999999999999671e-01
7.129999999999999671e-01
7.129999999999999671e-01
7.119999999999999662e-01
7.119999999999999662e-01
7.119999999999999662e-01
7.119999999999999662e-01
7.119999999999999662e-01
7.119999999999999662e-01
7.119999999999999662e-01
7.119999999999999662e-01
7.119999999999999662e-01
7.119999999999999662e-01
7.119999999999999662e-01
7.119999999999999662e-01
7.119999999999999662e-01
7.119999999999999662e-01
7.119999999999999662e-01
7.119999999999999662e-01
7.119999999999999662e-01
7.119999999999999662e-01
7.119999999999999662e-01
7.119999999999999662e-01
7.119999999999999662e-01
7.119999999999999662e-01
7.119999999999999662e-01
7.119999999999999662e-01
7.119999999999999662e-01
7.119999999999999662e-01
7.119999999999999662e-01
7.119999999999999662e-01
7.119999999999999662e-01
7.119999999999999662e-01
7.119999999999999662e-01
7.119999999999999662e-01
7.119999999999999662e-01
7.119999999999999662e-01
7.119999999999999662e-01
7.119999999999999662e-01
7.129999999999999671e-01
7.129999999999999671e-01
7.399999999999999911e-01
7.399999999999999911e-01
7.399999999999999911e-01
7.399999999999999911e-01
7.399999999999999911e-01
7.399999999999999911e-01
7.399999999999999911e-01
7.389999999999999902e-01
7.389999999999999902e-01
7.389999999999999902e-01
7.389999999999999902e-01
7.389999999999999902e-01
7.389999999999999902e-01
7.389999999999999902e-01
7.389999999999999902e-01
7.389999999999999902e-01
7.389999999999999902e-01
7.389999999999999902e-01
7.389999999999999902e-01
7.389999999999999902e-01
7.389999999999999902e-01
7.389999999999999902e-01
7.389999999999999902e-01
7.379999999999999893e-01
7.379999999999999893e-01
7.379999999999999893e-01
7.379999999999999893e-01
7.379999999999999893e-01
7.379999999999999893e-01
7.379999999999999893e-01
7.379999999999999893e-01
7.379999999999999893e-01
7.389999999999999902e-01
7.389999999999999902e-01
7.389999999999999902e-01
7.389999999999999902e-01
7.389999999999999902e-01
7.389999999999999902e-01
7.389999999999999902e-01
7.389999999999999902e-01
7.389999999999999902e-01
7.389999999999999902e-01
7.389999999999999902e-01
7.389999999999999902e-01
7.379999999999999893e-01
7.379999999999999893e-01
7.379999999999999893e-01
7.379999999999999893e-01
7.379999999999999893e-01
7.379999999999999893e-01
7.379999999999999893e-01
7.379999999999999893e-01
7.379999999999999893e-01
7.379999999999999893e-01
7.379999999999999893e-01
7.379999999999999893e-01
7.660000000000000142e-01
7.670000000000000151e-01
7.670000000000000151e-01
7.670000000000000151e-01
7.670000000000000151e-01
7.670000000000000151e-01
7.670000000000000151e-01
7.670000000000000151e-01
7.670000000000000151e-01
7.670000000000000151e-01
7.670000000000000151e-01
7.670000000000000151e-01
7.670000000000000151e-01
7.670000000000000151e-01
7.670000000000000151e-01
7.670000000000000151e-01
7.670000000000000151e-01
7.670000000000000151e-01
7.670000000000000151e-01
7.660000000000000142e-01
7.660000000000000142e-01
7.660000000000000142e-01
7.660000000000000142e-01
7.660000000000000142e-01
7.660000000000000142e-01
7.660000000000000142e-01
7.660000000000000142e-01
7.660000000000000142e-01
7.660000000000000142e-01
7.660000000000000142e-01
7.660000000000000142e-01
7.660000000000000142e-01
7.660000000000000142e-01
7.660000000000000142e-01
7.660000000000000142e-01
7.660000000000000142e-01
7.660000000000000142e-01
7.660000000000000142e-01
7.660000000000000142e-01
7.660000000000000142e-01
7.660000000000000142e-01
7.660000000000000142e-01
7.660000000000000142e-01
7.660000000000000142e-01
7.660000000000000142e-01
7.660000000000000142e-01
7.660000000000000142e-01
7.660000000000000142e-01
7.920000000000000373e-01
7.920000000000000373e-01
7.920000000000000373e-01
7.920000000000000373e-01
7.920000000000000373e-01
7.920000000000000373e-01
7.920000000000000373e-01
7.920000000000000373e-01
7.920000000000000373e-01
7.920000000000000373e-01
7.920000000000000373e-01
7.920000000000000373e-01
7.920000000000000373e-01
7.920000000000000373e-01
7.920000000000000373e-01
7.920000000000000373e-01
7.920000000000000373e-01
7.920000000000000373e-01
7.920000000000000373e-01
7.920000000000000373e-01
7.920000000000000373e-01
7.920000000000000373e-01
7.920000000000000373e-01
7.920000000000000373e-01
7.920000000000000373e-01
7.920000000000000373e-01
7.920000000000000373e-01
7.920000000000000373e-01
7.920000000000000373e-01
7.920000000000000373e-01
7.920000000000000373e-01
7.920000000000000373e-01
7.920000000000000373e-01
7.920000000000000373e-01
7.920000000000000373e-01
7.920000000000000373e-01
7.920000000000000373e-01
7.920000000000000373e-01
7.920000000000000373e-01
7.920000000000000373e-01
7.920000000000000373e-01
7.920000000000000373e-01
7.920000000000000373e-01
7.920000000000000373e-01
7.920000000000000373e-01
7.920000000000000373e-01
7.920000000000000373e-01
7.920000000000000373e-01
7.920000000000000373e-01
7.920000000000000373e-01
7.920000000000000373e-01
7.920000000000000373e-01
7.910000000000000364e-01
7.910000000000000364e-01
7.910000000000000364e-01
7.910000000000000364e-01
7.910000000000000364e-01
7.910000000000000364e-01
7.910000000000000364e-01
7.910000000000000364e-01
7.910000000000000364e-01
7.910000000000000364e-01
7.910000000000000364e-01
7.910000000000000364e-01
7.910000000000000364e-01
7.920000000000000373e-01
7.920000000000000373e-01
8.209999999999999520e-01
8.209999999999999520e-01
8.209999999999999520e-01
8.209999999999999520e-01
8.209999999999999520e-01
8.209999999999999520e-01
8.209999999999999520e-01
8.209999999999999520e-01
8.209999999999999520e-01
8.209999999999999520e-01
8.209999999999999520e-01
8.209999999999999520e-01
8.209999999999999520e-01
8.209999999999999520e-01
8.209999999999999520e-01
8.209999999999999520e-01
8.209999999999999520e-01
8.209999999999999520e-01
8.209999999999999520e-01
8.209999999999999520e-01
8.209999999999999520e-01
8.209999999999999520e-01
8.209999999999999520e-01
8.209999999999999520e-01
8.209999999999999520e-01
8.209999999999999520e-01
8.209999999999999520e-01
8.209999999999999520e-01
8.209999999999999520e-01
8.209999999999999520e-01
8.209999999999999520e-01
8.209999999999999520e-01
