4.299999999999999822e+00
4.301999999999999602e+00
4.306000000000000050e+00
4.307999999999999829e+00
4.310999999999999943e+00
4.312999999999999723e+00
4.315999999999999837e+00
4.317000000000000171e+00
4.318999999999999950e+00
4.318999999999999950e+00
4.320000000000000284e+00
4.320000000000000284e+00
4.320000000000000284e+00
4.318999999999999950e+00
4.318999999999999950e+00
4.318999999999999950e+00
4.317999999999999616e+00
4.317999999999999616e+00
4.317000000000000171e+00
4.317000000000000171e+00
4.317000000000000171e+00
4.317000000000000171e+00
4.317000000000000171e+00
4.317000000000000171e+00
4.317000000000000171e+00
4.317000000000000171e+00
4.317000000000000171e+00
4.317000000000000171e+00
4.317000000000000171e+00
4.317999999999999616e+00
4.317999999999999616e+00
4.317999999999999616e+00
4.317999999999999616e+00
4.318999999999999950e+00
4.318999999999999950e+00
4.318999999999999950e+00
4.318999999999999950e+00
4.320000000000000284e+00
4.320000000000000284e+00
4.320999999999999730e+00
4.320999999999999730e+00
4.322000000000000064e+00
4.352000000000000313e+00
4.352000000000000313e+00
4.352999999999999758e+00
4.352999999999999758e+00
4.354000000000000092e+00
4.354000000000000092e+00
4.354000000000000092e+00
4.355000000000000426e+00
4.355000000000000426e+00
4.355000000000000426e+00
4.355000000000000426e+00
4.355000000000000426e+00
4.355000000000000426e+00
4.355000000000000426e+00
4.355000000000000426e+00
4.355000000000000426e+00
4.355000000000000426e+00
4.355000000000000426e+00
4.354000000000000092e+00
4.354000000000000092e+00
4.352999999999999758e+00
4.352999999999999758e+00
4.352999999999999758e+00
4.352999999999999758e+00
4.352999999999999758e+00
4.352999999999999758e+00
4.352999999999999758e+00
4.352999999999999758e+00
4.352999999999999758e+00
4.352999999999999758e+00
4.352000000000000313e+00
4.352000000000000313e+00
4.352000000000000313e+00
4.352000000000000313e+00
4.352000000000000313e+00
4.352000000000000313e+00
4.350999999999999979e+00
4.350999999999999979e+00
4.350999999999999979e+00
4.350999999999999979e+00
4.350999999999999979e+00
4.350999999999999979e+00
4.349999999999999645e+00
4.349999999999999645e+00
4.349999999999999645e+00
4.349999999999999645e+00
4.349999999999999645e+00
4.349999999999999645e+00
4.349999999999999645e+00
4.349999999999999645e+00
4.349999999999999645e+00
4.349000000000000199e+00
4.349000000000000199e+00
4.349000000000000199e+00
4.349000000000000199e+00
4.349000000000000199e+00
4.349000000000000199e+00
4.349000000000000199e+00
4.349000000000000199e+00
4.349999999999999645e+00
4.349999999999999645e+00
4.376000000000000334e+00
4.376000000000000334e+00
4.376000000000000334e+00
4.376000000000000334e+00
4.376000000000000334e+00
4.375000000000000000e+00
4.375000000000000000e+00
4.373999999999999666e+00
4.373999999999999666e+00
4.373999999999999666e+00
4.373999999999999666e+00
4.373999999999999666e+00
4.375000000000000000e+00
4.375000000000000000e+00
4.375000000000000000e+00
4.375000000000000000e+00
4.376000000000000334e+00
4.376000000000000334e+00
4.376999999999999780e+00
4.376999999999999780e+00
4.378000000000000114e+00
4.378000000000000114e+00
4.378999999999999559e+00
4.378999999999999559e+00
4.379999999999999893e+00
4.379999999999999893e+00
4.379999999999999893e+00
4.379999999999999893e+00
4.379999999999999893e+00
4.379999999999999893e+00
4.379999999999999893e+00
4.379999999999999893e+00
4.379999999999999893e+00
4.379999999999999893e+00
4.379999999999999893e+00
4.379999999999999893e+00
4.378999999999999559e+00
4.378999999999999559e+00
4.378999999999999559e+00
4.379999999999999893e+00
4.381000000000000227e+00
4.381000000000000227e+00
4.381999999999999673e+00
4.405000000000000249e+00
4.405000000000000249e+00
4.405000000000000249e+00
4.405000000000000249e+00
4.405000000000000249e+00
4.405000000000000249e+00
4.405000000000000249e+00
4.405000000000000249e+00
4.405000000000000249e+00
4.405000000000000249e+00
4.405000000000000249e+00
4.405000000000000249e+00
4.405000000000000249e+00
4.405000000000000249e+00
4.405000000000000249e+00
4.405000000000000249e+00
4.405000000000000249e+00
4.405000000000000249e+00
4.405000000000000249e+00
4.405000000000000249e+00
4.405000000000000249e+00
4.405000000000000249e+00
4.405000000000000249e+00
4.405000000000000249e+00
4.405000000000000249e+00
4.405000000000000249e+00
4.405000000000000249e+00
4.405000000000000249e+00
4.405000000000000249e+00
4.405000000000000249e+00
4.405000000000000249e+00
4.405000000000000249e+00
4.405000000000000249e+00
4.405000000000000249e+00
4.405000000000000249e+00
4.405000000000000249e+00
4.405000000000000249e+00
4.405000000000000249e+00
4.405000000000000249e+00
4.405000000000000249e+00
4.405000000000000249e+00
4.405000000000000249e+00
4.405000000000000249e+00
4.405000000000000249e+00
4.405000000000000249e+00
4.405000000000000249e+00
4.405000000000000249e+00
4.405000000000000249e+00
4.405000000000000249e+00
4.405000000000000249e+00
4.405000000000000249e+00
4.405000000000000249e+00
4.405000000000000249e+00
4.405000000000000249e+00
4.405999999999999694e+00
4.405999999999999694e+00
4.405999999999999694e+00
4.434000000000000163e+00
4.434000000000000163e+00
4.432999999999999829e+00
4.432000000000000384e+00
4.432000000000000384e+00
4.432999999999999829e+00
4.432999999999999829e+00
4.434000000000000163e+00
4.434000000000000163e+00
4.434000000000000163e+00
4.434000000000000163e+00
4.434000000000000163e+00
4.432999999999999829e+00
4.432999999999999829e+00
4.432999999999999829e+00
4.432999999999999829e+00
4.432999999999999829e+00
4.432999999999999829e+00
4.432999999999999829e+00
4.432999999999999829e+00
4.432999999999999829e+00
4.432999999999999829e+00
4.432999999999999829e+00
4.432999999999999829e+00
4.432999999999999829e+00
4.432999999999999829e+00
4.432999999999999829e+00
4.434000000000000163e+00
4.434000000000000163e+00
4.434000000000000163e+00
4.434000000000000163e+00
4.434000000000000163e+00
4.434000000000000163e+00
4.434000000000000163e+00
4.434000000000000163e+00
4.434000000000000163e+00
4.434000000000000163e+00
4.434000000000000163e+00
4.434000000000000163e+00
4.434000000000000163e+00
4.434000000000000163e+00
4.434000000000000163e+00
4.434000000000000163e+00
4.434000000000000163e+00
4.434000000000000163e+00
4.434000000000000163e+00
4.434000000000000163e+00
4.434000000000000163e+00
4.434000000000000163e+00
4.434000000000000163e+00
4.434000000000000163e+00
4.434000000000000163e+00
4.459999999999999964e+00
4.461000000000000298e+00
4.461000000000000298e+00
4.461000000000000298e+00
4.461000000000000298e+00
4.461000000000000298e+00
4.461000000000000298e+00
4.459999999999999964e+00
4.459999999999999964e+00
4.459999999999999964e+00
4.459999999999999964e+00
4.459999999999999964e+00
4.459999999999999964e+00
4.459999999999999964e+00
4.459999999999999964e+00
4.459999999999999964e+00
4.459999999999999964e+00
4.459999999999999964e+00
4.459999999999999964e+00
4.459999999999999964e+00
4.459999999999999964e+00
4.459999999999999964e+00
4.459999999999999964e+00
4.459999999999999964e+00
4.459999999999999964e+00
4.461000000000000298e+00
4.461000000000000298e+00
4.461000000000000298e+00
4.461000000000000298e+00
4.461000000000000298e+00
4.461000000000000298e+00
4.461000000000000298e+00
4.461000000000000298e+00
4.461000000000000298e+00
4.461000000000000298e+00
4.461000000000000298e+00
4.461000000000000298e+00
4.461000000000000298e+00
4.461000000000000298e+00
4.461000000000000298e+00
4.461000000000000298e+00
4.461000000000000298e+00
4.461000000000000298e+00
4.461000000000000298e+00
