1.591769789987133980e+09
1.591769790191112041e+09
1.591769790390908957e+09
1.591769790587517023e+09
1.591769790789935112e+09
1.591769790989952087e+09
1.591769791189100027e+09
1.591769791389106989e+09
1.591769791589149952e+09
1.591769791790919065e+09
1.591769791987200975e+09
1.591769792187210083e+09
1.591769792389324903e+09
1.591769792589355946e+09
1.591769792787363052e+09
1.591769793078691006e+09
1.591769793182257891e+09
1.591769793386544943e+09
1.591769793588758945e+09
1.591769793788029909e+09
1.591769793989449024e+09
1.591769794186791897e+09
1.591769794385715008e+09
1.591769794585695028e+09
1.591769794785744905e+09
1.591769794985728025e+09
1.591769795187764883e+09
1.591769795385762930e+09
1.591769795585730076e+09
1.591769795785849094e+09
1.591769795985959053e+09
1.591769796186203003e+09
1.591769796385937929e+09
1.591769796585954905e+09
1.591769796788027048e+09
1.591769796987400055e+09
1.591769797186043024e+09
1.591769797386167049e+09
1.591769797586122036e+09
1.591769797784090042e+09
1.591769798124403000e+09
1.591769798197060108e+09
1.591769798384710073e+09
1.591769798587203979e+09
1.591769798785414934e+09
1.591769798984524965e+09
1.591769799186676025e+09
1.591769799386187077e+09
1.591769799587234020e+09
1.591769799786386967e+09
1.591769799986228943e+09
1.591769800184967995e+09
1.591769800386466980e+09
1.591769800583487034e+09
1.591769800785430908e+09
1.591769800986553907e+09
1.591769801183608055e+09
1.591769801385137081e+09
1.591769801586519957e+09
1.591769801785284996e+09
1.591769801983294010e+09
1.591769802184952974e+09
1.591769802383985043e+09
1.591769802585436106e+09
1.591769802785893917e+09
1.591769802981148005e+09
1.591769803184519053e+09
1.591769803383328915e+09
1.591769803583179951e+09
1.591769803783488035e+09
1.591769803981911898e+09
1.591769804183641911e+09
1.591769804381107092e+09
1.591769804581487894e+09
1.591769804781306982e+09
1.591769804979377985e+09
1.591769805181199074e+09
1.591769805381908894e+09
1.591769805583578110e+09
1.591769805782501936e+09
1.591769805982486963e+09
1.591769806183111906e+09
1.591769806381844997e+09
1.591769806580024958e+09
1.591769806782177925e+09
1.591769806982975960e+09
1.591769807181833029e+09
1.591769807379837036e+09
1.591769807580065012e+09
1.591769807779916048e+09
1.591769808123260021e+09
1.591769808204426050e+09
1.591769808380068064e+09
1.591769808581970930e+09
1.591769808782258034e+09
1.591769808981154919e+09
1.591769809180176973e+09
1.591769809379791975e+09
1.591769809580264091e+09
1.591769809777894020e+09
1.591769809980068922e+09
1.591769810178107977e+09
1.591769810378859043e+09
1.591769810579917908e+09
1.591769810780683041e+09
1.591769810979743958e+09
1.591769811180790901e+09
1.591769811378648996e+09
1.591769811578540087e+09
1.591769811780467033e+09
1.591769811979620934e+09
1.591769812178627968e+09
1.591769812378664970e+09
1.591769812578352928e+09
1.591769812778825998e+09
1.591769813112106085e+09
1.591769813203742027e+09
1.591769813378809929e+09
1.591769813578526974e+09
1.591769813778748989e+09
1.591769813979851007e+09
1.591769814176935911e+09
1.591769814376710892e+09
1.591769814579545975e+09
1.591769814776904106e+09
1.591769814977777958e+09
1.591769815178138971e+09
1.591769815378570080e+09
1.591769815576972008e+09
1.591769815777101994e+09
1.591769815977010965e+09
1.591769816177155018e+09
1.591769816376970053e+09
1.591769816575056076e+09
1.591769816775244951e+09
1.591769816975318909e+09
1.591769817174978018e+09
1.591769817375243902e+09
1.591769817572828054e+09
1.591769817775486946e+09
1.591769818099828005e+09
1.591769818187767982e+09
1.591769818376952887e+09
1.591769818575414896e+09
1.591769818775487900e+09
1.591769818975145102e+09
1.591769819173939943e+09
1.591769819373043060e+09
1.591769819575956106e+09
1.591769819775408983e+09
1.591769819975665092e+09
1.591769820175843000e+09
1.591769820375911951e+09
1.591769820575459003e+09
1.591769820773726940e+09
1.591769820975449085e+09
1.591769821173856974e+09
1.591769821394556999e+09
1.591769821573934078e+09
1.591769821773813009e+09
1.591769821974188089e+09
1.591769822174109936e+09
1.591769822374177933e+09
1.591769822571932077e+09
1.591769822772236109e+09
1.591769823086133957e+09
1.591769823185888052e+09
1.591769823374648094e+09
1.591769823575036049e+09
1.591769823775361061e+09
1.591769823973819971e+09
1.591769824174242020e+09
1.591769824372745991e+09
1.591769824575443029e+09
1.591769824774271965e+09
1.591769824972356081e+09
1.591769825171376944e+09
1.591769825371627092e+09
1.591769825570991039e+09
1.591769825771529913e+09
1.591769825973129988e+09
1.591769826173758030e+09
1.591769826373310089e+09
1.591769826572832108e+09
1.591769826770864964e+09
1.591769826970609903e+09
1.591769827172518015e+09
1.591769827371328115e+09
1.591769827570616961e+09
1.591769827772501945e+09
1.591769827970529079e+09
1.591769828165585995e+09
1.591769828368721008e+09
1.591769828569387913e+09
1.591769828768559933e+09
1.591769828968913078e+09
1.591769829168486118e+09
1.591769829367135048e+09
1.591769829571269035e+09
1.591769829770958900e+09
1.591769829969551086e+09
1.591769830171340942e+09
1.591769830371454000e+09
1.591769830568412066e+09
1.591769830770595074e+09
1.591769830969494104e+09
1.591769831169177055e+09
1.591769831369512081e+09
1.591769831567291975e+09
1.591769831767610073e+09
1.591769831968820095e+09
1.591769832167711973e+09
1.591769832369834900e+09
1.591769832570914030e+09
1.591769832769162893e+09
1.591769832968636990e+09
1.591769833310525894e+09
1.591769833407345057e+09
1.591769833567121029e+09
1.591769833766585112e+09
1.591769833969536066e+09
1.591769834168483973e+09
1.591769834368597984e+09
1.591769834568978071e+09
1.591769834767044067e+09
1.591769834965720892e+09
1.591769835166903973e+09
1.591769835366343021e+09
1.591769835567280054e+09
1.591769835766159058e+09
1.591769835967869043e+09
1.591769836166069984e+09
1.591769836367042065e+09
1.591769836567174911e+09
1.591769836766762972e+09
1.591769836967492104e+09
1.591769837167006969e+09
1.591769837366472960e+09
1.591769837568154097e+09
1.591769837766141891e+09
1.591769837964348078e+09
1.591769838305965900e+09
1.591769838412452936e+09
1.591769838563203096e+09
1.591769838766536951e+09
1.591769838964256048e+09
1.591769839166017056e+09
1.591769839366403103e+09
1.591769839567903042e+09
1.591769839765467882e+09
1.591769839964499950e+09
1.591769840163219929e+09
1.591769840363967896e+09
1.591769840563158035e+09
1.591769840764633894e+09
1.591769840962587118e+09
1.591769841162442923e+09
1.591769841362545013e+09
1.591769841565728903e+09
1.591769841764755964e+09
1.591769841965317011e+09
1.591769842162178040e+09
1.591769842361665964e+09
1.591769842562726021e+09
1.591769842762811899e+09
1.591769842964703083e+09
1.591769843318136930e+09
1.591769843425097942e+09
1.591769843573542118e+09
1.591769843762737036e+09
1.591769843960633039e+09
1.591769844163717985e+09
1.591769844361454010e+09
1.591769844562638044e+09
1.591769844761373043e+09
1.591769844962203979e+09
1.591769845163594961e+09
1.591769845363786936e+09
1.591769845561712027e+09
1.591769845763735056e+09
1.591769845961374998e+09
1.591769846162378073e+09
1.591769846361565113e+09
1.591769846562217951e+09
1.591769846761348963e+09
1.591769846961455107e+09
1.591769847160923958e+09
1.591769847358880043e+09
1.591769847561256886e+09
1.591769847759747028e+09
1.591769847959676981e+09
1.591769848160660028e+09
1.591769848359251976e+09
1.591769848559421062e+09
1.591769848759223938e+09
1.591769848958893061e+09
1.591769849160238981e+09
1.591769849357640028e+09
1.591769849559065104e+09
