1.253200000000000003e+01
1.253200000000000003e+01
1.253200000000000003e+01
1.253200000000000003e+01
1.253200000000000003e+01
1.253200000000000003e+01
1.253200000000000003e+01
1.253200000000000003e+01
1.253400000000000070e+01
1.253599999999999959e+01
1.253999999999999915e+01
1.254299999999999926e+01
1.254700000000000060e+01
1.255000000000000071e+01
1.255300000000000082e+01
1.255400000000000027e+01
1.255700000000000038e+01
1.255700000000000038e+01
1.255799999999999983e+01
1.255799999999999983e+01
1.255899999999999928e+01
1.255899999999999928e+01
1.255899999999999928e+01
1.255899999999999928e+01
1.255899999999999928e+01
1.255899999999999928e+01
1.255899999999999928e+01
1.255899999999999928e+01
1.255899999999999928e+01
1.255899999999999928e+01
1.256000000000000050e+01
1.256099999999999994e+01
1.256199999999999939e+01
1.256400000000000006e+01
1.259900000000000020e+01
1.259800000000000075e+01
1.259800000000000075e+01
1.259699999999999953e+01
1.259699999999999953e+01
1.259600000000000009e+01
1.259600000000000009e+01
1.259600000000000009e+01
1.259600000000000009e+01
1.259600000000000009e+01
1.259500000000000064e+01
1.259500000000000064e+01
1.259500000000000064e+01
1.259500000000000064e+01
1.259500000000000064e+01
1.259500000000000064e+01
1.259600000000000009e+01
1.259600000000000009e+01
1.259800000000000075e+01
1.259999999999999964e+01
1.260299999999999976e+01
1.260599999999999987e+01
1.260999999999999943e+01
1.261299999999999955e+01
1.261800000000000033e+01
1.261899999999999977e+01
1.262299999999999933e+01
1.262400000000000055e+01
1.262700000000000067e+01
1.262800000000000011e+01
1.263000000000000078e+01
1.263000000000000078e+01
1.263199999999999967e+01
1.263199999999999967e+01
1.263299999999999912e+01
1.263299999999999912e+01
1.263299999999999912e+01
1.263299999999999912e+01
1.263299999999999912e+01
1.263400000000000034e+01
1.263400000000000034e+01
1.263400000000000034e+01
1.263499999999999979e+01
1.263599999999999923e+01
1.267099999999999937e+01
1.267099999999999937e+01
1.267099999999999937e+01
1.267099999999999937e+01
1.267099999999999937e+01
1.267099999999999937e+01
1.267099999999999937e+01
1.267099999999999937e+01
1.267099999999999937e+01
1.267099999999999937e+01
1.267099999999999937e+01
1.267099999999999937e+01
1.266999999999999993e+01
1.266999999999999993e+01
1.266999999999999993e+01
1.266999999999999993e+01
1.266999999999999993e+01
1.267099999999999937e+01
1.267300000000000004e+01
1.267500000000000071e+01
1.267900000000000027e+01
1.268200000000000038e+01
1.268699999999999939e+01
1.268999999999999950e+01
1.269400000000000084e+01
1.269599999999999973e+01
1.269999999999999929e+01
1.269999999999999929e+01
1.270299999999999940e+01
1.270299999999999940e+01
1.270500000000000007e+01
1.270500000000000007e+01
1.270599999999999952e+01
1.270599999999999952e+01
1.270700000000000074e+01
1.270700000000000074e+01
1.270700000000000074e+01
1.270700000000000074e+01
1.270700000000000074e+01
1.270700000000000074e+01
1.270700000000000074e+01
1.270800000000000018e+01
1.270899999999999963e+01
1.270899999999999963e+01
1.274200000000000088e+01
1.274200000000000088e+01
1.274200000000000088e+01
1.274300000000000033e+01
1.274300000000000033e+01
1.274300000000000033e+01
1.274300000000000033e+01
1.274300000000000033e+01
1.274300000000000033e+01
1.274300000000000033e+01
1.274300000000000033e+01
1.274300000000000033e+01
1.274300000000000033e+01
1.274200000000000088e+01
1.274200000000000088e+01
1.274200000000000088e+01
1.274200000000000088e+01
1.274399999999999977e+01
1.274699999999999989e+01
1.275000000000000000e+01
1.275600000000000023e+01
1.278599999999999959e+01
1.277800000000000047e+01
1.277699999999999925e+01
1.277200000000000024e+01
1.276800000000000068e+01
1.276200000000000045e+01
1.275999999999999979e+01
