2.188100000000000023e+01
2.188100000000000023e+01
2.188100000000000023e+01
2.188100000000000023e+01
2.188299999999999912e+01
2.188500000000000156e+01
2.188899999999999935e+01
2.189099999999999824e+01
2.189600000000000080e+01
2.189900000000000091e+01
2.190399999999999991e+01
2.190500000000000114e+01
2.190899999999999892e+01
2.191000000000000014e+01
2.191300000000000026e+01
2.191400000000000148e+01
2.191499999999999915e+01
2.191499999999999915e+01
2.191600000000000037e+01
2.191600000000000037e+01
2.191700000000000159e+01
2.191700000000000159e+01
2.191700000000000159e+01
2.191700000000000159e+01
2.191700000000000159e+01
2.191700000000000159e+01
2.191700000000000159e+01
2.191700000000000159e+01
2.191700000000000159e+01
2.191700000000000159e+01
2.191799999999999926e+01
2.195499999999999829e+01
2.195499999999999829e+01
2.195499999999999829e+01
2.195499999999999829e+01
2.195499999999999829e+01
2.195499999999999829e+01
2.195499999999999829e+01
2.195499999999999829e+01
2.195499999999999829e+01
2.195499999999999829e+01
2.195499999999999829e+01
2.195499999999999829e+01
2.195499999999999829e+01
2.195499999999999829e+01
2.195499999999999829e+01
2.195499999999999829e+01
2.195499999999999829e+01
2.195499999999999829e+01
2.195499999999999829e+01
2.195599999999999952e+01
2.195799999999999841e+01
2.196099999999999852e+01
2.196499999999999986e+01
2.196699999999999875e+01
2.197200000000000131e+01
2.197400000000000020e+01
2.197800000000000153e+01
2.198000000000000043e+01
2.198400000000000176e+01
2.198400000000000176e+01
2.198699999999999832e+01
2.198699999999999832e+01
2.198900000000000077e+01
2.198999999999999844e+01
2.199099999999999966e+01
2.199099999999999966e+01
2.199200000000000088e+01
2.199200000000000088e+01
2.199200000000000088e+01
2.199200000000000088e+01
2.199200000000000088e+01
2.199200000000000088e+01
2.199200000000000088e+01
2.199299999999999855e+01
2.199299999999999855e+01
2.199299999999999855e+01
2.202899999999999991e+01
2.202899999999999991e+01
2.202899999999999991e+01
2.202899999999999991e+01
2.202899999999999991e+01
2.202899999999999991e+01
2.202899999999999991e+01
2.202899999999999991e+01
2.202899999999999991e+01
2.202899999999999991e+01
2.202899999999999991e+01
2.202899999999999991e+01
2.202899999999999991e+01
2.202899999999999991e+01
2.202899999999999991e+01
2.202899999999999991e+01
2.202899999999999991e+01
2.202899999999999991e+01
2.202899999999999991e+01
2.203000000000000114e+01
2.203200000000000003e+01
2.203399999999999892e+01
2.203800000000000026e+01
2.203999999999999915e+01
2.204500000000000171e+01
2.204700000000000060e+01
2.205099999999999838e+01
2.205300000000000082e+01
2.205600000000000094e+01
2.205699999999999861e+01
2.205999999999999872e+01
2.205999999999999872e+01
2.206200000000000117e+01
2.206200000000000117e+01
2.206400000000000006e+01
2.206400000000000006e+01
2.206500000000000128e+01
2.206500000000000128e+01
2.206500000000000128e+01
2.206500000000000128e+01
2.206500000000000128e+01
2.206500000000000128e+01
2.206500000000000128e+01
2.206500000000000128e+01
2.206500000000000128e+01
2.206599999999999895e+01
2.206599999999999895e+01
2.210000000000000142e+01
2.210000000000000142e+01
2.210000000000000142e+01
2.210000000000000142e+01
2.210000000000000142e+01
2.210000000000000142e+01
2.210000000000000142e+01
2.210000000000000142e+01
2.210000000000000142e+01
2.210000000000000142e+01
2.210000000000000142e+01
2.210000000000000142e+01
2.210000000000000142e+01
2.210000000000000142e+01
2.210000000000000142e+01
2.210000000000000142e+01
2.210000000000000142e+01
2.210000000000000142e+01
2.210099999999999909e+01
2.210300000000000153e+01
2.210600000000000165e+01
2.210900000000000176e+01
2.211299999999999955e+01
2.211599999999999966e+01
2.212099999999999866e+01
2.212199999999999989e+01
