1.591695382835752010e+09
1.591695383255382061e+09
1.591695383641714096e+09
1.591695384039463043e+09
1.591695384439213037e+09
1.591695384842112064e+09
1.591695385241754055e+09
1.591695385639525890e+09
1.591695386038635969e+09
1.591695386440206051e+09
1.591695386838913918e+09
1.591695387239425898e+09
1.591695387639456034e+09
1.591695388037652969e+09
1.591695388437901020e+09
1.591695388837588072e+09
1.591695389237458944e+09
1.591695389636781931e+09
1.591695390039071083e+09
1.591695390439234972e+09
1.591695390837414026e+09
1.591695391236936092e+09
1.591695391636276960e+09
1.591695392036139965e+09
1.591695392437073946e+09
1.591695392837158918e+09
1.591695393236839056e+09
1.591695393635356903e+09
1.591695394034785032e+09
1.591695394435502052e+09
1.591695394835652113e+09
1.591695395236263990e+09
1.591695395633744955e+09
1.591695396036030054e+09
1.591695396433530092e+09
1.591695396835114002e+09
1.591695397235033989e+09
1.591695397634946108e+09
1.591695398034938097e+09
1.591695398433470964e+09
1.591695398833326101e+09
1.591695399233287096e+09
1.591695399632699013e+09
1.591695400032632113e+09
1.591695400431191921e+09
1.591695400831341028e+09
1.591695401231139898e+09
1.591695401631097078e+09
1.591695402031119108e+09
1.591695402432274103e+09
1.591695402830317020e+09
1.591695403232230902e+09
1.591695403773462057e+09
1.591695404031688929e+09
1.591695404430582047e+09
1.591695404828020096e+09
1.591695405230137110e+09
1.591695405627985954e+09
1.591695406027995110e+09
1.591695406429143906e+09
1.591695406829396009e+09
1.591695407230215073e+09
1.591695407630060911e+09
1.591695408028940916e+09
1.591695408426889896e+09
1.591695408863780022e+09
1.591695409226478100e+09
1.591695409628698111e+09
1.591695410026627064e+09
1.591695410426904917e+09
1.591695410826435089e+09
1.591695411228637934e+09
1.591695411628624916e+09
1.591695412028196096e+09
1.591695412427210093e+09
1.591695412826467037e+09
1.591695413223973036e+09
1.591695413626357079e+09
1.591695414023338079e+09
1.591695414426837921e+09
1.591695414826009035e+09
1.591695415223352909e+09
1.591695415624146938e+09
1.591695416025495052e+09
1.591695416423352003e+09
1.591695416824733973e+09
1.591695417223310947e+09
1.591695417621308088e+09
1.591695418021605015e+09
1.591695418421107054e+09
1.591695418823168039e+09
1.591695419259536982e+09
1.591695419621165037e+09
1.591695420021006107e+09
1.591695420423110008e+09
1.591695420820242882e+09
1.591695421222408056e+09
1.591695421621021986e+09
1.591695422018946886e+09
1.591695422421039104e+09
1.591695422820307016e+09
1.591695423220180035e+09
1.591695423621032000e+09
1.591695424021421909e+09
1.591695424419317007e+09
1.591695424819322109e+09
1.591695425219178915e+09
1.591695425619106054e+09
1.591695426019022942e+09
1.591695426417022943e+09
1.591695426818872929e+09
1.591695427217521906e+09
1.591695427617048025e+09
1.591695428017117023e+09
1.591695428419143915e+09
1.591695428819122076e+09
1.591695429216944933e+09
1.591695429616857052e+09
1.591695430016793013e+09
1.591695430414767027e+09
1.591695430816926956e+09
1.591695431216974974e+09
1.591695431614835978e+09
1.591695432015141964e+09
1.591695432414623022e+09
1.591695432816988945e+09
1.591695433216681957e+09
1.591695433614629984e+09
1.591695434016777039e+09
1.591695434552540064e+09
1.591695434814248085e+09
1.591695435214121103e+09
1.591695435611829042e+09
1.591695436012772083e+09
1.591695436414413929e+09
1.591695436812076092e+09
1.591695437212296963e+09
1.591695437612039089e+09
1.591695438015273094e+09
1.591695438411885977e+09
1.591695438812131882e+09
1.591695439210263968e+09
1.591695439608697891e+09
1.591695440012710094e+09
1.591695440411999941e+09
1.591695440812057972e+09
1.591695441210783005e+09
1.591695441610419989e+09
1.591695442011403084e+09
1.591695442412614107e+09
