1.654700000000000060e+01
1.655399999999999849e+01
1.655699999999999861e+01
1.655799999999999983e+01
1.655799999999999983e+01
1.655799999999999983e+01
1.655999999999999872e+01
1.659400000000000119e+01
1.659199999999999875e+01
1.659100000000000108e+01
1.659100000000000108e+01
1.659100000000000108e+01
1.659299999999999997e+01
1.660000000000000142e+01
1.660900000000000176e+01
1.662699999999999889e+01
1.662600000000000122e+01
1.662500000000000000e+01
1.662500000000000000e+01
1.662600000000000122e+01
1.662999999999999901e+01
1.663899999999999935e+01
1.664799999999999969e+01
1.665599999999999881e+01
1.665899999999999892e+01
1.666000000000000014e+01
1.666000000000000014e+01
1.666100000000000136e+01
1.666300000000000026e+01
1.669699999999999918e+01
1.669500000000000028e+01
1.669399999999999906e+01
1.669300000000000139e+01
1.669300000000000139e+01
1.669500000000000028e+01
1.670200000000000173e+01
1.671199999999999974e+01
1.672899999999999920e+01
1.672800000000000153e+01
1.672800000000000153e+01
1.672800000000000153e+01
1.672899999999999920e+01
1.673300000000000054e+01
1.674200000000000088e+01
1.675100000000000122e+01
1.675799999999999912e+01
1.676200000000000045e+01
1.676300000000000168e+01
1.676300000000000168e+01
1.676399999999999935e+01
1.676699999999999946e+01
1.679799999999999827e+01
1.679700000000000060e+01
1.679599999999999937e+01
1.679599999999999937e+01
1.679799999999999827e+01
1.680300000000000082e+01
1.681200000000000117e+01
1.682100000000000151e+01
1.682799999999999940e+01
1.683099999999999952e+01
1.683200000000000074e+01
1.683200000000000074e+01
1.683299999999999841e+01
1.683599999999999852e+01
1.686700000000000088e+01
1.686599999999999966e+01
1.686499999999999844e+01
1.686499999999999844e+01
1.686599999999999966e+01
1.687000000000000099e+01
1.687800000000000011e+01
1.690200000000000102e+01
1.690099999999999980e+01
1.689999999999999858e+01
1.689999999999999858e+01
1.689999999999999858e+01
1.690399999999999991e+01
1.691300000000000026e+01
1.692299999999999827e+01
1.692999999999999972e+01
1.693400000000000105e+01
1.693499999999999872e+01
1.693499999999999872e+01
1.693499999999999872e+01
1.693700000000000117e+01
1.697400000000000020e+01
1.696999999999999886e+01
1.696900000000000119e+01
1.696900000000000119e+01
1.696799999999999997e+01
1.696900000000000119e+01
1.697500000000000142e+01
1.698400000000000176e+01
1.700400000000000134e+01
1.700400000000000134e+01
1.700300000000000011e+01
1.700199999999999889e+01
1.700300000000000011e+01
1.700700000000000145e+01
1.701500000000000057e+01
1.703900000000000148e+01
1.703800000000000026e+01
1.703699999999999903e+01
1.703699999999999903e+01
1.703699999999999903e+01
1.704100000000000037e+01
1.704899999999999949e+01
1.705900000000000105e+01
1.706700000000000017e+01
1.707100000000000151e+01
1.707300000000000040e+01
1.707300000000000040e+01
1.707300000000000040e+01
1.707400000000000162e+01
1.711199999999999832e+01
1.710800000000000054e+01
1.710699999999999932e+01
1.710699999999999932e+01
1.710600000000000165e+01
1.710699999999999932e+01
1.711299999999999955e+01
1.712199999999999989e+01
1.714300000000000068e+01
1.714199999999999946e+01
1.714099999999999824e+01
1.714000000000000057e+01
1.714099999999999824e+01
1.714399999999999835e+01
1.715200000000000102e+01
1.717800000000000082e+01
1.717699999999999960e+01
1.717599999999999838e+01
1.717500000000000071e+01
1.717500000000000071e+01
1.717899999999999849e+01
1.718599999999999994e+01
1.719600000000000151e+01
1.721199999999999974e+01
1.721000000000000085e+01
1.721000000000000085e+01
1.721000000000000085e+01
1.721199999999999974e+01
1.721699999999999875e+01
1.722700000000000031e+01
1.724599999999999866e+01
1.724500000000000099e+01
1.724399999999999977e+01
1.724399999999999977e+01
1.776000000000000156e+01
1.776099999999999923e+01
1.776500000000000057e+01
1.779500000000000171e+01
1.779400000000000048e+01
1.779299999999999926e+01
1.779299999999999926e+01
1.779400000000000048e+01
1.779899999999999949e+01
1.780699999999999861e+01
1.781700000000000017e+01
1.782400000000000162e+01
1.782799999999999940e+01
1.782900000000000063e+01
1.782900000000000063e+01
1.782900000000000063e+01
1.783200000000000074e+01
1.786499999999999844e+01
1.786400000000000077e+01
1.786299999999999955e+01
1.786199999999999832e+01
1.786199999999999832e+01
1.786499999999999844e+01
1.787199999999999989e+01
1.788200000000000145e+01
1.789799999999999969e+01
1.789699999999999847e+01
1.789600000000000080e+01
1.789600000000000080e+01
1.789799999999999969e+01
1.790299999999999869e+01
1.791199999999999903e+01
1.792099999999999937e+01
1.792800000000000082e+01
1.793100000000000094e+01
1.793199999999999861e+01
1.793199999999999861e+01
1.793299999999999983e+01
1.793499999999999872e+01
1.796799999999999997e+01
1.796699999999999875e+01
1.796600000000000108e+01
1.796600000000000108e+01
1.796600000000000108e+01
1.796799999999999997e+01
1.797599999999999909e+01
1.798499999999999943e+01
1.800199999999999889e+01
1.800100000000000122e+01
1.800000000000000000e+01
1.800000000000000000e+01
1.800199999999999889e+01
1.800700000000000145e+01
1.801599999999999824e+01
1.802499999999999858e+01
1.803200000000000003e+01
1.803500000000000014e+01
1.803600000000000136e+01
1.803600000000000136e+01
1.803600000000000136e+01
1.803900000000000148e+01
1.807199999999999918e+01
1.807100000000000151e+01
1.807000000000000028e+01
1.806899999999999906e+01
1.806899999999999906e+01
1.807199999999999918e+01
1.807999999999999829e+01
1.808999999999999986e+01
1.810500000000000043e+01
1.810399999999999920e+01
1.810399999999999920e+01
1.810399999999999920e+01
1.810500000000000043e+01
1.811100000000000065e+01
1.812000000000000099e+01
1.812900000000000134e+01
1.813599999999999923e+01
1.813899999999999935e+01
1.813899999999999935e+01
1.814000000000000057e+01
1.814000000000000057e+01
1.814199999999999946e+01
1.817500000000000071e+01
1.817399999999999949e+01
1.817299999999999827e+01
1.817200000000000060e+01
1.817200000000000060e+01
1.817599999999999838e+01
1.818299999999999983e+01
1.819300000000000139e+01
1.820799999999999841e+01
1.820700000000000074e+01
1.820599999999999952e+01
1.820599999999999952e+01
1.820799999999999841e+01
1.821399999999999864e+01
1.822299999999999898e+01
1.823300000000000054e+01
1.823900000000000077e+01
1.824200000000000088e+01
1.824200000000000088e+01
1.824200000000000088e+01
1.824299999999999855e+01
1.824500000000000099e+01
1.827799999999999869e+01
1.827599999999999980e+01
1.827599999999999980e+01
1.827499999999999858e+01
1.827499999999999858e+01
1.827799999999999869e+01
1.828399999999999892e+01
1.829400000000000048e+01
1.830199999999999960e+01
1.830799999999999983e+01
1.830999999999999872e+01
1.831099999999999994e+01
1.831099999999999994e+01
1.831200000000000117e+01
1.831599999999999895e+01
1.834600000000000009e+01
1.834499999999999886e+01
1.834400000000000119e+01
1.834400000000000119e+01
1.834400000000000119e+01
1.834900000000000020e+01
1.835699999999999932e+01
1.838100000000000023e+01
1.837900000000000134e+01
1.837900000000000134e+01
1.837800000000000011e+01
1.837800000000000011e+01
1.838299999999999912e+01
1.839099999999999824e+01
1.839999999999999858e+01
1.840899999999999892e+01
1.841300000000000026e+01
1.841400000000000148e+01
1.841400000000000148e+01
1.841400000000000148e+01
1.841600000000000037e+01
1.842000000000000171e+01
1.844900000000000162e+01
1.844800000000000040e+01
1.844699999999999918e+01
1.844699999999999918e+01
1.844800000000000040e+01
1.845299999999999940e+01
1.846199999999999974e+01
1.847200000000000131e+01
1.872700000000000031e+01
1.875900000000000034e+01
1.875799999999999912e+01
1.875700000000000145e+01
1.875700000000000145e+01
1.875700000000000145e+01
1.876000000000000156e+01
1.876800000000000068e+01
1.877799999999999869e+01
1.878600000000000136e+01
1.879100000000000037e+01
1.879299999999999926e+01
1.879299999999999926e+01
1.879299999999999926e+01
1.879400000000000048e+01
1.879700000000000060e+01
1.882700000000000173e+01
1.882600000000000051e+01
1.882600000000000051e+01
1.882499999999999929e+01
1.882600000000000051e+01
1.882999999999999829e+01
1.883800000000000097e+01
1.886199999999999832e+01
1.886100000000000065e+01
1.885999999999999943e+01
1.885999999999999943e+01
1.885999999999999943e+01
1.886299999999999955e+01
1.887000000000000099e+01
1.887999999999999901e+01
1.889600000000000080e+01
1.889399999999999835e+01
1.889399999999999835e+01
1.889399999999999835e+01
1.889600000000000080e+01
1.890099999999999980e+01
1.891000000000000014e+01
1.892000000000000171e+01
1.892599999999999838e+01
1.892899999999999849e+01
1.892999999999999972e+01
1.892999999999999972e+01
1.892999999999999972e+01
1.893299999999999983e+01
1.896600000000000108e+01
1.896499999999999986e+01
1.896399999999999864e+01
1.896300000000000097e+01
1.896300000000000097e+01
1.896699999999999875e+01
1.897500000000000142e+01
1.898499999999999943e+01
1.899299999999999855e+01
1.899800000000000111e+01
1.899899999999999878e+01
1.899899999999999878e+01
1.899899999999999878e+01
1.900000000000000000e+01
1.900400000000000134e+01
1.903399999999999892e+01
1.903300000000000125e+01
1.903200000000000003e+01
1.903200000000000003e+01
1.903300000000000125e+01
1.903800000000000026e+01
1.904700000000000060e+01
1.905600000000000094e+01
1.906299999999999883e+01
1.906700000000000017e+01
1.906800000000000139e+01
1.906800000000000139e+01
1.906800000000000139e+01
1.907100000000000151e+01
1.910399999999999920e+01
1.910300000000000153e+01
1.910200000000000031e+01
1.910099999999999909e+01
1.910099999999999909e+01
1.910399999999999920e+01
1.911199999999999832e+01
1.912199999999999989e+01
1.913700000000000045e+01
1.913599999999999923e+01
1.913599999999999923e+01
1.913599999999999923e+01
1.913700000000000045e+01
1.914300000000000068e+01
1.915200000000000102e+01
1.916100000000000136e+01
1.916799999999999926e+01
1.917099999999999937e+01
1.917099999999999937e+01
1.917099999999999937e+01
1.917200000000000060e+01
1.917399999999999949e+01
1.920599999999999952e+01
1.920599999999999952e+01
1.920499999999999829e+01
1.920499999999999829e+01
1.920499999999999829e+01
1.920700000000000074e+01
1.921399999999999864e+01
1.924299999999999855e+01
1.923999999999999844e+01
1.923900000000000077e+01
1.923900000000000077e+01
1.923799999999999955e+01
1.923999999999999844e+01
1.924699999999999989e+01
1.925600000000000023e+01
1.927499999999999858e+01
1.927400000000000091e+01
1.927299999999999969e+01
1.927299999999999969e+01
1.927400000000000091e+01
1.927799999999999869e+01
1.928699999999999903e+01
1.930999999999999872e+01
1.930900000000000105e+01
1.930799999999999983e+01
1.930799999999999983e+01
1.930799999999999983e+01
1.931200000000000117e+01
1.932100000000000151e+01
1.933099999999999952e+01
1.933800000000000097e+01
1.934299999999999997e+01
1.934400000000000119e+01
1.934299999999999997e+01
1.934299999999999997e+01
1.934499999999999886e+01
1.934900000000000020e+01
1.937800000000000011e+01
1.937699999999999889e+01
1.937699999999999889e+01
1.937699999999999889e+01
1.937699999999999889e+01
1.938200000000000145e+01
1.939099999999999824e+01
1.941300000000000026e+01
1.941199999999999903e+01
1.941100000000000136e+01
1.941100000000000136e+01
1.941100000000000136e+01
1.941600000000000037e+01
1.942399999999999949e+01
1.943400000000000105e+01
1.944200000000000017e+01
1.969900000000000162e+01
1.970899999999999963e+01
1.971699999999999875e+01
1.972100000000000009e+01
1.972200000000000131e+01
1.972200000000000131e+01
1.972200000000000131e+01
1.972400000000000020e+01
1.976099999999999923e+01
1.975700000000000145e+01
1.975600000000000023e+01
1.975600000000000023e+01
1.975499999999999901e+01
1.975600000000000023e+01
1.976200000000000045e+01
1.977100000000000080e+01
1.978000000000000114e+01
1.978699999999999903e+01
1.978999999999999915e+01
1.979100000000000037e+01
1.979100000000000037e+01
1.979200000000000159e+01
1.979400000000000048e+01
1.982600000000000051e+01
1.982499999999999929e+01
1.982499999999999929e+01
1.982400000000000162e+01
1.982400000000000162e+01
1.982799999999999940e+01
1.983599999999999852e+01
1.984600000000000009e+01
1.985399999999999920e+01
1.985900000000000176e+01
1.985999999999999943e+01
1.985999999999999943e+01
1.985999999999999943e+01
1.986100000000000065e+01
1.989799999999999969e+01
1.989499999999999957e+01
1.989399999999999835e+01
1.989300000000000068e+01
1.989300000000000068e+01
1.989499999999999957e+01
1.989999999999999858e+01
1.990899999999999892e+01
1.992800000000000082e+01
1.992699999999999960e+01
1.992699999999999960e+01
1.992699999999999960e+01
1.992800000000000082e+01
1.993199999999999861e+01
1.994000000000000128e+01
1.996399999999999864e+01
1.996300000000000097e+01
1.996199999999999974e+01
1.996099999999999852e+01
1.996099999999999852e+01
1.996499999999999986e+01
1.997400000000000020e+01
1.998400000000000176e+01
1.999200000000000088e+01
1.999599999999999866e+01
1.999699999999999989e+01
1.999699999999999989e+01
1.999699999999999989e+01
1.999800000000000111e+01
2.000199999999999889e+01
2.003099999999999881e+01
2.003099999999999881e+01
2.003000000000000114e+01
2.003000000000000114e+01
2.003099999999999881e+01
2.003500000000000014e+01
2.004400000000000048e+01
2.006700000000000017e+01
2.006599999999999895e+01
2.006500000000000128e+01
2.006400000000000006e+01
2.006400000000000006e+01
2.006899999999999906e+01
2.007700000000000173e+01
2.008699999999999974e+01
2.009499999999999886e+01
2.009900000000000020e+01
2.010000000000000142e+01
2.010000000000000142e+01
2.010000000000000142e+01
2.010200000000000031e+01
2.010500000000000043e+01
2.013500000000000156e+01
2.013400000000000034e+01
2.013299999999999912e+01
2.013299999999999912e+01
2.013400000000000034e+01
2.013899999999999935e+01
2.014699999999999847e+01
2.017000000000000171e+01
2.016900000000000048e+01
2.016799999999999926e+01
2.016799999999999926e+01
2.016799999999999926e+01
2.017200000000000060e+01
2.017999999999999972e+01
2.019000000000000128e+01
2.019800000000000040e+01
2.020200000000000173e+01
2.020400000000000063e+01
2.020400000000000063e+01
2.020400000000000063e+01
2.020499999999999829e+01
2.020899999999999963e+01
2.023900000000000077e+01
2.023799999999999955e+01
2.023699999999999832e+01
2.023699999999999832e+01
2.023799999999999955e+01
2.024200000000000088e+01
2.025100000000000122e+01
2.027299999999999969e+01
2.027299999999999969e+01
2.027199999999999847e+01
2.027199999999999847e+01
2.027199999999999847e+01
2.027599999999999980e+01
2.028399999999999892e+01
2.029400000000000048e+01
2.030199999999999960e+01
2.030600000000000094e+01
2.030699999999999861e+01
2.030699999999999861e+01
2.030699999999999861e+01
2.030900000000000105e+01
2.031200000000000117e+01
2.034199999999999875e+01
2.034100000000000108e+01
2.033999999999999986e+01
2.033999999999999986e+01
2.034100000000000108e+01
2.034499999999999886e+01
2.035399999999999920e+01
2.037699999999999889e+01
2.037600000000000122e+01
2.037500000000000000e+01
2.037500000000000000e+01
2.037500000000000000e+01
2.037800000000000011e+01
2.038599999999999923e+01
2.039600000000000080e+01
2.040399999999999991e+01
2.040899999999999892e+01
2.066300000000000026e+01
2.068599999999999994e+01
2.068599999999999994e+01
2.068499999999999872e+01
2.068400000000000105e+01
2.068400000000000105e+01
2.068900000000000006e+01
2.069600000000000151e+01
2.070599999999999952e+01
2.071399999999999864e+01
2.071900000000000119e+01
2.071999999999999886e+01
2.071999999999999886e+01
2.071999999999999886e+01
2.072100000000000009e+01
2.072500000000000142e+01
2.075499999999999901e+01
2.075400000000000134e+01
2.075300000000000011e+01
2.075300000000000011e+01
2.075400000000000134e+01
2.075799999999999912e+01
2.076699999999999946e+01
2.078999999999999915e+01
2.078900000000000148e+01
2.078800000000000026e+01
2.078800000000000026e+01
2.078800000000000026e+01
2.079200000000000159e+01
2.079899999999999949e+01
2.080900000000000105e+01
2.081800000000000139e+01
2.082199999999999918e+01
2.082400000000000162e+01
2.082400000000000162e+01
2.082400000000000162e+01
2.082499999999999929e+01
2.082799999999999940e+01
2.085800000000000054e+01
2.085800000000000054e+01
2.085699999999999932e+01
2.085699999999999932e+01
2.085699999999999932e+01
2.085999999999999943e+01
2.086799999999999855e+01
2.089399999999999835e+01
2.089199999999999946e+01
2.089099999999999824e+01
2.089099999999999824e+01
2.089099999999999824e+01
2.089399999999999835e+01
2.090099999999999980e+01
2.091100000000000136e+01
2.092699999999999960e+01
2.092599999999999838e+01
2.092500000000000071e+01
2.092500000000000071e+01
2.092699999999999960e+01
2.093199999999999861e+01
2.094099999999999895e+01
2.094999999999999929e+01
2.095700000000000074e+01
2.096000000000000085e+01
2.096099999999999852e+01
2.096099999999999852e+01
2.096099999999999852e+01
2.096399999999999864e+01
2.099699999999999989e+01
2.099500000000000099e+01
2.099399999999999977e+01
2.099399999999999977e+01
2.099399999999999977e+01
2.099599999999999866e+01
2.100300000000000011e+01
2.101300000000000168e+01
2.103000000000000114e+01
2.102899999999999991e+01
2.102799999999999869e+01
2.102799999999999869e+01
2.102899999999999991e+01
2.103399999999999892e+01
2.104299999999999926e+01
2.105199999999999960e+01
2.105900000000000105e+01
2.106299999999999883e+01
2.106400000000000006e+01
2.106400000000000006e+01
2.106400000000000006e+01
2.106599999999999895e+01
2.110000000000000142e+01
2.109900000000000020e+01
2.109799999999999898e+01
2.109700000000000131e+01
2.109700000000000131e+01
2.109900000000000020e+01
2.110600000000000165e+01
2.111499999999999844e+01
2.113299999999999912e+01
2.113200000000000145e+01
2.113100000000000023e+01
2.113100000000000023e+01
2.113200000000000145e+01
2.113599999999999923e+01
2.114499999999999957e+01
2.116799999999999926e+01
2.116700000000000159e+01
2.116700000000000159e+01
2.116600000000000037e+01
2.116600000000000037e+01
2.117000000000000171e+01
2.117800000000000082e+01
2.118799999999999883e+01
2.119600000000000151e+01
2.119999999999999929e+01
2.120200000000000173e+01
2.120200000000000173e+01
2.120200000000000173e+01
2.120299999999999940e+01
2.120700000000000074e+01
2.123600000000000065e+01
2.123499999999999943e+01
2.123499999999999943e+01
2.123499999999999943e+01
2.123499999999999943e+01
2.123999999999999844e+01
2.124800000000000111e+01
2.127100000000000080e+01
2.126999999999999957e+01
2.126899999999999835e+01
2.126899999999999835e+01
2.126899999999999835e+01
2.127299999999999969e+01
2.128099999999999881e+01
2.129100000000000037e+01
2.129899999999999949e+01
2.130399999999999849e+01
2.130499999999999972e+01
2.130499999999999972e+01
2.130499999999999972e+01
2.130600000000000094e+01
2.130999999999999872e+01
2.133899999999999864e+01
2.133899999999999864e+01
2.133800000000000097e+01
2.133800000000000097e+01
2.133800000000000097e+01
2.134199999999999875e+01
2.135000000000000142e+01
2.137500000000000000e+01
2.137300000000000111e+01
2.162900000000000134e+01
2.163800000000000168e+01
2.164499999999999957e+01
2.164799999999999969e+01
2.164900000000000091e+01
2.164900000000000091e+01
2.164999999999999858e+01
2.165200000000000102e+01
2.168599999999999994e+01
2.168400000000000105e+01
2.168299999999999983e+01
2.168299999999999983e+01
2.168299999999999983e+01
2.168499999999999872e+01
2.169099999999999895e+01
2.170100000000000051e+01
2.171799999999999997e+01
2.171799999999999997e+01
2.171699999999999875e+01
2.171699999999999875e+01
2.171799999999999997e+01
2.172200000000000131e+01
2.173100000000000165e+01
2.175400000000000134e+01
2.175300000000000011e+01
2.175199999999999889e+01
2.175199999999999889e+01
2.175100000000000122e+01
2.175499999999999901e+01
2.176300000000000168e+01
2.177299999999999969e+01
2.178099999999999881e+01
2.178600000000000136e+01
2.178699999999999903e+01
2.178699999999999903e+01
2.178699999999999903e+01
2.178800000000000026e+01
2.179200000000000159e+01
2.182199999999999918e+01
2.182100000000000151e+01
2.182000000000000028e+01
2.182000000000000028e+01
2.182100000000000151e+01
2.182400000000000162e+01
2.183200000000000074e+01
2.185699999999999932e+01
2.185600000000000165e+01
2.185500000000000043e+01
2.185500000000000043e+01
2.185500000000000043e+01
2.185800000000000054e+01
2.186499999999999844e+01
2.187500000000000000e+01
2.189099999999999824e+01
2.189000000000000057e+01
2.188899999999999935e+01
2.188899999999999935e+01
2.189000000000000057e+01
2.189499999999999957e+01
2.190399999999999991e+01
2.191400000000000148e+01
2.192099999999999937e+01
2.192399999999999949e+01
2.192500000000000071e+01
2.192500000000000071e+01
2.192500000000000071e+01
2.192699999999999960e+01
2.196199999999999974e+01
2.196000000000000085e+01
2.195899999999999963e+01
2.195799999999999841e+01
2.195799999999999841e+01
2.196099999999999852e+01
2.196699999999999875e+01
2.197700000000000031e+01
2.199500000000000099e+01
2.199399999999999977e+01
2.199299999999999855e+01
2.199299999999999855e+01
2.199399999999999977e+01
2.199899999999999878e+01
2.200700000000000145e+01
2.201699999999999946e+01
2.202400000000000091e+01
2.202700000000000102e+01
2.202899999999999991e+01
2.202899999999999991e+01
2.202899999999999991e+01
2.203099999999999881e+01
2.206500000000000128e+01
2.206299999999999883e+01
2.206200000000000117e+01
2.206200000000000117e+01
2.206200000000000117e+01
2.206400000000000006e+01
2.207100000000000151e+01
2.207999999999999829e+01
2.209799999999999898e+01
2.209700000000000131e+01
2.209600000000000009e+01
2.209600000000000009e+01
2.209700000000000131e+01
2.210200000000000031e+01
2.210999999999999943e+01
2.212000000000000099e+01
2.212699999999999889e+01
2.212999999999999901e+01
2.213200000000000145e+01
2.213200000000000145e+01
2.213200000000000145e+01
2.213400000000000034e+01
2.216799999999999926e+01
2.216600000000000037e+01
2.216499999999999915e+01
2.216499999999999915e+01
2.216499999999999915e+01
2.216700000000000159e+01
2.217399999999999949e+01
2.218299999999999983e+01
2.220100000000000051e+01
2.219999999999999929e+01
2.219900000000000162e+01
2.219900000000000162e+01
2.219999999999999929e+01
2.220400000000000063e+01
2.221300000000000097e+01
2.223600000000000065e+01
2.223499999999999943e+01
2.223400000000000176e+01
2.223400000000000176e+01
2.223400000000000176e+01
2.223799999999999955e+01
2.224599999999999866e+01
2.225600000000000023e+01
2.226399999999999935e+01
2.226800000000000068e+01
2.226999999999999957e+01
2.226999999999999957e+01
2.226999999999999957e+01
2.227100000000000080e+01
2.227400000000000091e+01
2.230399999999999849e+01
2.230399999999999849e+01
2.230300000000000082e+01
2.230300000000000082e+01
2.230300000000000082e+01
2.258800000000000097e+01
2.259799999999999898e+01
2.261400000000000077e+01
2.261299999999999955e+01
2.261299999999999955e+01
2.261299999999999955e+01
2.261400000000000077e+01
2.261899999999999977e+01
2.262800000000000011e+01
2.263700000000000045e+01
2.264399999999999835e+01
2.264699999999999847e+01
2.264900000000000091e+01
2.264900000000000091e+01
2.264900000000000091e+01
2.265099999999999980e+01
2.268499999999999872e+01
2.268299999999999983e+01
2.268199999999999861e+01
2.268199999999999861e+01
2.268199999999999861e+01
2.268400000000000105e+01
2.269099999999999895e+01
2.269999999999999929e+01
2.271799999999999997e+01
2.271699999999999875e+01
2.271600000000000108e+01
2.271600000000000108e+01
2.271699999999999875e+01
2.272200000000000131e+01
2.273100000000000165e+01
2.273999999999999844e+01
2.274699999999999989e+01
2.275100000000000122e+01
2.275199999999999889e+01
2.275199999999999889e+01
2.275199999999999889e+01
2.275400000000000134e+01
2.278800000000000026e+01
2.278600000000000136e+01
2.278500000000000014e+01
2.278500000000000014e+01
2.278500000000000014e+01
2.278800000000000026e+01
2.279500000000000171e+01
2.280499999999999972e+01
2.282100000000000151e+01
2.282000000000000028e+01
2.281899999999999906e+01
2.281899999999999906e+01
2.282100000000000151e+01
2.282600000000000051e+01
2.283500000000000085e+01
2.284499999999999886e+01
2.285099999999999909e+01
2.285399999999999920e+01
2.285500000000000043e+01
2.285500000000000043e+01
2.285500000000000043e+01
2.285800000000000054e+01
2.289000000000000057e+01
2.288899999999999935e+01
2.288800000000000168e+01
2.288700000000000045e+01
2.288700000000000045e+01
2.289099999999999824e+01
2.289799999999999969e+01
2.290800000000000125e+01
2.292299999999999827e+01
2.292200000000000060e+01
2.292200000000000060e+01
2.292200000000000060e+01
2.292399999999999949e+01
2.292899999999999849e+01
2.293900000000000006e+01
2.294800000000000040e+01
2.295400000000000063e+01
2.295700000000000074e+01
2.295799999999999841e+01
2.295799999999999841e+01
2.295899999999999963e+01
2.296099999999999852e+01
2.299399999999999977e+01
2.299299999999999855e+01
2.299200000000000088e+01
2.299099999999999966e+01
2.299099999999999966e+01
2.299399999999999977e+01
2.300199999999999889e+01
2.301099999999999923e+01
2.302700000000000102e+01
2.302599999999999980e+01
2.302599999999999980e+01
2.302599999999999980e+01
2.302700000000000102e+01
2.303200000000000003e+01
2.304100000000000037e+01
2.305000000000000071e+01
2.305699999999999861e+01
2.305999999999999872e+01
2.306099999999999994e+01
2.306200000000000117e+01
2.306200000000000117e+01
2.306400000000000006e+01
2.309799999999999898e+01
2.309700000000000131e+01
2.309600000000000009e+01
2.309499999999999886e+01
2.309499999999999886e+01
2.309700000000000131e+01
2.310399999999999920e+01
2.311400000000000077e+01
2.313100000000000023e+01
2.312999999999999901e+01
2.312999999999999901e+01
2.312999999999999901e+01
2.312999999999999901e+01
2.313500000000000156e+01
2.314399999999999835e+01
2.316600000000000037e+01
2.316499999999999915e+01
2.316499999999999915e+01
2.316400000000000148e+01
2.316400000000000148e+01
2.316900000000000048e+01
2.317699999999999960e+01
2.318700000000000117e+01
2.319500000000000028e+01
2.319900000000000162e+01
2.319999999999999929e+01
2.319999999999999929e+01
2.319999999999999929e+01
2.320100000000000051e+01
2.320499999999999829e+01
2.354500000000000171e+01
2.355099999999999838e+01
2.355999999999999872e+01
2.357900000000000063e+01
2.357799999999999940e+01
2.357799999999999940e+01
2.357700000000000173e+01
2.357700000000000173e+01
2.358099999999999952e+01
2.358800000000000097e+01
2.361499999999999844e+01
2.361299999999999955e+01
2.361199999999999832e+01
2.361199999999999832e+01
2.361199999999999832e+01
2.361299999999999955e+01
2.362000000000000099e+01
2.362900000000000134e+01
2.364699999999999847e+01
2.364699999999999847e+01
2.364600000000000080e+01
2.364600000000000080e+01
2.364600000000000080e+01
2.364999999999999858e+01
2.365800000000000125e+01
2.368299999999999983e+01
2.368100000000000094e+01
2.368100000000000094e+01
2.367999999999999972e+01
2.367999999999999972e+01
2.368299999999999983e+01
2.368900000000000006e+01
2.369900000000000162e+01
2.371699999999999875e+01
2.371600000000000108e+01
2.371499999999999986e+01
2.371499999999999986e+01
2.371499999999999986e+01
2.371900000000000119e+01
2.372700000000000031e+01
2.375199999999999889e+01
2.375100000000000122e+01
2.375000000000000000e+01
2.375000000000000000e+01
2.375000000000000000e+01
2.375199999999999889e+01
2.375900000000000034e+01
2.376899999999999835e+01
2.378600000000000136e+01
2.378500000000000014e+01
2.378399999999999892e+01
2.378399999999999892e+01
2.378399999999999892e+01
2.378900000000000148e+01
2.379700000000000060e+01
2.382000000000000028e+01
2.381899999999999906e+01
2.381899999999999906e+01
2.381800000000000139e+01
2.381800000000000139e+01
2.382100000000000151e+01
2.382799999999999940e+01
2.383800000000000097e+01
2.385399999999999920e+01
2.385300000000000153e+01
2.385300000000000153e+01
2.385300000000000153e+01
2.385399999999999920e+01
2.385800000000000054e+01
2.386700000000000088e+01
2.388899999999999935e+01
2.388800000000000168e+01
2.388800000000000168e+01
2.388700000000000045e+01
2.388700000000000045e+01
2.389099999999999824e+01
2.389900000000000091e+01
2.390800000000000125e+01
2.391700000000000159e+01
2.392099999999999937e+01
2.392299999999999827e+01
2.392299999999999827e+01
2.392299999999999827e+01
2.392399999999999949e+01
2.392699999999999960e+01
2.395799999999999841e+01
2.395700000000000074e+01
2.395599999999999952e+01
2.395599999999999952e+01
2.395599999999999952e+01
2.396000000000000085e+01
2.396799999999999997e+01
2.399200000000000088e+01
2.399099999999999966e+01
2.398999999999999844e+01
2.398999999999999844e+01
2.398999999999999844e+01
2.399299999999999855e+01
2.400100000000000122e+01
2.401099999999999923e+01
2.401899999999999835e+01
2.402400000000000091e+01
2.402599999999999980e+01
2.402599999999999980e+01
2.402599999999999980e+01
2.402700000000000102e+01
2.403000000000000114e+01
2.406099999999999994e+01
2.405999999999999872e+01
2.405900000000000105e+01
2.405900000000000105e+01
2.405900000000000105e+01
2.406200000000000117e+01
2.407000000000000028e+01
2.409700000000000131e+01
2.409499999999999886e+01
2.409400000000000119e+01
2.409400000000000119e+01
2.409400000000000119e+01
2.409600000000000009e+01
2.410200000000000031e+01
2.450300000000000011e+01
2.450600000000000023e+01
2.450700000000000145e+01
2.450799999999999912e+01
2.450799999999999912e+01
2.451000000000000156e+01
2.454400000000000048e+01
2.454200000000000159e+01
2.454100000000000037e+01
2.454100000000000037e+01
2.453999999999999915e+01
2.454200000000000159e+01
2.454700000000000060e+01
2.455600000000000094e+01
2.457600000000000051e+01
2.457600000000000051e+01
2.457499999999999929e+01
2.457499999999999929e+01
2.457499999999999929e+01
2.457799999999999940e+01
2.458500000000000085e+01
2.461299999999999955e+01
2.461100000000000065e+01
2.460999999999999943e+01
2.460900000000000176e+01
2.460900000000000176e+01
2.461100000000000065e+01
2.461700000000000088e+01
2.462600000000000122e+01
2.464499999999999957e+01
2.464499999999999957e+01
2.464399999999999835e+01
2.464399999999999835e+01
2.464399999999999835e+01
2.464699999999999847e+01
2.465500000000000114e+01
2.468199999999999861e+01
2.467999999999999972e+01
2.467899999999999849e+01
2.467899999999999849e+01
2.467899999999999849e+01
2.467999999999999972e+01
2.468700000000000117e+01
2.469600000000000151e+01
2.471399999999999864e+01
2.471300000000000097e+01
2.471300000000000097e+01
2.471300000000000097e+01
2.471300000000000097e+01
2.471699999999999875e+01
2.472599999999999909e+01
2.475000000000000000e+01
2.474899999999999878e+01
2.474800000000000111e+01
2.474800000000000111e+01
2.474699999999999989e+01
2.475000000000000000e+01
2.475799999999999912e+01
2.476699999999999946e+01
2.478300000000000125e+01
2.478200000000000003e+01
2.478099999999999881e+01
2.478099999999999881e+01
2.478200000000000003e+01
2.478699999999999903e+01
2.479599999999999937e+01
2.480499999999999972e+01
2.481200000000000117e+01
2.481599999999999895e+01
2.481700000000000017e+01
2.481700000000000017e+01
2.481700000000000017e+01
2.481899999999999906e+01
2.485399999999999920e+01
2.485099999999999909e+01
2.485000000000000142e+01
2.485000000000000142e+01
2.485000000000000142e+01
2.485099999999999909e+01
2.485699999999999932e+01
2.486599999999999966e+01
2.488599999999999923e+01
2.488500000000000156e+01
2.488400000000000034e+01
2.488400000000000034e+01
2.488400000000000034e+01
2.488700000000000045e+01
2.489499999999999957e+01
2.492099999999999937e+01
2.491900000000000048e+01
2.491799999999999926e+01
2.491799999999999926e+01
2.491799999999999926e+01
2.492000000000000171e+01
2.492699999999999960e+01
2.493700000000000117e+01
2.495299999999999940e+01
2.495200000000000173e+01
2.495200000000000173e+01
2.495200000000000173e+01
2.495299999999999940e+01
2.495700000000000074e+01
2.496499999999999986e+01
2.498900000000000077e+01
2.498799999999999955e+01
2.498699999999999832e+01
2.498699999999999832e+01
2.498699999999999832e+01
2.498999999999999844e+01
2.499699999999999989e+01
2.500700000000000145e+01
2.502299999999999969e+01
2.502199999999999847e+01
2.502100000000000080e+01
2.502100000000000080e+01
2.502199999999999847e+01
2.543400000000000105e+01
2.543400000000000105e+01
2.543400000000000105e+01
2.543400000000000105e+01
2.543799999999999883e+01
2.544500000000000028e+01
2.546900000000000119e+01
2.546900000000000119e+01
2.546799999999999997e+01
2.546699999999999875e+01
2.546699999999999875e+01
2.546699999999999875e+01
2.546999999999999886e+01
2.547700000000000031e+01
2.550499999999999901e+01
2.550300000000000011e+01
2.550199999999999889e+01
2.550199999999999889e+01
2.550100000000000122e+01
2.550100000000000122e+01
2.550199999999999889e+01
2.550700000000000145e+01
2.551599999999999824e+01
2.553600000000000136e+01
2.553600000000000136e+01
2.553500000000000014e+01
2.553500000000000014e+01
2.553500000000000014e+01
2.553500000000000014e+01
2.553800000000000026e+01
2.554500000000000171e+01
2.557100000000000151e+01
2.557000000000000028e+01
2.556899999999999906e+01
2.556800000000000139e+01
2.556800000000000139e+01
2.556800000000000139e+01
2.557000000000000028e+01
2.557700000000000173e+01
2.558599999999999852e+01
2.560399999999999920e+01
2.560300000000000153e+01
2.560200000000000031e+01
2.560200000000000031e+01
2.560200000000000031e+01
2.560300000000000153e+01
2.560699999999999932e+01
2.561400000000000077e+01
2.563800000000000168e+01
2.563700000000000045e+01
2.563700000000000045e+01
2.563599999999999923e+01
2.563599999999999923e+01
2.563599999999999923e+01
2.563899999999999935e+01
2.564499999999999957e+01
2.567399999999999949e+01
2.567200000000000060e+01
2.567099999999999937e+01
2.567000000000000171e+01
2.567000000000000171e+01
2.567000000000000171e+01
2.567099999999999937e+01
2.567500000000000071e+01
2.568299999999999983e+01
2.570599999999999952e+01
2.570499999999999829e+01
2.570400000000000063e+01
2.570400000000000063e+01
2.570400000000000063e+01
2.570400000000000063e+01
2.570599999999999952e+01
2.571199999999999974e+01
2.574099999999999966e+01
2.573900000000000077e+01
2.573799999999999955e+01
2.573799999999999955e+01
2.573799999999999955e+01
2.573799999999999955e+01
2.573900000000000077e+01
2.574399999999999977e+01
2.575199999999999889e+01
2.577299999999999969e+01
2.577199999999999847e+01
2.577100000000000080e+01
2.577100000000000080e+01
2.577100000000000080e+01
2.577100000000000080e+01
2.577400000000000091e+01
2.578099999999999881e+01
2.580699999999999861e+01
2.580600000000000094e+01
2.580499999999999972e+01
2.580499999999999972e+01
2.580499999999999972e+01
2.580499999999999972e+01
2.580600000000000094e+01
2.581200000000000117e+01
2.582100000000000151e+01
2.583999999999999986e+01
2.583899999999999864e+01
2.583899999999999864e+01
2.583899999999999864e+01
2.583899999999999864e+01
2.583899999999999864e+01
2.584299999999999997e+01
2.585000000000000142e+01
2.624099999999999966e+01
2.624500000000000099e+01
2.625300000000000011e+01
2.628000000000000114e+01
2.627899999999999991e+01
2.627899999999999991e+01
2.627899999999999991e+01
2.627899999999999991e+01
2.628000000000000114e+01
2.628300000000000125e+01
2.628999999999999915e+01
2.631599999999999895e+01
2.631299999999999883e+01
2.631200000000000117e+01
2.631099999999999994e+01
2.630999999999999872e+01
2.630999999999999872e+01
2.631099999999999994e+01
2.631599999999999895e+01
2.632400000000000162e+01
2.634499999999999886e+01
2.634400000000000119e+01
2.634299999999999997e+01
2.634299999999999997e+01
2.634299999999999997e+01
2.634400000000000119e+01
2.634700000000000131e+01
2.635399999999999920e+01
2.637900000000000134e+01
2.637800000000000011e+01
2.637699999999999889e+01
2.637699999999999889e+01
2.637699999999999889e+01
2.637699999999999889e+01
2.637900000000000134e+01
2.638500000000000156e+01
2.639399999999999835e+01
2.641199999999999903e+01
2.641000000000000014e+01
2.641000000000000014e+01
2.641000000000000014e+01
2.641000000000000014e+01
2.641100000000000136e+01
2.641499999999999915e+01
2.642299999999999827e+01
2.644500000000000028e+01
2.644399999999999906e+01
2.644300000000000139e+01
2.644300000000000139e+01
2.644300000000000139e+01
2.644300000000000139e+01
2.644600000000000151e+01
2.645299999999999940e+01
2.647899999999999920e+01
2.647800000000000153e+01
2.647800000000000153e+01
2.647700000000000031e+01
2.647700000000000031e+01
2.647700000000000031e+01
2.647899999999999920e+01
2.648499999999999943e+01
2.649399999999999977e+01
2.651099999999999923e+01
2.650900000000000034e+01
2.650900000000000034e+01
2.650900000000000034e+01
2.650900000000000034e+01
2.651000000000000156e+01
2.651500000000000057e+01
2.652299999999999969e+01
2.654400000000000048e+01
2.654400000000000048e+01
2.654500000000000171e+01
2.654500000000000171e+01
2.654500000000000171e+01
2.654400000000000048e+01
2.654599999999999937e+01
2.655199999999999960e+01
2.657900000000000063e+01
2.657799999999999940e+01
2.657799999999999940e+01
2.657700000000000173e+01
2.657700000000000173e+01
2.657600000000000051e+01
2.657799999999999940e+01
2.658299999999999841e+01
2.659199999999999875e+01
2.661199999999999832e+01
2.661100000000000065e+01
2.660999999999999943e+01
2.660999999999999943e+01
2.660999999999999943e+01
2.660999999999999943e+01
2.661400000000000077e+01
2.662099999999999866e+01
2.664499999999999957e+01
2.664399999999999835e+01
2.664300000000000068e+01
2.664300000000000068e+01
2.664300000000000068e+01
2.664300000000000068e+01
2.664600000000000080e+01
2.665299999999999869e+01
2.707799999999999940e+01
2.707799999999999940e+01
2.707700000000000173e+01
2.707900000000000063e+01
2.708399999999999963e+01
2.709299999999999997e+01
2.711299999999999955e+01
2.711299999999999955e+01
2.711299999999999955e+01
2.711299999999999955e+01
2.711299999999999955e+01
2.711299999999999955e+01
2.711599999999999966e+01
2.712300000000000111e+01
2.714799999999999969e+01
2.714799999999999969e+01
2.714699999999999847e+01
2.714699999999999847e+01
2.714699999999999847e+01
2.714699999999999847e+01
2.714999999999999858e+01
2.715700000000000003e+01
2.718400000000000105e+01
2.718199999999999861e+01
2.718100000000000094e+01
2.718100000000000094e+01
2.718100000000000094e+01
2.718100000000000094e+01
2.718199999999999861e+01
2.718700000000000117e+01
2.719500000000000028e+01
2.721600000000000108e+01
2.721499999999999986e+01
2.721499999999999986e+01
2.721499999999999986e+01
2.721399999999999864e+01
2.721499999999999986e+01
2.721799999999999997e+01
2.722500000000000142e+01
2.725000000000000000e+01
2.724899999999999878e+01
2.724899999999999878e+01
2.724899999999999878e+01
2.724899999999999878e+01
2.724899999999999878e+01
2.725100000000000122e+01
2.725700000000000145e+01
2.726599999999999824e+01
2.728399999999999892e+01
2.728300000000000125e+01
2.728300000000000125e+01
2.728300000000000125e+01
2.728300000000000125e+01
2.728300000000000125e+01
2.728800000000000026e+01
2.729599999999999937e+01
2.732100000000000151e+01
2.732000000000000028e+01
2.731700000000000017e+01
2.731400000000000006e+01
2.731200000000000117e+01
2.731099999999999994e+01
2.731299999999999883e+01
2.732000000000000028e+01
2.733699999999999974e+01
2.733599999999999852e+01
2.733800000000000097e+01
2.734299999999999997e+01
2.734799999999999898e+01
2.735000000000000142e+01
2.735399999999999920e+01
2.735900000000000176e+01
2.736599999999999966e+01
2.739199999999999946e+01
2.738899999999999935e+01
2.738800000000000168e+01
2.738800000000000168e+01
2.738899999999999935e+01
2.739000000000000057e+01
2.739600000000000080e+01
2.740500000000000114e+01
2.742500000000000071e+01
2.742399999999999949e+01
2.742299999999999827e+01
2.742200000000000060e+01
2.742200000000000060e+01
2.742200000000000060e+01
2.742500000000000071e+01
2.743299999999999983e+01
2.745700000000000074e+01
2.745599999999999952e+01
2.745400000000000063e+01
2.745400000000000063e+01
2.745499999999999829e+01
2.745599999999999952e+01
2.745799999999999841e+01
2.791900000000000048e+01
2.791900000000000048e+01
2.791900000000000048e+01
2.791900000000000048e+01
2.792000000000000171e+01
2.792599999999999838e+01
2.793499999999999872e+01
2.795299999999999940e+01
2.795200000000000173e+01
2.795200000000000173e+01
2.795200000000000173e+01
2.795200000000000173e+01
2.795299999999999940e+01
2.795799999999999841e+01
2.796699999999999875e+01
2.798699999999999832e+01
2.798600000000000065e+01
2.798499999999999943e+01
2.798499999999999943e+01
2.798499999999999943e+01
2.798600000000000065e+01
2.799099999999999966e+01
2.799899999999999878e+01
2.802100000000000080e+01
2.801999999999999957e+01
2.801899999999999835e+01
2.801899999999999835e+01
2.801899999999999835e+01
2.801999999999999957e+01
2.802400000000000091e+01
2.803200000000000003e+01
2.805399999999999849e+01
2.805300000000000082e+01
2.805199999999999960e+01
2.805199999999999960e+01
2.805199999999999960e+01
2.805300000000000082e+01
2.805699999999999861e+01
2.806500000000000128e+01
2.808699999999999974e+01
2.808599999999999852e+01
2.808500000000000085e+01
2.808500000000000085e+01
2.808500000000000085e+01
2.808599999999999852e+01
2.808999999999999986e+01
2.809799999999999898e+01
2.812000000000000099e+01
2.811899999999999977e+01
2.811799999999999855e+01
2.811799999999999855e+01
2.811799999999999855e+01
2.811899999999999977e+01
2.812300000000000111e+01
2.813200000000000145e+01
2.815200000000000102e+01
2.815200000000000102e+01
2.815099999999999980e+01
2.815099999999999980e+01
2.815099999999999980e+01
2.815200000000000102e+01
2.815700000000000003e+01
2.816499999999999915e+01
2.818599999999999994e+01
2.818499999999999872e+01
2.818499999999999872e+01
2.818499999999999872e+01
2.818499999999999872e+01
2.818599999999999994e+01
2.819099999999999895e+01
2.819999999999999929e+01
2.821999999999999886e+01
2.821900000000000119e+01
2.821900000000000119e+01
2.821900000000000119e+01
2.821900000000000119e+01
2.821999999999999886e+01
2.822599999999999909e+01
2.823400000000000176e+01
2.825400000000000134e+01
2.825300000000000011e+01
2.825300000000000011e+01
2.825300000000000011e+01
2.825300000000000011e+01
2.825400000000000134e+01
2.826000000000000156e+01
2.826899999999999835e+01
2.828800000000000026e+01
2.828699999999999903e+01
2.828600000000000136e+01
2.828600000000000136e+01
2.828600000000000136e+01
2.828800000000000026e+01
2.876899999999999835e+01
2.879700000000000060e+01
2.879500000000000171e+01
2.879400000000000048e+01
2.879299999999999926e+01
2.879299999999999926e+01
2.879299999999999926e+01
2.879599999999999937e+01
2.880300000000000082e+01
2.883099999999999952e+01
2.882900000000000063e+01
2.882799999999999940e+01
2.882799999999999940e+01
2.882700000000000173e+01
2.882700000000000173e+01
2.882999999999999829e+01
2.883599999999999852e+01
2.884600000000000009e+01
2.886299999999999955e+01
2.886199999999999832e+01
2.886100000000000065e+01
2.886100000000000065e+01
2.886100000000000065e+01
2.886299999999999955e+01
2.887000000000000099e+01
2.887900000000000134e+01
2.888700000000000045e+01
2.889300000000000068e+01
2.889499999999999957e+01
2.889600000000000080e+01
2.889600000000000080e+01
2.889600000000000080e+01
2.889799999999999969e+01
2.893400000000000105e+01
2.893100000000000094e+01
2.892999999999999972e+01
2.892899999999999849e+01
2.892899999999999849e+01
2.892899999999999849e+01
2.892999999999999972e+01
2.893599999999999994e+01
2.894500000000000028e+01
2.896399999999999864e+01
2.896300000000000097e+01
2.896300000000000097e+01
2.896300000000000097e+01
2.896300000000000097e+01
2.896399999999999864e+01
2.896999999999999886e+01
2.897800000000000153e+01
2.899800000000000111e+01
2.899699999999999989e+01
2.899599999999999866e+01
2.899599999999999866e+01
2.899599999999999866e+01
2.899800000000000111e+01
2.900400000000000134e+01
2.901200000000000045e+01
2.903200000000000003e+01
2.903099999999999881e+01
2.903000000000000114e+01
2.903000000000000114e+01
2.903000000000000114e+01
2.903200000000000003e+01
2.903800000000000026e+01
2.904700000000000060e+01
2.906599999999999895e+01
2.906500000000000128e+01
2.906400000000000006e+01
2.906400000000000006e+01
2.906400000000000006e+01
2.906500000000000128e+01
2.907199999999999918e+01
2.908099999999999952e+01
2.908899999999999864e+01
2.909499999999999886e+01
2.909799999999999898e+01
2.909900000000000020e+01
2.909900000000000020e+01
2.909900000000000020e+01
2.910000000000000142e+01
2.913599999999999923e+01
2.913299999999999912e+01
2.913200000000000145e+01
2.913200000000000145e+01
2.913100000000000023e+01
2.913100000000000023e+01
2.913299999999999912e+01
2.963599999999999923e+01
2.963599999999999923e+01
2.963700000000000045e+01
2.964099999999999824e+01
2.964900000000000091e+01
2.967299999999999827e+01
2.967200000000000060e+01
2.967099999999999937e+01
2.967099999999999937e+01
2.967099999999999937e+01
2.967200000000000060e+01
2.967599999999999838e+01
2.968400000000000105e+01
2.970799999999999841e+01
2.970700000000000074e+01
2.970599999999999952e+01
2.970599999999999952e+01
2.970599999999999952e+01
2.970599999999999952e+01
2.970899999999999963e+01
2.971699999999999875e+01
2.974200000000000088e+01
2.973999999999999844e+01
2.973999999999999844e+01
2.973900000000000077e+01
2.973900000000000077e+01
2.973999999999999844e+01
2.974299999999999855e+01
2.975000000000000000e+01
2.977599999999999980e+01
2.977400000000000091e+01
2.977299999999999969e+01
2.977299999999999969e+01
2.977199999999999847e+01
2.977199999999999847e+01
2.977400000000000091e+01
2.978099999999999881e+01
2.980900000000000105e+01
2.980699999999999861e+01
2.980600000000000094e+01
2.980600000000000094e+01
2.980600000000000094e+01
2.980600000000000094e+01
2.980799999999999983e+01
2.981500000000000128e+01
2.984299999999999997e+01
2.984199999999999875e+01
2.984100000000000108e+01
2.983999999999999986e+01
2.983999999999999986e+01
2.983999999999999986e+01
2.984299999999999997e+01
2.985000000000000142e+01
2.987800000000000011e+01
2.987800000000000011e+01
2.987900000000000134e+01
2.987999999999999901e+01
2.987999999999999901e+01
2.988100000000000023e+01
2.988400000000000034e+01
2.989099999999999824e+01
2.989999999999999858e+01
2.991400000000000148e+01
2.991199999999999903e+01
2.991000000000000014e+01
2.990899999999999892e+01
2.990800000000000125e+01
2.991000000000000014e+01
2.991700000000000159e+01
2.993700000000000117e+01
2.992899999999999849e+01
2.992699999999999960e+01
2.992800000000000082e+01
2.992999999999999972e+01
2.993100000000000094e+01
2.993400000000000105e+01
2.994099999999999895e+01
2.997400000000000020e+01
2.997200000000000131e+01
2.997200000000000131e+01
2.997100000000000009e+01
2.997100000000000009e+01
2.997200000000000131e+01
2.997400000000000020e+01
2.998000000000000043e+01
2.998999999999999844e+01
3.051200000000000045e+01
3.051200000000000045e+01
3.051200000000000045e+01
3.051300000000000168e+01
3.051800000000000068e+01
3.052599999999999980e+01
3.054799999999999827e+01
3.054700000000000060e+01
3.054599999999999937e+01
3.054599999999999937e+01
3.054599999999999937e+01
3.054599999999999937e+01
3.055099999999999838e+01
3.055900000000000105e+01
3.058099999999999952e+01
3.057999999999999829e+01
3.057999999999999829e+01
3.057999999999999829e+01
3.057900000000000063e+01
3.057999999999999829e+01
3.058399999999999963e+01
3.059199999999999875e+01
3.061499999999999844e+01
3.061400000000000077e+01
3.061299999999999955e+01
3.061299999999999955e+01
3.061299999999999955e+01
3.061299999999999955e+01
3.061799999999999855e+01
3.062500000000000000e+01
3.064799999999999969e+01
3.064699999999999847e+01
3.064600000000000080e+01
3.064600000000000080e+01
3.064600000000000080e+01
3.064699999999999847e+01
3.065099999999999980e+01
3.065899999999999892e+01
3.068199999999999861e+01
3.068100000000000094e+01
3.067999999999999972e+01
3.067999999999999972e+01
3.067999999999999972e+01
3.068100000000000094e+01
3.068499999999999872e+01
3.069300000000000139e+01
3.071499999999999986e+01
3.071399999999999864e+01
3.071399999999999864e+01
3.071399999999999864e+01
3.071399999999999864e+01
3.071399999999999864e+01
3.071900000000000119e+01
3.072700000000000031e+01
3.074899999999999878e+01
3.074800000000000111e+01
3.074800000000000111e+01
3.074800000000000111e+01
3.074699999999999989e+01
3.074800000000000111e+01
3.075300000000000011e+01
3.076099999999999923e+01
3.078300000000000125e+01
3.078200000000000003e+01
3.078099999999999881e+01
3.078099999999999881e+01
3.078099999999999881e+01
3.078200000000000003e+01
3.078699999999999903e+01
3.079599999999999937e+01
3.081599999999999895e+01
3.081599999999999895e+01
3.081500000000000128e+01
3.081500000000000128e+01
3.081500000000000128e+01
3.081599999999999895e+01
3.082199999999999918e+01
3.082999999999999829e+01
3.085000000000000142e+01
3.084900000000000020e+01
3.084900000000000020e+01
3.084900000000000020e+01
3.138700000000000045e+01
3.138700000000000045e+01
3.138599999999999923e+01
3.138599999999999923e+01
3.138599999999999923e+01
3.138700000000000045e+01
3.139199999999999946e+01
3.140099999999999980e+01
3.142099999999999937e+01
3.142099999999999937e+01
3.142000000000000171e+01
3.142000000000000171e+01
3.142000000000000171e+01
3.142099999999999937e+01
3.142699999999999960e+01
3.143499999999999872e+01
3.145499999999999829e+01
3.145400000000000063e+01
3.145400000000000063e+01
3.145400000000000063e+01
3.145400000000000063e+01
3.145499999999999829e+01
3.146000000000000085e+01
3.146900000000000119e+01
3.148900000000000077e+01
3.148799999999999955e+01
3.148799999999999955e+01
3.148799999999999955e+01
3.148799999999999955e+01
3.148900000000000077e+01
3.149399999999999977e+01
3.150199999999999889e+01
3.152299999999999969e+01
3.152199999999999847e+01
3.152199999999999847e+01
3.152199999999999847e+01
3.152199999999999847e+01
3.152199999999999847e+01
3.152700000000000102e+01
3.153500000000000014e+01
3.155600000000000094e+01
3.155600000000000094e+01
3.155499999999999972e+01
3.155499999999999972e+01
3.155499999999999972e+01
3.155499999999999972e+01
3.155999999999999872e+01
3.156800000000000139e+01
3.158999999999999986e+01
3.158899999999999864e+01
3.158800000000000097e+01
3.158800000000000097e+01
3.158800000000000097e+01
3.158899999999999864e+01
3.159400000000000119e+01
3.160200000000000031e+01
3.162399999999999878e+01
3.162300000000000111e+01
3.162199999999999989e+01
3.162199999999999989e+01
3.162199999999999989e+01
3.162300000000000111e+01
3.162800000000000011e+01
3.163599999999999923e+01
3.165700000000000003e+01
3.165700000000000003e+01
3.165599999999999881e+01
3.165599999999999881e+01
3.165599999999999881e+01
3.165700000000000003e+01
3.166100000000000136e+01
3.166900000000000048e+01
3.169099999999999895e+01
3.169000000000000128e+01
3.169000000000000128e+01
3.168900000000000006e+01
3.168900000000000006e+01
3.169000000000000128e+01
3.169500000000000028e+01
3.222999999999999687e+01
3.223499999999999943e+01
3.224300000000000210e+01
3.226400000000000290e+01
3.226299999999999812e+01
3.226299999999999812e+01
3.226299999999999812e+01
3.226200000000000045e+01
3.226299999999999812e+01
3.226800000000000068e+01
3.227700000000000102e+01
3.229800000000000182e+01
3.229699999999999704e+01
3.229599999999999937e+01
3.229599999999999937e+01
3.229599999999999937e+01
3.229699999999999704e+01
3.230199999999999960e+01
3.231000000000000227e+01
3.233100000000000307e+01
3.232999999999999829e+01
3.232900000000000063e+01
3.232900000000000063e+01
3.232900000000000063e+01
3.232999999999999829e+01
3.233500000000000085e+01
3.234400000000000119e+01
3.236399999999999721e+01
3.236299999999999955e+01
3.236299999999999955e+01
3.236299999999999955e+01
3.236299999999999955e+01
3.236399999999999721e+01
3.236999999999999744e+01
3.237899999999999778e+01
3.239699999999999847e+01
3.239600000000000080e+01
3.239600000000000080e+01
3.239600000000000080e+01
3.239600000000000080e+01
3.239900000000000091e+01
3.240500000000000114e+01
3.243299999999999983e+01
3.243099999999999739e+01
3.242999999999999972e+01
3.242999999999999972e+01
3.242900000000000205e+01
3.242900000000000205e+01
3.243200000000000216e+01
3.243900000000000006e+01
3.246699999999999875e+01
3.246500000000000341e+01
3.246399999999999864e+01
3.246300000000000097e+01
3.246300000000000097e+01
3.246300000000000097e+01
3.246600000000000108e+01
3.247299999999999898e+01
3.250000000000000000e+01
3.249799999999999756e+01
3.249699999999999989e+01
3.249699999999999989e+01
3.249699999999999989e+01
3.249699999999999989e+01
3.250000000000000000e+01
3.250800000000000267e+01
3.253300000000000125e+01
3.253199999999999648e+01
3.253099999999999881e+01
3.253099999999999881e+01
3.253000000000000114e+01
3.253099999999999881e+01
3.253399999999999892e+01
3.254200000000000159e+01
3.256700000000000017e+01
3.256499999999999773e+01
3.256400000000000006e+01
3.256400000000000006e+01
3.309100000000000108e+01
3.309100000000000108e+01
3.309199999999999875e+01
3.309199999999999875e+01
3.309300000000000352e+01
3.309400000000000119e+01
3.312299999999999756e+01
3.312299999999999756e+01
3.312299999999999756e+01
3.312700000000000244e+01
3.313499999999999801e+01
3.314699999999999847e+01
3.314999999999999858e+01
3.315599999999999881e+01
3.315599999999999881e+01
3.315699999999999648e+01
3.315699999999999648e+01
3.315699999999999648e+01
3.316100000000000136e+01
3.316400000000000148e+01
3.316899999999999693e+01
3.317199999999999704e+01
3.317799999999999727e+01
3.317999999999999972e+01
3.318399999999999750e+01
3.318500000000000227e+01
3.318900000000000006e+01
3.319100000000000250e+01
3.319500000000000028e+01
3.319800000000000040e+01
3.321900000000000119e+01
3.321999999999999886e+01
3.322599999999999909e+01
3.324199999999999733e+01
3.324699999999999989e+01
3.325399999999999778e+01
3.325300000000000011e+01
3.325300000000000011e+01
3.325300000000000011e+01
3.325300000000000011e+01
3.325600000000000023e+01
3.325900000000000034e+01
3.326500000000000057e+01
3.326800000000000068e+01
3.327400000000000091e+01
3.327600000000000335e+01
3.328099999999999881e+01
3.328199999999999648e+01
3.328499999999999659e+01
3.328699999999999903e+01
3.329099999999999682e+01
3.329399999999999693e+01
3.331700000000000017e+01
3.331600000000000250e+01
3.331700000000000017e+01
3.332800000000000296e+01
3.333700000000000330e+01
3.335000000000000142e+01
3.335000000000000142e+01
3.335199999999999676e+01
3.335099999999999909e+01
3.335000000000000142e+01
3.335099999999999909e+01
3.335300000000000153e+01
3.335799999999999699e+01
3.336099999999999710e+01
3.336699999999999733e+01
3.336999999999999744e+01
3.337599999999999767e+01
3.337800000000000011e+01
3.338199999999999790e+01
3.338400000000000034e+01
3.338900000000000290e+01
3.339099999999999824e+01
3.339600000000000080e+01
3.341700000000000159e+01
3.396999999999999886e+01
3.397099999999999653e+01
3.397399999999999665e+01
3.397599999999999909e+01
3.397999999999999687e+01
3.398299999999999699e+01
3.398700000000000188e+01
3.400500000000000256e+01
3.400699999999999790e+01
3.401500000000000057e+01
3.403300000000000125e+01
3.403600000000000136e+01
3.404099999999999682e+01
3.403999999999999915e+01
3.403999999999999915e+01
3.403900000000000148e+01
3.403900000000000148e+01
3.404299999999999926e+01
3.404599999999999937e+01
3.405199999999999960e+01
3.405499999999999972e+01
3.406099999999999994e+01
3.406300000000000239e+01
3.406799999999999784e+01
3.406900000000000261e+01
3.407200000000000273e+01
3.407399999999999807e+01
3.407800000000000296e+01
3.407999999999999829e+01
3.408500000000000085e+01
3.410399999999999920e+01
3.410399999999999920e+01
3.410999999999999943e+01
3.412500000000000000e+01
3.413100000000000023e+01
3.413900000000000290e+01
3.413799999999999812e+01
3.413900000000000290e+01
3.413900000000000290e+01
3.413799999999999812e+01
3.414000000000000057e+01
3.414300000000000068e+01
3.414900000000000091e+01
3.415200000000000102e+01
3.415800000000000125e+01
3.415999999999999659e+01
3.416499999999999915e+01
3.416599999999999682e+01
3.417000000000000171e+01
3.417199999999999704e+01
3.417499999999999716e+01
3.417799999999999727e+01
3.418200000000000216e+01
3.420300000000000296e+01
3.420300000000000296e+01
3.420600000000000307e+01
3.421999999999999886e+01
3.422699999999999676e+01
3.423599999999999710e+01
3.423599999999999710e+01
3.423799999999999955e+01
3.423700000000000188e+01
3.423599999999999710e+01
3.423799999999999955e+01
3.424099999999999966e+01
3.424600000000000222e+01
3.424900000000000233e+01
3.425500000000000256e+01
3.425800000000000267e+01
3.426299999999999812e+01
3.426400000000000290e+01
3.426800000000000068e+01
3.484100000000000108e+01
3.484899999999999665e+01
3.485399999999999920e+01
3.485499999999999687e+01
3.485900000000000176e+01
3.486099999999999710e+01
3.486500000000000199e+01
3.486699999999999733e+01
3.487100000000000222e+01
3.489099999999999824e+01
3.489099999999999824e+01
3.489800000000000324e+01
3.491499999999999915e+01
3.491899999999999693e+01
3.492600000000000193e+01
3.492499999999999716e+01
3.492499999999999716e+01
3.492499999999999716e+01
3.492499999999999716e+01
3.492799999999999727e+01
3.493099999999999739e+01
3.493699999999999761e+01
3.493999999999999773e+01
3.494500000000000028e+01
3.494800000000000040e+01
3.495199999999999818e+01
3.495300000000000296e+01
3.495700000000000074e+01
3.495900000000000318e+01
3.496300000000000097e+01
3.496500000000000341e+01
3.496999999999999886e+01
3.498899999999999721e+01
3.499000000000000199e+01
3.499900000000000233e+01
3.501599999999999824e+01
3.501899999999999835e+01
3.502400000000000091e+01
3.502400000000000091e+01
3.502300000000000324e+01
3.502300000000000324e+01
3.502300000000000324e+01
3.502700000000000102e+01
3.503000000000000114e+01
3.503600000000000136e+01
3.503900000000000148e+01
3.504399999999999693e+01
3.504699999999999704e+01
3.505100000000000193e+01
3.505199999999999960e+01
3.505599999999999739e+01
3.505799999999999983e+01
3.506199999999999761e+01
3.506400000000000006e+01
3.506799999999999784e+01
3.508700000000000330e+01
3.508800000000000097e+01
3.509400000000000119e+01
3.510999999999999943e+01
3.511500000000000199e+01
3.512199999999999989e+01
3.512199999999999989e+01
3.512199999999999989e+01
3.512100000000000222e+01
3.511999999999999744e+01
3.512299999999999756e+01
3.512599999999999767e+01
3.513199999999999790e+01
3.513499999999999801e+01
3.514000000000000057e+01
3.514300000000000068e+01
3.572399999999999665e+01
3.572699999999999676e+01
3.573299999999999699e+01
3.573599999999999710e+01
3.574199999999999733e+01
3.574399999999999977e+01
3.574799999999999756e+01
3.574900000000000233e+01
3.575300000000000011e+01
3.575500000000000256e+01
3.575900000000000034e+01
3.576100000000000279e+01
3.578399999999999892e+01
3.578399999999999892e+01
3.578699999999999903e+01
3.580100000000000193e+01
3.580899999999999750e+01
3.581799999999999784e+01
3.581799999999999784e+01
3.582000000000000028e+01
3.581900000000000261e+01
3.581799999999999784e+01
3.581900000000000261e+01
3.582200000000000273e+01
3.582699999999999818e+01
3.582999999999999829e+01
3.583599999999999852e+01
3.583899999999999864e+01
3.584400000000000119e+01
3.584599999999999653e+01
3.584899999999999665e+01
3.585099999999999909e+01
3.585399999999999920e+01
3.585699999999999932e+01
3.586099999999999710e+01
3.586299999999999955e+01
3.588400000000000034e+01
3.588499999999999801e+01
3.589200000000000301e+01
3.590899999999999892e+01
3.591299999999999670e+01
3.592000000000000171e+01
3.592000000000000171e+01
3.592000000000000171e+01
3.591899999999999693e+01
3.591799999999999926e+01
3.592099999999999937e+01
3.592399999999999949e+01
3.592999999999999972e+01
3.593299999999999983e+01
3.593900000000000006e+01
3.594200000000000017e+01
3.594700000000000273e+01
3.594800000000000040e+01
3.595100000000000051e+01
3.595300000000000296e+01
3.595700000000000074e+01
3.595900000000000318e+01
3.596300000000000097e+01
3.598499999999999943e+01
3.598499999999999943e+01
3.598700000000000188e+01
3.599799999999999756e+01
3.600699999999999790e+01
3.601700000000000301e+01
3.601800000000000068e+01
3.602000000000000313e+01
3.602000000000000313e+01
3.601899999999999835e+01
3.662299999999999756e+01
3.662299999999999756e+01
3.662199999999999989e+01
3.662100000000000222e+01
3.662400000000000233e+01
3.662599999999999767e+01
3.663199999999999790e+01
3.663499999999999801e+01
3.664099999999999824e+01
3.664399999999999835e+01
3.664900000000000091e+01
3.664999999999999858e+01
3.665299999999999869e+01
3.665500000000000114e+01
3.665899999999999892e+01
3.666100000000000136e+01
3.666499999999999915e+01
3.668699999999999761e+01
3.668699999999999761e+01
3.668900000000000006e+01
3.669899999999999807e+01
3.670799999999999841e+01
3.671900000000000119e+01
3.671999999999999886e+01
3.672299999999999898e+01
3.672299999999999898e+01
3.672200000000000131e+01
3.672200000000000131e+01
3.672399999999999665e+01
3.672899999999999920e+01
3.673199999999999932e+01
3.673799999999999955e+01
3.674099999999999966e+01
3.674600000000000222e+01
3.674799999999999756e+01
3.675200000000000244e+01
3.675300000000000011e+01
3.675699999999999790e+01
3.675900000000000034e+01
3.676299999999999812e+01
3.676500000000000057e+01
3.678699999999999903e+01
3.678699999999999903e+01
3.678999999999999915e+01
3.680400000000000205e+01
3.681199999999999761e+01
3.682200000000000273e+01
3.682200000000000273e+01
3.682300000000000040e+01
3.682300000000000040e+01
3.682200000000000273e+01
3.682300000000000040e+01
3.682500000000000284e+01
3.682999999999999829e+01
3.683400000000000318e+01
3.684000000000000341e+01
3.684199999999999875e+01
3.684799999999999898e+01
3.685000000000000142e+01
3.685300000000000153e+01
3.685399999999999920e+01
3.685799999999999699e+01
3.686099999999999710e+01
3.686500000000000199e+01
3.686699999999999733e+01
3.688900000000000290e+01
3.688900000000000290e+01
3.749199999999999733e+01
3.749199999999999733e+01
3.749399999999999977e+01
3.750699999999999790e+01
3.751500000000000057e+01
3.752499999999999858e+01
3.752499999999999858e+01
3.752700000000000102e+01
3.752600000000000335e+01
3.752499999999999858e+01
3.752700000000000102e+01
3.752900000000000347e+01
3.753499999999999659e+01
3.753799999999999670e+01
3.754399999999999693e+01
3.754599999999999937e+01
3.755199999999999960e+01
3.755299999999999727e+01
3.755700000000000216e+01
3.755799999999999983e+01
3.756199999999999761e+01
3.756400000000000006e+01
3.756900000000000261e+01
3.759100000000000108e+01
3.759100000000000108e+01
3.759199999999999875e+01
3.760099999999999909e+01
3.760999999999999943e+01
3.762199999999999989e+01
3.762299999999999756e+01
3.762700000000000244e+01
3.762599999999999767e+01
3.762599999999999767e+01
3.762599999999999767e+01
3.762800000000000011e+01
3.763300000000000267e+01
3.763600000000000279e+01
3.764200000000000301e+01
3.764399999999999835e+01
3.764999999999999858e+01
3.765200000000000102e+01
3.765500000000000114e+01
3.765699999999999648e+01
3.766100000000000136e+01
3.766299999999999670e+01
3.766700000000000159e+01
3.767000000000000171e+01
3.769100000000000250e+01
3.769200000000000017e+01
3.769800000000000040e+01
3.771500000000000341e+01
3.771999999999999886e+01
3.772699999999999676e+01
3.772599999999999909e+01
3.772599999999999909e+01
3.772599999999999909e+01
3.772500000000000142e+01
3.772800000000000153e+01
3.773100000000000165e+01
3.773700000000000188e+01
3.774000000000000199e+01
3.774600000000000222e+01
3.774900000000000233e+01
3.775399999999999778e+01
3.775500000000000256e+01
