1.591878672677854061e+09
1.591878672882087946e+09
1.591878673078612089e+09
1.591878673279849052e+09
1.591878673481844902e+09
1.591878673679721117e+09
1.591878673878592014e+09
1.591878674078814030e+09
1.591878674279793024e+09
1.591878674482475042e+09
1.591878674680078983e+09
1.591878674878968954e+09
1.591878675078658104e+09
1.591878675278398037e+09
1.591878675479912043e+09
1.591878675678572893e+09
1.591878675880158901e+09
1.591878676079557896e+09
1.591878676280086994e+09
1.591878676479863882e+09
1.591878676680273056e+09
1.591878676879867077e+09
1.591878677079119921e+09
1.591878677278688908e+09
1.591878677479902029e+09
1.591878677677330971e+09
1.591878677879075050e+09
1.591878678078788996e+09
1.591878678279789925e+09
1.591878678478482962e+09
1.591878678675086975e+09
1.591878678879160881e+09
1.591878679077585936e+09
1.591878679277056932e+09
1.591878679479935884e+09
1.591878679676903009e+09
1.591878679878338099e+09
1.591878680078557014e+09
1.591878680277039051e+09
1.591878680478511095e+09
1.591878680677079916e+09
1.591878680879539967e+09
1.591878681077663898e+09
1.591878681277105093e+09
1.591878681477256060e+09
1.591878681678651094e+09
1.591878681877891064e+09
1.591878682077497005e+09
1.591878682277493954e+09
1.591878682477514982e+09
1.591878682675748110e+09
1.591878682876231909e+09
1.591878683075273037e+09
1.591878683277400970e+09
1.591878683475821018e+09
1.591878683676042080e+09
1.591878683878346920e+09
1.591878684077936888e+09
1.591878684277755976e+09
1.591878684477897882e+09
1.591878684677814960e+09
1.591878684879354000e+09
1.591878685075840950e+09
1.591878685276510000e+09
1.591878685476175070e+09
1.591878685676728964e+09
1.591878685874284983e+09
1.591878686076375961e+09
1.591878686276247025e+09
1.591878686478385925e+09
1.591878686674757004e+09
1.591878686874917984e+09
1.591878687074613094e+09
1.591878687275384903e+09
1.591878687477577925e+09
1.591878687675107956e+09
1.591878687877695084e+09
1.591878688077650070e+09
1.591878688277611017e+09
1.591878688473229885e+09
1.591878688676196098e+09
1.591878688875020027e+09
1.591878689075184107e+09
1.591878689272988081e+09
1.591878689475075006e+09
1.591878689673094034e+09
1.591878689875204086e+09
1.591878690075464010e+09
1.591878690275564909e+09
1.591878690475497007e+09
1.591878690675427914e+09
1.591878690873378038e+09
1.591878691074455976e+09
1.591878691273936987e+09
1.591878691475675106e+09
1.591878691675508022e+09
1.591878691875298977e+09
1.591878692075431108e+09
1.591878692275218010e+09
1.591878692473841906e+09
1.591878692672203064e+09
1.591878692872023106e+09
1.591878693073957920e+09
1.591878693272010088e+09
1.591878693473985910e+09
1.591878693818571091e+09
1.591878693937889099e+09
1.591878694086651087e+09
1.591878694274085045e+09
1.591878694474116087e+09
1.591878694671488047e+09
1.591878694872384071e+09
1.591878695074198008e+09
1.591878695274347067e+09
1.591878695472228050e+09
1.591878695673929930e+09
1.591878695873919964e+09
1.591878696072756052e+09
1.591878696272459984e+09
1.591878696472625971e+09
1.591878696670454025e+09
1.591878696870393038e+09
1.591878697072606087e+09
1.591878697273144007e+09
1.591878697472656965e+09
1.591878697672538042e+09
1.591878697872859955e+09
1.591878698070729971e+09
1.591878698270711899e+09
1.591878698472919941e+09
1.591878698794985056e+09
1.591878698880520105e+09
1.591878699071352005e+09
1.591878699270515919e+09
1.591878699471014023e+09
1.591878699671988010e+09
1.591878699870508909e+09
1.591878700071980000e+09
1.591878700273554087e+09
1.591878700473337889e+09
1.591878700670443058e+09
1.591878700872345924e+09
1.591878701070187092e+09
1.591878701271337032e+09
1.591878701469405890e+09
1.591878701670058012e+09
1.591878701872584105e+09
1.591878702072896004e+09
1.591878702272001028e+09
1.591878724431632996e+09
1.591878724645662069e+09
1.591878724844170094e+09
1.591878725044631958e+09
1.591878725247401953e+09
1.591878725444087982e+09
1.591878725645593882e+09
1.591878725847397089e+09
1.591878726044653893e+09
1.591878726245774031e+09
1.591878726447561026e+09
1.591878726643870115e+09
1.591878726844027042e+09
1.591878727046308994e+09
1.591878727243725061e+09
1.591878727443957090e+09
1.591878727647320032e+09
1.591878727842926025e+09
1.591878728044720888e+09
1.591878728243566036e+09
1.591878728442863941e+09
1.591878728646043062e+09
1.591878728845290899e+09
1.591878729044034958e+09
1.591878729245110989e+09
1.591878729444758892e+09
1.591878729642483950e+09
1.591878729842489004e+09
1.591878730042753935e+09
1.591878730244748116e+09
1.591878730442204952e+09
1.591878730645803928e+09
1.591878730842257023e+09
1.591878731044954062e+09
1.591878731243974924e+09
1.591878731442627907e+09
1.591878731642501116e+09
1.591878731840394020e+09
1.591878732041501045e+09
1.591878732240490913e+09
1.591878732442643881e+09
1.591878732640527964e+09
1.591878732843234062e+09
1.591878733041349888e+09
1.591878733371258020e+09
1.591878733470360041e+09
1.591878733641122103e+09
1.591878733841263056e+09
1.591878734043736935e+09
1.591878734243283033e+09
1.591878734441040039e+09
1.591878734640906096e+09
1.591878734840936899e+09
1.591878735041889906e+09
1.591878735241928101e+09
1.591878735441154003e+09
1.591878735640957117e+09
1.591878735840199947e+09
1.591878736042658091e+09
1.591878736241863012e+09
1.591878736440260887e+09
1.591878736644325972e+09
1.591878736838634968e+09
1.591878737041079044e+09
1.591878737240645885e+09
1.591878737441833973e+09
1.591878737641604900e+09
1.591878737839612007e+09
1.591878738043277025e+09
1.591878738239829063e+09
1.591878738435019970e+09
1.591878738639888048e+09
1.591878738837702036e+09
1.591878739039773941e+09
1.591878739237627029e+09
1.591878739439687014e+09
1.591878739637885094e+09
1.591878739840962887e+09
1.591878740040344954e+09
1.591878740238512993e+09
1.591878740438604116e+09
1.591878740638098001e+09
1.591878740840181112e+09
1.591878741040286064e+09
1.591878741238430023e+09
1.591878741440232038e+09
1.591878741638288975e+09
1.591878741838283062e+09
1.591878742038853884e+09
1.591878742238508940e+09
1.591878742436440945e+09
1.591878742636826038e+09
1.591878742836513996e+09
1.591878743037271023e+09
1.591878743236567974e+09
1.591878743582123041e+09
1.591878743697535038e+09
1.591878743845566034e+09
1.591878744036648989e+09
1.591878744238940001e+09
1.591878744437501907e+09
1.591878744636895895e+09
1.591878744837017059e+09
1.591878745039263964e+09
1.591878745238423109e+09
1.591878745437064886e+09
1.591878745637134075e+09
1.591878745835210085e+09
1.591878746034797907e+09
1.591878746235245943e+09
1.591878746437134981e+09
1.591878746639019966e+09
1.591878746839425087e+09
1.591878747037215948e+09
1.591878747237471104e+09
1.591878747437414885e+09
1.591878747638770103e+09
1.591878747836438894e+09
1.591878748037246943e+09
1.591878748234086037e+09
1.591878748595793009e+09
1.591878748710745096e+09
1.591878748860708952e+09
1.591878749038280010e+09
1.591878749236238003e+09
1.591878749435652971e+09
1.591878749637671947e+09
1.591878749837131023e+09
1.591878750035922050e+09
1.591878750235743999e+09
1.591878750439611912e+09
1.591878750633703947e+09
1.591878750834219933e+09
1.591878751036861897e+09
1.591878751237344980e+09
1.591878751434643030e+09
1.591878751637306929e+09
1.591878751835432053e+09
1.591878752034998894e+09
1.591878752236598015e+09
1.591878752436450005e+09
1.591878752635529995e+09
1.591878752832847118e+09
1.591878753032706022e+09
1.591878753235229015e+09
1.591878753567502975e+09
1.591878753682143927e+09
1.591878753830286980e+09
1.591878754035758972e+09
1.591878754237209082e+09
1.591878765606153965e+09
1.591878765820475101e+09
1.591878766021142960e+09
1.591878766220516920e+09
1.591878766422039032e+09
1.591878766620543957e+09
1.591878766820980072e+09
1.591878767021231890e+09
1.591878767220402002e+09
1.591878767422977924e+09
1.591878767618792057e+09
1.591878767819189072e+09
1.591878768018683910e+09
1.591878768221090078e+09
1.591878768418677092e+09
1.591878768622361898e+09
1.591878768821257114e+09
1.591878769018982887e+09
1.591878769221925020e+09
1.591878769418859959e+09
1.591878769620264053e+09
1.591878769824362040e+09
1.591878770019315004e+09
1.591878770219480038e+09
1.591878770418823004e+09
1.591878770619263887e+09
1.591878770820192099e+09
1.591878771018863916e+09
1.591878771221230030e+09
1.591878771418437004e+09
1.591878771621687889e+09
1.591878771819056034e+09
1.591878772021054983e+09
1.591878772217489004e+09
1.591878772418234110e+09
1.591878772618227959e+09
1.591878772818092108e+09
1.591878773020528078e+09
1.591878773220035076e+09
1.591878773419743061e+09
1.591878773714963913e+09
1.591878773839220047e+09
1.591878774019109964e+09
1.591878774219404936e+09
1.591878774417289019e+09
1.591878774618323088e+09
1.591878774817315102e+09
1.591878775016777992e+09
1.591878775217699051e+09
1.591878775419910908e+09
1.591878775616238117e+09
1.591878775819358110e+09
1.591878776016407013e+09
1.591878776216739893e+09
1.591878776416706085e+09
1.591878776618129015e+09
1.591878776816859961e+09
1.591878777016352892e+09
1.591878777218405008e+09
1.591878777416610003e+09
1.591878777618931055e+09
1.591878777818449974e+09
1.591878778015861988e+09
1.591878778215754032e+09
1.591878778415276051e+09
1.591878778616041899e+09
1.591878778818136930e+09
1.591878779019231081e+09
1.591878779215677977e+09
1.591878779415218115e+09
1.591878779615298033e+09
1.591878779818162918e+09
1.591878780015458107e+09
1.591878780218885899e+09
1.591878780416321993e+09
1.591878780617336035e+09
1.591878780816742897e+09
1.591878781014166117e+09
1.591878781214076996e+09
1.591878781415895939e+09
1.591878781615700006e+09
1.591878781813631058e+09
1.591878782014645100e+09
1.591878782214735985e+09
1.591878782416156054e+09
1.591878782614011049e+09
1.591878782816051960e+09
1.591878783016359091e+09
1.591878783217068911e+09
1.591878783416712046e+09
1.591878783615349054e+09
1.591878783815740108e+09
1.591878784015697956e+09
1.591878784215328932e+09
1.591878784414676905e+09
1.591878784612728119e+09
1.591878784812077045e+09
1.591878785014650106e+09
1.591878785212743998e+09
1.591878785412985086e+09
1.591878785612910986e+09
1.591878785813025951e+09
1.591878786014707088e+09
1.591878786215744019e+09
1.591878786414803982e+09
1.591878786615602970e+09
1.591878786812936068e+09
1.591878787015348911e+09
1.591878787214137077e+09
1.591878787412873030e+09
1.591878787614236116e+09
1.591878787813215017e+09
1.591878788012815952e+09
1.591878788214524031e+09
1.591878788410823107e+09
1.591878788611078978e+09
1.591878788958051920e+09
1.591878789091975927e+09
1.591878789243990898e+09
1.591878789413182974e+09
1.591878789611156940e+09
1.591878789811125040e+09
1.591878790011167049e+09
1.591878790212137938e+09
1.591878790411977053e+09
1.591878790611515999e+09
1.591878790811629057e+09
1.591878791011770010e+09
1.591878791214287043e+09
1.591878791413240910e+09
1.591878791611545086e+09
1.591878791809478045e+09
1.591878792010437012e+09
1.591878792210159063e+09
1.591878792409970045e+09
1.591878792611980915e+09
1.591878792811784029e+09
1.591878793010863066e+09
1.591878793213212013e+09
1.591878793410294056e+09
1.591878793610024929e+09
1.591878793814141989e+09
1.591878794011755943e+09
1.591878794210882902e+09
1.591878794409101009e+09
1.591878794609565973e+09
1.591878794812315941e+09
1.591878795012166023e+09
1.591878795210328102e+09
1.591878806372458935e+09
1.591878806597362995e+09
1.591878806799592972e+09
1.591878806999169111e+09
1.591878807197432995e+09
1.591878807396820068e+09
1.591878807598015070e+09
1.591878807800576925e+09
1.591878807999141932e+09
1.591878808201611042e+09
1.591878808398153067e+09
1.591878808599760056e+09
1.591878808800189018e+09
1.591878808999382019e+09
1.591878809194077015e+09
1.591878809398372889e+09
1.591878809598021984e+09
1.591878809796489000e+09
1.591878809995878935e+09
1.591878810196127892e+09
1.591878810402091026e+09
1.591878810598812103e+09
1.591878810800223112e+09
1.591878810996766090e+09
1.591878811195987940e+09
1.591878811395925045e+09
1.591878811599435091e+09
1.591878811800259113e+09
1.591878811997215033e+09
1.591878812198636055e+09
1.591878812397064924e+09
1.591878812596868992e+09
1.591878812799021006e+09
1.591878812998430014e+09
1.591878813198519945e+09
1.591878813395715952e+09
1.591878813598253965e+09
1.591878813798363924e+09
1.591878813997047901e+09
1.591878814337719917e+09
1.591878814483144999e+09
1.591878814637160063e+09
1.591878814796148062e+09
1.591878814996666908e+09
1.591878815196204901e+09
1.591878815396464109e+09
1.591878815596191883e+09
1.591878815796112061e+09
1.591878815996094942e+09
1.591878816195436954e+09
1.591878816395800114e+09
1.591878816592987061e+09
1.591878816794253111e+09
1.591878816993247986e+09
1.591878817194417953e+09
1.591878817393860102e+09
1.591878817594221115e+09
1.591878817794608116e+09
1.591878817993920088e+09
1.591878818194035053e+09
1.591878818396661043e+09
1.591878818593640089e+09
1.591878818794729948e+09
1.591878818993223906e+09
1.591878819193712950e+09
1.591878819393753052e+09
1.591878819594785929e+09
1.591878819794313908e+09
1.591878819993272066e+09
1.591878820193847895e+09
1.591878820393971920e+09
1.591878820590918064e+09
1.591878820795110941e+09
1.591878820995409966e+09
1.591878821193990946e+09
1.591878821394011974e+09
1.591878821592112064e+09
1.591878821794560909e+09
1.591878821992568970e+09
1.591878822193023920e+09
1.591878822392867088e+09
1.591878822593008041e+09
1.591878822796499968e+09
1.591878822993967056e+09
1.591878823194717884e+09
1.591878823393196106e+09
1.591878823594314098e+09
1.591878823791603088e+09
1.591878823993920088e+09
1.591878824336355925e+09
1.591878824484230042e+09
1.591878824638288021e+09
1.591878824791591883e+09
1.591878824994254112e+09
1.591878825194442987e+09
1.591878825394195080e+09
1.591878825594300032e+09
1.591878825794790983e+09
1.591878825993630886e+09
1.591878826193722963e+09
1.591878826393166065e+09
1.591878826593316078e+09
1.591878826791822910e+09
1.591878826992871046e+09
1.591878827191010952e+09
1.591878827392505884e+09
1.591878827592967033e+09
1.591878827791848898e+09
1.591878827992191076e+09
1.591878828190454006e+09
1.591878828390204906e+09
1.591878828592474937e+09
1.591878828790474892e+09
1.591878828989891052e+09
1.591878829190489054e+09
1.591878829387417078e+09
1.591878829589468956e+09
1.591878829790942907e+09
1.591878829991967916e+09
1.591878830192483902e+09
1.591878830388910055e+09
1.591878830588829041e+09
1.591878830788141966e+09
1.591878830990644932e+09
1.591878831191010952e+09
1.591878831390315056e+09
1.591878831590666056e+09
1.591878831788516998e+09
1.591878831990075111e+09
1.591878832189286947e+09
1.591878832387516022e+09
1.591878832586529970e+09
1.591878832790755033e+09
1.591878832987449884e+09
1.591878833188764095e+09
1.591878833389630079e+09
1.591878833587851048e+09
1.591878833790141106e+09
1.591878833988884926e+09
1.591878834323877096e+09
1.591878834482825041e+09
1.591878834648109913e+09
1.591878834801265001e+09
1.591878835002296925e+09
1.591878835186769009e+09
1.591878835388499022e+09
1.591878835590050936e+09
1.591878835787699938e+09
1.591878835987566948e+09
1.591878836190110922e+09
1.591878847344080925e+09
1.591878847573856115e+09
1.591878847773837090e+09
1.591878847973929882e+09
1.591878848174181938e+09
1.591878848374440908e+09
1.591878848574755907e+09
1.591878848774503946e+09
1.591878848973397970e+09
1.591878849175780058e+09
1.591878849376070976e+09
1.591878849572586060e+09
1.591878849772142887e+09
1.591878849970443964e+09
1.591878850174441099e+09
1.591878850376882076e+09
1.591878850575297117e+09
1.591878850775182009e+09
1.591878850974359989e+09
1.591878851173918962e+09
1.591878851375345945e+09
1.591878851574203014e+09
1.591878851773089886e+09
1.591878851973154068e+09
1.591878852173927069e+09
1.591878852375117064e+09
1.591878852574820042e+09
1.591878852773334026e+09
1.591878852972162962e+09
1.591878853175435066e+09
1.591878853373550892e+09
1.591878853573287010e+09
1.591878853774401903e+09
1.591878853972424030e+09
1.591878854171999931e+09
1.591878854373231888e+09
1.591878854571985960e+09
1.591878854771992922e+09
1.591878854973311901e+09
1.591878855172725916e+09
1.591878855372092009e+09
1.591878855571511030e+09
1.591878855770000935e+09
1.591878855971565008e+09
1.591878856172259092e+09
1.591878856371578932e+09
1.591878856572917938e+09
1.591878856770590067e+09
1.591878856975069046e+09
1.591878857170087099e+09
1.591878857371675014e+09
1.591878857571377993e+09
1.591878857769748926e+09
1.591878857970201969e+09
1.591878858172271013e+09
1.591878858370206118e+09
1.591878858570142984e+09
1.591878858769891977e+09
1.591878858977642059e+09
1.591878859168591022e+09
1.591878859370491982e+09
1.591878859572324991e+09
1.591878859770606041e+09
1.591878859970514059e+09
1.591878860168469906e+09
1.591878860368241072e+09
1.591878860570766926e+09
1.591878860768428087e+09
1.591878860969202995e+09
1.591878861170876026e+09
1.591878861370775938e+09
1.591878861569927931e+09
1.591878861769212961e+09
1.591878861969973087e+09
1.591878862170399904e+09
1.591878862368499041e+09
1.591878862569159031e+09
1.591878862767052889e+09
1.591878862968120098e+09
1.591878863167519093e+09
1.591878863368050098e+09
1.591878863569495916e+09
1.591878863767596960e+09
1.591878863966794014e+09
1.591878864167527914e+09
1.591878864365398884e+09
1.591878864725835085e+09
1.591878864900119066e+09
1.591878865080626011e+09
1.591878865257831097e+09
1.591878865456528902e+09
1.591878865630109072e+09
1.591878865804339886e+09
1.591878865975379944e+09
1.591878866192145109e+09
1.591878866365679979e+09
1.591878866568757057e+09
1.591878866766778946e+09
1.591878866969470978e+09
1.591878867194525957e+09
1.591878867368319035e+09
1.591878867569441080e+09
1.591878867768667936e+09
1.591878867970638037e+09
1.591878868179833889e+09
1.591878868367208004e+09
1.591878868569444895e+09
1.591878868768873930e+09
1.591878868971798897e+09
1.591878869184220076e+09
1.591878869365328074e+09
1.591878869701586962e+09
1.591878869877791882e+09
1.591878870051048994e+09
1.591878870229162931e+09
1.591878870421936035e+09
1.591878870596693993e+09
1.591878870778366089e+09
1.591878870965374947e+09
1.591878871183140993e+09
1.591878871366252899e+09
1.591878871567147970e+09
1.591878871768671989e+09
1.591878871970832109e+09
1.591878872186114073e+09
1.591878872367325068e+09
1.591878872566627979e+09
1.591878872767396927e+09
1.591878872966362000e+09
1.591878873186597109e+09
1.591878873370208979e+09
1.591878873565093040e+09
1.591878873766876936e+09
1.591878873968616009e+09
1.591878874193630934e+09
1.591878874372364044e+09
1.591878874566412926e+09
1.591878874763716936e+09
1.591878874967328072e+09
1.591878875188991070e+09
1.591878875362466097e+09
1.591878875562426090e+09
1.591878875765311956e+09
1.591878875967142105e+09
1.591878876186538935e+09
1.591878876367995024e+09
1.591878876561443090e+09
1.591878876766839027e+09
1.591878876965596914e+09
1.591878877184756041e+09
1.591878888513199091e+09
1.591878888748111010e+09
1.591878888950172901e+09
1.591878889151129007e+09
1.591878889346168041e+09
1.591878889551780939e+09
1.591878889750952959e+09
1.591878889948549032e+09
1.591878890150640011e+09
1.591878890352962971e+09
1.591878890550438881e+09
1.591878890749356031e+09
1.591878890949265957e+09
1.591878891147305965e+09
1.591878891348704100e+09
1.591878891549123049e+09
1.591878891748045921e+09
1.591878891949646950e+09
1.591878892149164915e+09
1.591878892347126007e+09
1.591878892550738096e+09
1.591878892743726969e+09
1.591878892943253994e+09
1.591878893152437925e+09
1.591878893350816965e+09
1.591878893546334982e+09
1.591878893749186993e+09
1.591878893947689056e+09
1.591878894147200108e+09
1.591878894347222090e+09
1.591878894549679995e+09
1.591878894745726109e+09
1.591878894947165966e+09
1.591878895148194075e+09
1.591878895343820095e+09
1.591878895548657894e+09
1.591878895748672009e+09
1.591878895948555946e+09
1.591878896147979021e+09
1.591878896348515987e+09
1.591878896548203945e+09
1.591878896746043921e+09
1.591878896946444035e+09
1.591878897147676945e+09
1.591878897346908092e+09
1.591878897547760963e+09
1.591878897744508982e+09
1.591878897947695017e+09
1.591878898146270037e+09
1.591878898346309900e+09
1.591878898546353102e+09
1.591878898742935896e+09
1.591878898944181919e+09
1.591878899144428968e+09
1.591878899344147921e+09
1.591878899545759916e+09
1.591878899745594025e+09
1.591878899943756104e+09
1.591878900145222902e+09
1.591878900346297979e+09
1.591878900545852900e+09
1.591878900744658947e+09
1.591878900946752071e+09
1.591878901145050049e+09
1.591878901341849089e+09
1.591878901548973083e+09
1.591878901747160912e+09
1.591878901944667101e+09
1.591878902145164013e+09
1.591878902342123985e+09
1.591878902545160055e+09
1.591878902891381025e+09
1.591878903091093063e+09
1.591878903315510035e+09
1.591878903517307997e+09
1.591878903712254047e+09
1.591878903911813974e+09
1.591878904100800037e+09
1.591878904313271046e+09
1.591878904516783953e+09
1.591878904705765963e+09
1.591878904910943985e+09
1.591878905102277040e+09
1.591878905310585022e+09
1.591878905503077984e+09
1.591878905701706886e+09
1.591878905893191099e+09
1.591878906081855059e+09
1.591878906318301916e+09
1.591878906514581919e+09
1.591878906715022087e+09
1.591878906911230087e+09
1.591878907103307009e+09
1.591878907316538095e+09
1.591878907510282993e+09
1.591878907817692995e+09
1.591878908024106979e+09
1.591878908222347975e+09
1.591878908425482988e+09
1.591878908617152929e+09
1.591878908809595108e+09
1.591878909007523060e+09
1.591878909204593897e+09
1.591878909405033112e+09
1.591878909607222080e+09
1.591878909815643072e+09
1.591878910012156963e+09
1.591878910210406065e+09
1.591878910409657001e+09
1.591878910608937979e+09
1.591878910807966948e+09
1.591878911015481949e+09
1.591878911213524103e+09
1.591878911420530081e+09
1.591878911619138002e+09
1.591878911819051981e+09
1.591878912012891054e+09
1.591878912226588011e+09
1.591878912431566954e+09
1.591878912639369965e+09
1.591878912909723043e+09
1.591878913117865086e+09
1.591878913322823048e+09
1.591878913537050962e+09
1.591878913736810923e+09
1.591878913935467958e+09
1.591878914152132988e+09
1.591878914353257895e+09
1.591878914554054022e+09
1.591878914748982906e+09
1.591878914944437981e+09
1.591878915141110897e+09
1.591878915348248959e+09
1.591878915556338072e+09
1.591878915756799936e+09
1.591878915962893009e+09
1.591878916158227921e+09
1.591878916361264944e+09
1.591878916562482119e+09
1.591878916757173061e+09
1.591878916953758955e+09
1.591878917154939890e+09
1.591878917362696886e+09
1.591878917567146063e+09
1.591878917931760073e+09
1.591878918142251968e+09
1.591878929480017900e+09
1.591878929726253033e+09
1.591878929980011940e+09
1.591878930184999943e+09
1.591878930387774944e+09
1.591878930588401079e+09
1.591878930794742107e+09
1.591878931002618074e+09
1.591878931211859941e+09
1.591878931424691916e+09
1.591878931629713058e+09
1.591878931828339100e+09
1.591878932042045116e+09
1.591878932254694939e+09
1.591878932457418919e+09
1.591878932666867018e+09
1.591878932870385885e+09
1.591878933083874941e+09
1.591878933285552979e+09
1.591878933487027884e+09
1.591878933858467102e+09
1.591878934101208925e+09
1.591878934311383009e+09
1.591878934518220901e+09
1.591878934724014997e+09
1.591878934942804098e+09
1.591878935176986933e+09
1.591878935383621931e+09
1.591878935602029085e+09
1.591878935817179918e+09
1.591878936028069973e+09
1.591878936236860037e+09
1.591878936464071035e+09
1.591878936672740936e+09
1.591878936876861095e+09
1.591878937089668989e+09
1.591878937301281929e+09
1.591878937521255016e+09
1.591878937732759953e+09
1.591878937944230080e+09
1.591878938193634987e+09
1.591878938409125090e+09
1.591878938619957924e+09
1.591878938835100889e+09
1.591878939042509079e+09
1.591878939249578953e+09
1.591878939462441921e+09
1.591878939678915977e+09
1.591878939886794090e+09
1.591878940100178003e+09
1.591878940314851046e+09
1.591878940529948950e+09
1.591878940739763021e+09
1.591878940961548090e+09
1.591878941211190939e+09
1.591878941430301905e+09
1.591878941646518946e+09
1.591878941857521057e+09
1.591878942067047119e+09
1.591878942276484966e+09
1.591878942485434055e+09
1.591878942701874018e+09
1.591878942925569057e+09
1.591878943177088022e+09
1.591878943388906002e+09
1.591878943598140955e+09
1.591878943819577932e+09
1.591878944027664900e+09
1.591878944241195917e+09
1.591878944459983110e+09
1.591878944677172899e+09
1.591878944885947943e+09
1.591878945106787920e+09
1.591878945325392008e+09
1.591878945537008047e+09
1.591878945761735916e+09
1.591878945989006042e+09
1.591878946201518059e+09
1.591878946414102077e+09
1.591878946635039091e+09
1.591878946861515045e+09
1.591878947075995922e+09
1.591878947305989981e+09
1.591878947523401022e+09
1.591878947763081074e+09
1.591878947973683119e+09
1.591878948187304974e+09
1.591878948415632010e+09
1.591878948644886971e+09
1.591878948858486891e+09
1.591878949080005884e+09
1.591878949296884060e+09
1.591878949516237974e+09
1.591878949736803055e+09
1.591878949952060938e+09
1.591878950166069984e+09
1.591878950384907007e+09
1.591878950633585930e+09
1.591878950853013992e+09
1.591878951061088085e+09
1.591878951282753944e+09
1.591878951510011911e+09
1.591878951763174057e+09
1.591878951985673904e+09
1.591878952216123104e+09
1.591878952440392017e+09
1.591878952663535118e+09
1.591878952922086000e+09
1.591878953141115904e+09
1.591878953358731031e+09
1.591878953578067064e+09
1.591878953907866955e+09
1.591878954131588936e+09
1.591878954361814976e+09
1.591878954587193966e+09
1.591878954809039116e+09
1.591878955060381889e+09
1.591878955289474964e+09
1.591878955503985882e+09
1.591878955725533009e+09
1.591878955947698116e+09
1.591878956170422077e+09
1.591878956389492989e+09
1.591878956613217115e+09
1.591878956839622021e+09
1.591878957063783884e+09
1.591878957284074068e+09
1.591878957506458998e+09
1.591878957735971928e+09
1.591878957954859972e+09
1.591878958190440893e+09
1.591878958424556971e+09
1.591878958656172037e+09
1.591878959037420034e+09
1.591878970447472095e+09
1.591878970703665972e+09
1.591878970936239958e+09
1.591878971167143106e+09
1.591878971389360905e+09
1.591878971609819889e+09
1.591878971844934940e+09
1.591878972074537992e+09
1.591878972297497988e+09
1.591878972525286913e+09
1.591878972755300045e+09
1.591878972976974964e+09
1.591878973204982996e+09
1.591878973435934067e+09
1.591878973668302059e+09
1.591878973899957895e+09
1.591878974134305954e+09
1.591878974366607904e+09
1.591878974596606016e+09
1.591878974828984022e+09
1.591878975072453022e+09
1.591878975308831930e+09
1.591878975549053907e+09
1.591878975788402081e+09
1.591878976061629057e+09
1.591878976290169001e+09
1.591878976518578053e+09
1.591878976752804995e+09
1.591878977026206017e+09
1.591878977259027004e+09
1.591878977491889000e+09
1.591878977733082056e+09
1.591878977972939968e+09
1.591878978206291914e+09
1.591878978434566975e+09
1.591878978668555021e+09
1.591878978896955967e+09
1.591878979132642984e+09
1.591878979364656925e+09
1.591878979600569963e+09
1.591878979843018055e+09
1.591878980081677914e+09
1.591878980320480108e+09
1.591878980549889088e+09
1.591878980783354998e+09
1.591878981056581974e+09
1.591878981290379047e+09
1.591878981521490097e+09
1.591878981763165951e+09
1.591878982030422926e+09
1.591878982276245117e+09
1.591878982509968042e+09
1.591878982743014097e+09
1.591878982978368998e+09
1.591878983219263077e+09
1.591878983458272934e+09
1.591878983695729017e+09
1.591878983934854984e+09
1.591878984318377972e+09
1.591878984559891939e+09
1.591878984799408913e+09
1.591878985070497990e+09
1.591878985298794985e+09
1.591878985539091110e+09
1.591878985771486998e+09
1.591878986039530993e+09
1.591878986281457901e+09
1.591878986519606113e+09
1.591878986753582954e+09
1.591878987027596951e+09
1.591878987272332907e+09
1.591878987504666090e+09
1.591878987737796068e+09
1.591878987977385998e+09
1.591878988216314077e+09
1.591878988450043917e+09
1.591878988687886953e+09
1.591878988926619053e+09
1.591878989317670107e+09
1.591878989557717085e+09
1.591878989789978981e+09
1.591878990061846018e+09
1.591878990306263924e+09
1.591878990546848059e+09
1.591878990786103964e+09
1.591878991061783075e+09
1.591878991295583010e+09
1.591878991535032988e+09
1.591878991780220032e+09
1.591878992052300930e+09
1.591878992300956011e+09
1.591878992543109894e+09
1.591878992787166119e+09
1.591878993064496040e+09
1.591878993305829048e+09
1.591878993548214912e+09
1.591878993791373014e+09
1.591878994084537983e+09
1.591878994333820105e+09
1.591878994577387094e+09
1.591878994818289042e+09
1.591878995097196102e+09
1.591878995346525908e+09
1.591878995589772940e+09
1.591878995827347994e+09
1.591878996095169067e+09
1.591878996339179039e+09
1.591878996582633018e+09
1.591878996826792002e+09
1.591878997110637903e+09
1.591878997354306936e+09
1.591878997599550009e+09
1.591878997843286037e+09
1.591878998116450071e+09
1.591878998361035109e+09
1.591878998603642941e+09
1.591878998844310999e+09
1.591878999167181969e+09
1.591878999408977032e+09
1.591878999648794889e+09
1.591878999892491102e+09
1.591879011209580898e+09
1.591879011469871998e+09
1.591879011706281900e+09
1.591879011956500053e+09
1.591879012203427076e+09
1.591879012451018095e+09
1.591879012696351051e+09
1.591879012934760094e+09
1.591879013186403036e+09
1.591879013434170008e+09
1.591879013684032917e+09
1.591879013927042961e+09
1.591879014172795057e+09
1.591879014530181885e+09
1.591879014779855013e+09
1.591879015016041040e+09
1.591879015258647919e+09
1.591879015495961905e+09
1.591879015741441011e+09
1.591879015984658003e+09
1.591879016229619980e+09
1.591879016469804049e+09
1.591879016708611012e+09
1.591879016953974962e+09
1.591879017209861040e+09
1.591879017458244085e+09
1.591879017697874069e+09
1.591879017941366911e+09
1.591879018192877054e+09
1.591879018442447901e+09
1.591879018693460941e+09
1.591879018938575029e+09
1.591879019187602043e+09
1.591879019588669062e+09
1.591879019831969023e+09
1.591879020115667105e+09
1.591879020359142065e+09
1.591879020610186100e+09
1.591879020854912043e+09
1.591879021119261980e+09
1.591879021363636017e+09
1.591879021610610962e+09
1.591879021855050087e+09
1.591879022125051022e+09
1.591879022368901968e+09
1.591879022616497040e+09
1.591879022860740900e+09
1.591879023124975920e+09
1.591879023369718075e+09
1.591879023620951891e+09
1.591879023868988991e+09
1.591879024124918938e+09
1.591879024416256905e+09
1.591879024661395073e+09
1.591879024910897970e+09
1.591879025157071114e+09
1.591879025401388884e+09
1.591879025647038937e+09
1.591879025893981934e+09
1.591879026150300026e+09
1.591879026400904894e+09
1.591879026655070066e+09
1.591879026910861969e+09
1.591879027162873030e+09
1.591879027417922020e+09
1.591879027673165083e+09
1.591879027923333883e+09
1.591879028183418989e+09
1.591879028439826012e+09
1.591879028688149929e+09
1.591879028939413071e+09
1.591879029195979118e+09
1.591879029568718910e+09
1.591879029833400011e+09
1.591879030123955965e+09
1.591879030379887104e+09
1.591879030634468079e+09
1.591879030884995937e+09
1.591879031146380901e+09
1.591879031407546997e+09
1.591879031656236887e+09
1.591879031915584087e+09
1.591879032179120064e+09
1.591879032439174891e+09
1.591879032694015026e+09
1.591879032952147007e+09
1.591879033212696075e+09
1.591879033464860916e+09
1.591879033725627899e+09
1.591879033978173018e+09
1.591879034236987114e+09
1.591879034639050007e+09
1.591879034901401997e+09
1.591879035166868925e+09
1.591879035434227943e+09
1.591879035694056988e+09
1.591879035960351944e+09
1.591879036216954947e+09
1.591879036468950033e+09
1.591879036728991032e+09
1.591879036987174034e+09
1.591879037247117996e+09
1.591879037508625984e+09
1.591879037768740892e+09
1.591879038021641970e+09
1.591879038282404900e+09
1.591879038548489094e+09
1.591879038809240103e+09
1.591879039105441093e+09
1.591879039370610952e+09
1.591879039631226063e+09
1.591879039886183023e+09
1.591879040144439936e+09
1.591879040407824039e+09
1.591879040674894094e+09
1.591879040933913946e+09
1.591879052176306963e+09
1.591879052443011045e+09
1.591879052709137917e+09
1.591879052974777937e+09
1.591879053241588116e+09
1.591879053501246929e+09
1.591879053762056112e+09
1.591879054027264118e+09
1.591879054294307947e+09
1.591879054564485073e+09
1.591879054968833923e+09
1.591879055232016087e+09
1.591879055492484093e+09
1.591879055756952047e+09
1.591879056028453112e+09
1.591879056302685976e+09
1.591879056565931082e+09
1.591879056832804918e+09
1.591879057136565924e+09
1.591879057394030094e+09
1.591879057666457891e+09
1.591879057927375078e+09
1.591879058195652008e+09
1.591879058460937023e+09
1.591879058729418039e+09
1.591879058990616083e+09
1.591879059263278961e+09
1.591879059527806997e+09
1.591879059913352013e+09
1.591879060189621925e+09
1.591879060458437920e+09
1.591879060721446037e+09
1.591879060991573095e+09
1.591879061263142109e+09
1.591879061534533024e+09
1.591879061810260057e+09
1.591879062120301008e+09
1.591879062393534899e+09
1.591879062669369936e+09
1.591879062932885885e+09
1.591879063205790043e+09
1.591879063472064018e+09
1.591879063750370026e+09
1.591879064026029110e+09
1.591879064310900927e+09
1.591879064577012062e+09
1.591879064989159107e+09
1.591879065271779060e+09
1.591879065541615963e+09
1.591879065810910940e+09
1.591879066079416037e+09
1.591879066358477116e+09
1.591879066630990028e+09
1.591879066901403904e+09
1.591879067167589903e+09
1.591879067483887911e+09
1.591879067753169060e+09
1.591879068038166046e+09
1.591879068310699940e+09
1.591879068588917971e+09
1.591879068858107090e+09
1.591879069131145954e+09
1.591879069400787115e+09
1.591879069671598911e+09
1.591879069944019079e+09
1.591879070207763910e+09
1.591879070491461992e+09
1.591879070763437986e+09
1.591879071032696009e+09
1.591879071300695896e+09
1.591879071575854063e+09
1.591879071849379063e+09
1.591879072124464035e+09
1.591879072392782927e+09
1.591879072676500082e+09
1.591879072948386908e+09
1.591879073224466085e+09
1.591879073506381989e+09
1.591879073789526939e+09
1.591879074058228016e+09
1.591879074334322929e+09
1.591879074613673925e+09
1.591879075009882927e+09
1.591879075287395954e+09
1.591879075565808058e+09
1.591879075841031075e+09
1.591879076110760927e+09
1.591879076393552065e+09
1.591879076674865007e+09
1.591879076951605082e+09
1.591879077227334023e+09
1.591879077506221056e+09
1.591879077788485050e+09
1.591879078074044943e+09
1.591879078357709885e+09
1.591879078644262075e+09
1.591879078917552948e+09
1.591879079201124907e+09
1.591879079502028942e+09
1.591879079804258108e+09
1.591879080086226940e+09
1.591879080362526894e+09
1.591879080641648054e+09
1.591879080919780016e+09
1.591879081199368000e+09
1.591879081510598898e+09
1.591879081786003113e+09
1.591879093136012077e+09
1.591879093442529917e+09
1.591879093714843035e+09
1.591879093995177031e+09
1.591879094267188072e+09
1.591879094542443991e+09
1.591879094814541101e+09
1.591879095189147949e+09
1.591879095500498056e+09
1.591879095778991938e+09
1.591879096059252024e+09
1.591879096327542067e+09
1.591879096607996941e+09
1.591879096882616997e+09
1.591879097157746077e+09
1.591879097469295979e+09
1.591879097743925095e+09
1.591879098025022984e+09
1.591879098303328037e+09
1.591879098583092928e+09
1.591879098857916117e+09
1.591879099152156115e+09
1.591879099457561016e+09
1.591879099735097885e+09
1.591879100021302938e+09
1.591879100302104950e+09
1.591879100587133884e+09
1.591879100861321926e+09
1.591879101142734051e+09
1.591879101457617044e+09
1.591879101738265038e+09
1.591879102020288944e+09
1.591879102301378012e+09
1.591879102594619989e+09
1.591879102878586054e+09
1.591879103161120892e+09
1.591879103478935957e+09
1.591879103760536909e+09
1.591879104036068916e+09
1.591879104310898066e+09
1.591879104587833881e+09
1.591879104863744974e+09
1.591879105278784037e+09
1.591879105565517902e+09
1.591879105840945005e+09
1.591879106122960091e+09
1.591879106405292988e+09
1.591879106682852983e+09
1.591879106959595919e+09
1.591879107254350901e+09
1.591879107546411037e+09
1.591879107828886986e+09
1.591879108115288019e+09
1.591879108401107073e+09
1.591879108683549881e+09
1.591879108963828087e+09
1.591879109241516113e+09
1.591879109528054953e+09
1.591879109807562113e+09
1.591879110119659901e+09
1.591879110404829025e+09
1.591879110696280003e+09
1.591879110982873917e+09
1.591879111263026953e+09
1.591879111555368900e+09
1.591879111868341923e+09
1.591879112158936024e+09
1.591879112470910072e+09
1.591879112753240108e+09
1.591879113038180113e+09
1.591879113324174881e+09
1.591879113612257004e+09
1.591879113900150061e+09
1.591879114181056023e+09
1.591879114504326105e+09
1.591879114788081884e+09
1.591879115074331999e+09
1.591879115357250929e+09
1.591879115647933006e+09
1.591879115936198950e+09
1.591879116227550983e+09
1.591879116525130987e+09
1.591879116810179949e+09
1.591879117102709055e+09
1.591879117385449886e+09
1.591879117677349091e+09
1.591879117970520020e+09
1.591879118258367062e+09
1.591879118550764084e+09
1.591879118836368084e+09
1.591879119139467955e+09
1.591879119447374105e+09
1.591879119744318008e+09
1.591879120035851002e+09
1.591879120323606014e+09
1.591879120612951040e+09
1.591879120903733969e+09
1.591879121200558901e+09
1.591879121509071112e+09
1.591879121801261902e+09
1.591879122234580994e+09
1.591879122529985905e+09
1.591879122820348024e+09
1.591879134301531076e+09
1.591879134598336935e+09
1.591879134897110939e+09
1.591879135192949057e+09
1.591879135513170958e+09
1.591879135803564072e+09
1.591879136104031086e+09
1.591879136395574093e+09
1.591879136699577093e+09
1.591879137000190020e+09
1.591879137435522079e+09
1.591879137727346897e+09
1.591879138024609089e+09
1.591879138315530062e+09
1.591879138615717888e+09
1.591879138912271976e+09
1.591879139209219933e+09
1.591879139512464046e+09
1.591879139810352087e+09
1.591879140112974882e+09
1.591879140411505938e+09
1.591879140708205938e+09
1.591879141006078959e+09
1.591879141308909893e+09
1.591879141606507063e+09
1.591879141899292946e+09
1.591879142217372894e+09
1.591879142515568018e+09
1.591879142812400103e+09
1.591879143113512039e+09
1.591879143408269882e+09
1.591879143710844040e+09
1.591879144009937048e+09
1.591879144305545092e+09
1.591879144605081081e+09
1.591879144906513929e+09
1.591879145214696884e+09
1.591879145519875050e+09
1.591879145815073967e+09
1.591879146117835999e+09
1.591879146419193983e+09
1.591879146718725920e+09
1.591879147027623892e+09
1.591879147475178957e+09
1.591879147785202026e+09
1.591879148080055952e+09
1.591879148385174990e+09
1.591879148691646099e+09
1.591879148999815941e+09
1.591879149303930998e+09
1.591879149610703945e+09
1.591879149914278984e+09
1.591879150217107058e+09
1.591879150532430887e+09
1.591879150841510057e+09
1.591879151149288893e+09
1.591879151492919922e+09
1.591879151796819925e+09
1.591879152100694895e+09
1.591879152504865885e+09
1.591879152821198940e+09
1.591879153121113062e+09
1.591879153424494028e+09
1.591879153738956928e+09
1.591879154037679911e+09
1.591879154338855028e+09
1.591879154647340059e+09
1.591879154950624943e+09
1.591879155251585960e+09
1.591879155564429998e+09
1.591879155872185946e+09
1.591879156182859898e+09
1.591879156520389080e+09
1.591879156823606014e+09
1.591879157143572092e+09
1.591879157523348093e+09
1.591879157825367928e+09
1.591879158129628897e+09
1.591879158455979109e+09
1.591879158766622066e+09
1.591879159073901892e+09
1.591879159377439022e+09
1.591879159686234951e+09
1.591879159987237930e+09
1.591879160289814949e+09
1.591879160605407000e+09
1.591879160913984060e+09
1.591879161215465069e+09
1.591879161525820971e+09
1.591879161840389013e+09
1.591879162147037029e+09
1.591879162635190010e+09
1.591879162938744068e+09
1.591879163248990059e+09
1.591879163563234091e+09
1.591879163868908882e+09
1.591879175249114990e+09
1.591879175556710005e+09
1.591879175870018959e+09
1.591879176173861027e+09
1.591879176511221886e+09
1.591879176813175917e+09
1.591879177114272118e+09
1.591879177416599035e+09
1.591879177803113937e+09
1.591879178111211061e+09
1.591879178415817976e+09
1.591879178728059053e+09
1.591879179039818048e+09
1.591879179344829082e+09
1.591879179662664890e+09
1.591879179974050999e+09
1.591879180279006004e+09
1.591879180591908932e+09
1.591879180900608063e+09
1.591879181205580950e+09
1.591879181525101900e+09
1.591879181837542057e+09
1.591879182150229931e+09
1.591879182497754097e+09
1.591879182893547058e+09
1.591879183206397057e+09
1.591879183524444103e+09
1.591879183837487936e+09
1.591879184140873909e+09
1.591879184493150949e+09
1.591879184802956104e+09
1.591879185110482931e+09
1.591879185451879025e+09
1.591879185763384104e+09
1.591879186074194908e+09
1.591879186384196997e+09
1.591879186696161032e+09
1.591879187002895117e+09
1.591879187328944921e+09
1.591879187643943071e+09
1.591879187955424070e+09
1.591879188269776106e+09
1.591879188579205990e+09
1.591879188892992020e+09
1.591879189205569029e+09
1.591879189520481110e+09
1.591879189830182076e+09
1.591879190147547007e+09
1.591879190494437933e+09
1.591879190822299957e+09
1.591879191137805939e+09
1.591879191481584072e+09
1.591879191793898106e+09
1.591879192109611988e+09
1.591879192423505068e+09
1.591879192757818937e+09
1.591879193076941013e+09
1.591879193391726017e+09
1.591879193714489937e+09
1.591879194023296118e+09
1.591879194330948114e+09
1.591879194651103020e+09
1.591879194963677883e+09
1.591879195279313087e+09
1.591879195604217052e+09
1.591879195925762892e+09
1.591879196248091936e+09
1.591879196571285009e+09
1.591879196880882025e+09
1.591879197196265936e+09
1.591879197519689083e+09
1.591879197933821917e+09
1.591879198253621101e+09
1.591879198571647882e+09
1.591879198891838074e+09
1.591879199205435038e+09
1.591879199521925926e+09
1.591879199835191011e+09
1.591879200151313066e+09
1.591879200502365112e+09
1.591879200831825018e+09
1.591879201155008078e+09
1.591879201509325981e+09
1.591879201823867083e+09
1.591879202142287016e+09
1.591879202494160891e+09
1.591879202878755093e+09
1.591879203190853119e+09
1.591879203523531914e+09
1.591879203843514919e+09
1.591879204160104036e+09
1.591879204512475014e+09
1.591879204837719917e+09
1.591879216205744028e+09
1.591879216531090975e+09
1.591879216854727983e+09
1.591879217175764084e+09
1.591879217530065060e+09
1.591879217854612112e+09
1.591879218319906950e+09
1.591879218643863916e+09
1.591879218963418007e+09
1.591879219299576044e+09
1.591879219631436110e+09
1.591879219955518961e+09
1.591879220282100916e+09
1.591879220605540037e+09
1.591879220933182955e+09
1.591879221258481026e+09
1.591879221591825008e+09
1.591879221920166016e+09
1.591879222244476080e+09
1.591879222579544067e+09
1.591879222912610054e+09
1.591879223375303030e+09
1.591879223708564043e+09
1.591879224043343067e+09
1.591879224374644995e+09
1.591879224703000069e+09
1.591879225029761076e+09
1.591879225362763882e+09
1.591879225689696074e+09
1.591879226021033049e+09
1.591879226344616890e+09
1.591879226674707890e+09
1.591879227005172968e+09
1.591879227339790106e+09
1.591879227670495033e+09
1.591879228138341904e+09
1.591879228500565052e+09
1.591879228824088097e+09
1.591879229156478882e+09
1.591879229520951033e+09
1.591879229845542908e+09
1.591879230175950050e+09
1.591879230526635885e+09
1.591879230850498915e+09
1.591879231181668997e+09
1.591879231518160105e+09
1.591879231855017900e+09
1.591879232187290907e+09
1.591879232523356915e+09
1.591879232848429918e+09
1.591879233293486118e+09
1.591879233629990101e+09
1.591879233960144997e+09
1.591879234287035942e+09
1.591879234623699903e+09
1.591879234949322939e+09
1.591879235284575939e+09
1.591879235621850967e+09
1.591879235949541092e+09
1.591879236286986113e+09
1.591879236627829075e+09
1.591879236960445881e+09
1.591879237293031931e+09
1.591879237629106045e+09
1.591879237972953081e+09
1.591879238398029089e+09
1.591879238735085964e+09
1.591879239072581053e+09
1.591879239404674053e+09
1.591879239741143942e+09
1.591879240077263117e+09
1.591879240416316032e+09
1.591879240758002043e+09
1.591879241091732979e+09
1.591879241427663088e+09
1.591879241766726017e+09
1.591879242098647118e+09
1.591879242432781935e+09
1.591879242776479006e+09
1.591879243115590096e+09
1.591879243487997055e+09
1.591879243825186014e+09
1.591879244164587975e+09
1.591879244519293070e+09
1.591879244858643055e+09
1.591879245190175056e+09
1.591879245529994965e+09
1.591879245867331028e+09
1.591879257162575006e+09
1.591879257523279905e+09
1.591879257863070965e+09
1.591879258204617977e+09
1.591879258598606110e+09
1.591879258931324959e+09
1.591879259265614033e+09
1.591879259601414919e+09
1.591879259931135893e+09
1.591879260261243105e+09
1.591879260600359917e+09
1.591879260943070889e+09
1.591879261276462078e+09
1.591879261614396095e+09
1.591879261960262060e+09
1.591879262305404902e+09
1.591879262650298119e+09
1.591879262980700016e+09
1.591879263452744961e+09
1.591879263789936066e+09
1.591879264127666950e+09
1.591879264504581928e+09
1.591879264838654041e+09
1.591879265174479961e+09
1.591879265529665947e+09
1.591879265872829914e+09
1.591879266212332964e+09
1.591879266553699017e+09
1.591879266900376081e+09
1.591879267234900951e+09
1.591879267574655056e+09
1.591879267918421030e+09
1.591879268256608963e+09
1.591879268737051964e+09
1.591879269072055101e+09
1.591879269412430048e+09
1.591879269750953913e+09
1.591879270088994026e+09
1.591879270424253941e+09
1.591879270763144016e+09
1.591879271099324942e+09
1.591879271460932970e+09
1.591879271795572042e+09
1.591879272143750906e+09
1.591879272523392916e+09
1.591879272859126091e+09
1.591879273199703932e+09
1.591879273654747963e+09
1.591879273989762068e+09
1.591879274324054003e+09
1.591879274663968086e+09
1.591879274999217033e+09
1.591879275333101034e+09
1.591879275677171946e+09
1.591879276021779060e+09
1.591879276364829063e+09
1.591879276712208986e+09
1.591879277058021069e+09
1.591879277403568029e+09
1.591879277750442028e+09
1.591879278093856096e+09
1.591879278461723089e+09
1.591879278815181017e+09
1.591879279158538103e+09
1.591879279524192095e+09
1.591879279865959883e+09
1.591879280207935095e+09
1.591879280548401117e+09
1.591879280902524948e+09
1.591879281238873005e+09
1.591879281580533981e+09
1.591879281929425955e+09
1.591879282279273987e+09
1.591879282631205082e+09
1.591879282978535891e+09
1.591879283324137926e+09
1.591879283785938978e+09
1.591879284130830050e+09
1.591879284514534950e+09
1.591879284859572887e+09
1.591879285197259903e+09
1.591879285549503088e+09
1.591879285888479948e+09
1.591879286230931997e+09
1.591879286582679987e+09
1.591879286932162046e+09
1.591879298514520884e+09
1.591879298987834930e+09
1.591879299338397980e+09
1.591879299691025972e+09
1.591879300037252903e+09
1.591879300382725954e+09
1.591879300736799955e+09
1.591879301089131117e+09
1.591879301461376905e+09
1.591879301816103935e+09
1.591879302162513018e+09
1.591879302522490978e+09
1.591879302873282909e+09
1.591879303221955061e+09
1.591879303582679033e+09
1.591879304061144114e+09
1.591879304402373075e+09
1.591879304760521889e+09
1.591879305111387014e+09
1.591879305499567986e+09
1.591879305850786924e+09
1.591879306206676006e+09
1.591879306564860106e+09
1.591879306908968925e+09
1.591879307261921883e+09
1.591879307611917019e+09
1.591879307957640886e+09
1.591879308308337927e+09
1.591879308660777092e+09
1.591879309065850973e+09
1.591879309421060085e+09
1.591879309770859003e+09
1.591879310114527941e+09
1.591879310495604992e+09
1.591879310846570969e+09
1.591879311195961952e+09
1.591879311546891928e+09
1.591879311895056963e+09
1.591879312247131109e+09
1.591879312598057032e+09
1.591879312953495979e+09
1.591879313305566072e+09
1.591879313662149906e+09
1.591879314150779009e+09
1.591879314528002024e+09
1.591879314872579098e+09
1.591879315218323946e+09
1.591879315574714899e+09
1.591879315928185940e+09
1.591879316276459932e+09
1.591879316633295059e+09
1.591879316978091002e+09
1.591879317330168962e+09
1.591879317685904026e+09
1.591879318033441067e+09
1.591879318389245987e+09
1.591879318744914055e+09
1.591879319152965069e+09
1.591879319520735025e+09
1.591879319871994972e+09
1.591879320234510899e+09
1.591879320590322971e+09
1.591879320941879988e+09
1.591879321306813002e+09
1.591879321657259941e+09
1.591879322014332056e+09
1.591879322369374990e+09
1.591879322726592064e+09
1.591879323077019930e+09
1.591879323429409981e+09
1.591879323778945923e+09
1.591879324271419048e+09
1.591879324634387016e+09
1.591879324987107992e+09
1.591879325350195885e+09
1.591879325712883949e+09
1.591879326071085930e+09
1.591879326419935942e+09
1.591879326788495064e+09
1.591879327144783974e+09
1.591879327523123026e+09
1.591879327875041962e+09
1.591879339470644951e+09
1.591879339840498924e+09
1.591879340197782993e+09
1.591879340560671091e+09
1.591879340916683912e+09
1.591879341278335094e+09
1.591879341644129038e+09
1.591879342012058973e+09
1.591879342369549036e+09
1.591879342736885071e+09
1.591879343096142054e+09
1.591879343498742104e+09
1.591879343862199068e+09
1.591879344223347902e+09
1.591879344643692017e+09
1.591879345005744934e+09
1.591879345367747068e+09
1.591879345743210077e+09
1.591879346107536077e+09
1.591879346500818014e+09
1.591879346874670029e+09
1.591879347239419937e+09
1.591879347612581015e+09
1.591879347980227947e+09
1.591879348343899012e+09
1.591879348714428902e+09
1.591879349080656052e+09
1.591879349441229105e+09
1.591879349809670925e+09
1.591879350181741953e+09
1.591879350553694963e+09
1.591879350921932936e+09
1.591879351290237904e+09
1.591879351658073902e+09
1.591879352034461975e+09
1.591879352399321079e+09
1.591879352767018080e+09
1.591879353148340940e+09
1.591879353529351950e+09
1.591879353899874926e+09
1.591879354262510061e+09
1.591879354773737907e+09
1.591879355140116930e+09
1.591879355528079987e+09
1.591879355896260977e+09
1.591879356263480902e+09
1.591879356631118059e+09
1.591879356995691061e+09
1.591879357359019995e+09
1.591879357731961012e+09
1.591879358105000019e+09
1.591879358509021997e+09
1.591879358877187967e+09
1.591879359246754885e+09
1.591879359762819052e+09
1.591879360134068966e+09
1.591879360533713102e+09
1.591879360901792049e+09
1.591879361278240919e+09
1.591879361653808117e+09
1.591879362024542093e+09
1.591879362390088081e+09
1.591879362769315004e+09
1.591879363141987085e+09
1.591879363533838034e+09
1.591879363907764912e+09
1.591879364280647039e+09
1.591879364799499989e+09
1.591879365163794994e+09
1.591879365538125038e+09
1.591879365906353951e+09
1.591879366286128044e+09
1.591879366669388056e+09
1.591879367042861938e+09
1.591879367416174889e+09
1.591879367792224884e+09
1.591879368179208040e+09
1.591879368564399958e+09
1.591879368935494900e+09
1.591879380423746109e+09
1.591879380802169085e+09
1.591879381170027971e+09
1.591879381538074017e+09
1.591879381912847996e+09
1.591879382284749031e+09
1.591879382657700062e+09
1.591879383025536060e+09
1.591879383405111074e+09
1.591879383776719093e+09
1.591879384158701897e+09
1.591879384527630091e+09
1.591879384901496887e+09
1.591879385269083977e+09
1.591879385644845963e+09
1.591879386019398928e+09
1.591879386388169050e+09
1.591879386776705980e+09
1.591879387145729065e+09
1.591879387536672115e+09
1.591879387917139053e+09
1.591879388287712097e+09
1.591879388666251898e+09
1.591879389034749031e+09
1.591879389407857895e+09
1.591879389791620016e+09
1.591879390305326939e+09
1.591879390687042952e+09
1.591879391061597109e+09
1.591879391434576035e+09
1.591879391811191082e+09
1.591879392183075905e+09
1.591879392566524982e+09
1.591879392944645882e+09
1.591879393325316906e+09
1.591879393705543995e+09
1.591879394077536106e+09
1.591879394472068071e+09
1.591879394851427078e+09
1.591879395364159107e+09
1.591879395744760036e+09
1.591879396116079092e+09
1.591879396532700062e+09
1.591879396912584066e+09
1.591879397294898033e+09
1.591879397674766064e+09
1.591879398055394888e+09
1.591879398426698923e+09
1.591879398818344116e+09
1.591879399194761992e+09
1.591879399573031902e+09
1.591879399945919991e+09
1.591879400379365921e+09
1.591879400768095016e+09
1.591879401146310091e+09
1.591879401534920931e+09
1.591879401919516087e+09
1.591879402297532082e+09
1.591879402679749012e+09
1.591879403067694902e+09
1.591879403480037928e+09
1.591879403865026951e+09
1.591879404248794079e+09
1.591879404635854006e+09
1.591879405015697002e+09
1.591879405533314943e+09
1.591879405921880007e+09
1.591879406304984093e+09
1.591879406682337999e+09
1.591879407066973925e+09
1.591879407477861881e+09
1.591879407861577988e+09
1.591879408243419886e+09
1.591879408630561113e+09
1.591879409010072947e+09
1.591879409386938095e+09
1.591879409772165060e+09
1.591879410264508009e+09
1.591879421958231926e+09
1.591879422350601912e+09
1.591879422734719992e+09
1.591879423118340969e+09
1.591879423532074928e+09
1.591879423914640903e+09
1.591879424295912981e+09
1.591879424683268070e+09
1.591879425062205076e+09
1.591879425477277994e+09
1.591879425855344057e+09
1.591879426239644051e+09
1.591879426624797106e+09
1.591879427007570028e+09
1.591879427395752907e+09
1.591879427779992104e+09
1.591879428163125992e+09
1.591879428552161932e+09
1.591879428935167074e+09
1.591879429317091942e+09
1.591879429701071024e+09
1.591879430085499048e+09
1.591879430505904913e+09
1.591879430895271063e+09
1.591879431285370111e+09
1.591879431673854113e+09
1.591879432061800003e+09
1.591879432441694021e+09
1.591879432826230049e+09
1.591879433210304976e+09
1.591879433594849110e+09
1.591879433986768007e+09
1.591879434367516041e+09
1.591879434763231039e+09
1.591879435152537107e+09
1.591879435545358896e+09
1.591879435931411982e+09
1.591879436324342012e+09
1.591879436718456984e+09
1.591879437107572079e+09
1.591879437536246061e+09
1.591879437924901962e+09
1.591879438310910940e+09
1.591879438700485945e+09
1.591879439094391108e+09
1.591879439524182081e+09
1.591879439912874937e+09
1.591879440301510096e+09
1.591879440702450037e+09
1.591879441100507975e+09
1.591879441519130945e+09
1.591879441914697886e+09
1.591879442301265001e+09
1.591879442821559906e+09
1.591879443210381031e+09
1.591879443598411083e+09
1.591879443987390995e+09
1.591879444373702049e+09
1.591879444771071911e+09
1.591879445159713030e+09
1.591879445549912930e+09
1.591879445950926065e+09
1.591879446342402935e+09
1.591879446734884024e+09
1.591879447130352974e+09
1.591879447541033983e+09
1.591879447927274942e+09
1.591879448316011906e+09
1.591879448708818913e+09
1.591879449099535942e+09
1.591879449523638964e+09
1.591879449919800043e+09
1.591879450307534933e+09
1.591879450701188087e+09
1.591879451096371889e+09
1.591879451517085075e+09
1.591879463117090940e+09
1.591879463543144941e+09
1.591879463935376883e+09
1.591879464331760883e+09
1.591879464723628044e+09
1.591879465118896961e+09
1.591879465550401926e+09
1.591879465951045990e+09
1.591879466344042063e+09
1.591879466746942043e+09
1.591879467139982939e+09
1.591879467536683083e+09
1.591879468056749105e+09
1.591879468449651957e+09
1.591879468849733114e+09
1.591879469248589039e+09
1.591879469646941900e+09
1.591879470046411991e+09
1.591879470445627928e+09
1.591879470844180107e+09
1.591879471237730026e+09
1.591879471638976097e+09
1.591879472033874035e+09
1.591879472427443027e+09
1.591879472826733112e+09
1.591879473363785028e+09
1.591879473772093058e+09
1.591879474172060966e+09
1.591879474575074911e+09
1.591879474974800110e+09
1.591879475366153002e+09
1.591879475774138927e+09
1.591879476180998087e+09
1.591879476582644939e+09
1.591879476986845970e+09
1.591879477384320974e+09
1.591879477794754028e+09
1.591879478344599962e+09
1.591879478749744892e+09
1.591879479148742914e+09
1.591879479552670002e+09
1.591879479948204041e+09
1.591879480347225904e+09
1.591879480752470970e+09
1.591879481148061991e+09
1.591879481552233934e+09
1.591879481951396942e+09
1.591879482356914997e+09
1.591879482769093037e+09
1.591879483297524929e+09
1.591879483701406956e+09
1.591879484105241060e+09
1.591879484546554089e+09
1.591879484954551935e+09
1.591879485362742901e+09
1.591879485776547909e+09
1.591879486192238092e+09
1.591879486600400925e+09
1.591879487010144949e+09
1.591879487415359020e+09
1.591879487820135117e+09
1.591879488363317966e+09
1.591879488780499935e+09
1.591879489190113068e+09
1.591879489606364965e+09
1.591879490011775970e+09
1.591879490414298058e+09
1.591879490819063902e+09
1.591879491224828005e+09
1.591879491634912014e+09
1.591879492043100119e+09
1.591879492452766895e+09
1.591879503865464926e+09
1.591879504322403908e+09
1.591879504732269049e+09
1.591879505142970085e+09
1.591879505553623915e+09
1.591879505967983961e+09
1.591879506374193907e+09
1.591879506783004045e+09
1.591879507191036940e+09
1.591879507606676102e+09
1.591879508022675037e+09
1.591879508569952965e+09
1.591879508988384008e+09
1.591879509390919924e+09
1.591879509801994085e+09
1.591879510215353966e+09
1.591879510621340036e+09
1.591879511026356936e+09
1.591879511437087059e+09
1.591879511847522974e+09
1.591879512261552095e+09
1.591879512675061941e+09
1.591879513092751980e+09
1.591879513607203007e+09
1.591879514012242079e+09
1.591879514416296959e+09
1.591879514832782030e+09
1.591879515242410898e+09
1.591879515655814886e+09
1.591879516066504955e+09
1.591879516510737896e+09
1.591879516912333965e+09
1.591879517317047119e+09
1.591879517729948997e+09
1.591879518148775101e+09
1.591879518612921000e+09
1.591879519021863937e+09
1.591879519440721035e+09
1.591879519855161905e+09
1.591879520265264034e+09
1.591879520689728975e+09
1.591879521098757982e+09
1.591879521550540924e+09
1.591879521967020988e+09
1.591879522382546902e+09
1.591879522798151016e+09
1.591879523219475031e+09
1.591879523708106041e+09
1.591879524123037100e+09
1.591879524550518990e+09
1.591879524966798067e+09
1.591879525380584002e+09
1.591879525800275087e+09
1.591879526214746952e+09
1.591879526630152941e+09
1.591879527046484947e+09
1.591879527487195015e+09
1.591879527901705027e+09
1.591879528315821886e+09
1.591879528779352903e+09
1.591879529192513943e+09
1.591879529611948967e+09
1.591879530025265932e+09
1.591879530434813023e+09
1.591879530844487906e+09
1.591879531260318995e+09
1.591879531679716110e+09
1.591879532099387884e+09
1.591879532544981003e+09
1.591879532963084936e+09
1.591879533496665001e+09
1.591879545031157017e+09
1.591879545452881098e+09
1.591879545875627041e+09
1.591879546308235884e+09
1.591879546729803085e+09
1.591879547155806065e+09
1.591879547573620081e+09
1.591879547994390965e+09
1.591879548430037975e+09
1.591879548978437901e+09
1.591879549396568060e+09
1.591879549822902918e+09
1.591879550253787994e+09
1.591879550675775051e+09
1.591879551108484030e+09
1.591879551560182095e+09
1.591879551993088007e+09
1.591879552424935102e+09
1.591879552849682093e+09
1.591879553272353888e+09
1.591879553800510883e+09
1.591879554221172094e+09
1.591879554649996042e+09
1.591879555080311060e+09
1.591879555545332909e+09
1.591879555974571943e+09
1.591879556394896984e+09
1.591879556821644068e+09
1.591879557249181032e+09
1.591879557689141989e+09
1.591879558111896992e+09
1.591879558558547974e+09
1.591879559135401964e+09
1.591879559558849096e+09
1.591879559980983973e+09
1.591879560405613899e+09
1.591879560839891911e+09
1.591879561260034084e+09
1.591879561687459946e+09
1.591879562106869936e+09
1.591879562555713892e+09
1.591879562984232903e+09
1.591879563408463955e+09
1.591879563837573051e+09
1.591879564262003899e+09
1.591879564687239885e+09
1.591879565111499071e+09
1.591879565551898956e+09
1.591879565984850883e+09
1.591879566415024042e+09
1.591879566845873117e+09
1.591879567276570082e+09
1.591879567713155985e+09
1.591879568141346931e+09
1.591879568573899984e+09
1.591879569114742994e+09
1.591879569551781893e+09
1.591879569981443882e+09
1.591879570411607027e+09
1.591879570843261957e+09
1.591879571275705099e+09
1.591879571708117962e+09
1.591879572139882088e+09
1.591879572575982094e+09
1.591879573001403093e+09
1.591879573429354906e+09
1.591879573860872030e+09
1.591879574292125940e+09
1.591879574726039886e+09
1.591879586382297993e+09
1.591879586809155941e+09
1.591879587239156961e+09
1.591879587666057110e+09
1.591879588087431908e+09
1.591879588555660963e+09
1.591879589091834068e+09
1.591879589556107998e+09
1.591879589986747026e+09
1.591879590432301998e+09
1.591879590864314079e+09
1.591879591290112972e+09
1.591879591719542027e+09
1.591879592148428917e+09
1.591879592577891111e+09
1.591879593007714033e+09
1.591879593447580099e+09
1.591879593875984907e+09
1.591879594305840015e+09
1.591879594738303900e+09
1.591879595169595957e+09
1.591879595750524044e+09
1.591879596184978008e+09
1.591879596621762037e+09
1.591879597049818039e+09
1.591879597506763935e+09
1.591879597935560942e+09
1.591879598374480009e+09
1.591879598805067062e+09
1.591879599235126019e+09
1.591879599665577888e+09
1.591879600099412918e+09
1.591879600656707048e+09
1.591879601091135979e+09
1.591879601565346003e+09
1.591879602002859116e+09
1.591879602432143927e+09
1.591879602873603106e+09
1.591879603308389902e+09
1.591879603743998051e+09
1.591879604175765038e+09
1.591879604605541945e+09
1.591879605038450956e+09
1.591879605558132887e+09
1.591879605992391109e+09
1.591879606421905041e+09
1.591879606854114056e+09
1.591879607292485952e+09
1.591879607730505943e+09
1.591879608166047096e+09
1.591879608597588062e+09
1.591879609038201094e+09
1.591879609506261110e+09
1.591879609942006111e+09
1.591879610477729082e+09
1.591879610917908907e+09
1.591879611351188898e+09
1.591879611790831089e+09
1.591879612226470947e+09
1.591879612663355112e+09
1.591879613096879959e+09
1.591879613567487001e+09
1.591879613999012947e+09
1.591879614430975914e+09
1.591879614866139889e+09
1.591879615311125040e+09
1.591879615887710094e+09
1.591879627534383059e+09
1.591879627971992016e+09
1.591879628410079956e+09
1.591879628846493006e+09
1.591879629284405947e+09
1.591879629725908995e+09
1.591879630164882898e+09
1.591879630615482092e+09
1.591879631200464964e+09
1.591879631639281988e+09
1.591879632076689005e+09
1.591879632541915894e+09
1.591879632980261087e+09
1.591879633422497988e+09
1.591879633868643999e+09
1.591879634314748049e+09
1.591879634767529964e+09
1.591879635207382917e+09
1.591879635650389910e+09
1.591879636224839926e+09
1.591879636672856092e+09
1.591879637113778114e+09
1.591879637567543983e+09
1.591879638013829947e+09
1.591879638462239981e+09
1.591879638906394005e+09
1.591879639356544018e+09
1.591879639809504032e+09
1.591879640253537893e+09
1.591879640704917908e+09
1.591879641283065081e+09
1.591879641734249115e+09
1.591879642176637888e+09
1.591879642631457090e+09
1.591879643073920012e+09
1.591879643551013947e+09
1.591879643989640951e+09
1.591879644432732105e+09
1.591879644879415035e+09
1.591879645317743063e+09
1.591879645759867907e+09
1.591879646347295046e+09
1.591879646790544987e+09
1.591879647232299089e+09
1.591879647689629078e+09
1.591879648144893885e+09
1.591879648590899944e+09
1.591879649034868002e+09
1.591879649515100956e+09
1.591879649956521988e+09
1.591879650403408051e+09
1.591879650855468988e+09
1.591879651344881058e+09
1.591879651798085928e+09
1.591879652252722025e+09
1.591879652699646950e+09
1.591879653152308941e+09
1.591879653610326052e+09
1.591879654053963900e+09
1.591879654531949043e+09
1.591879654975574017e+09
1.591879655423897028e+09
1.591879655874174118e+09
1.591879656460926056e+09
1.591879656914275885e+09
