2.300000000000000100e-01
2.300000000000000100e-01
2.300000000000000100e-01
2.310000000000000109e-01
2.369999999999999885e-01
2.449999999999999956e-01
2.640000000000000124e-01
2.640000000000000124e-01
2.630000000000000115e-01
2.630000000000000115e-01
2.630000000000000115e-01
2.630000000000000115e-01
2.670000000000000151e-01
2.740000000000000213e-01
2.979999999999999871e-01
2.969999999999999862e-01
2.959999999999999853e-01
2.959999999999999853e-01
2.959999999999999853e-01
2.959999999999999853e-01
2.979999999999999871e-01
3.049999999999999933e-01
3.140000000000000013e-01
3.300000000000000155e-01
3.290000000000000147e-01
3.290000000000000147e-01
3.290000000000000147e-01
3.290000000000000147e-01
3.300000000000000155e-01
3.340000000000000191e-01
3.420000000000000262e-01
3.629999999999999893e-01
3.629999999999999893e-01
3.619999999999999885e-01
3.619999999999999885e-01
3.619999999999999885e-01
3.619999999999999885e-01
3.639999999999999902e-01
3.709999999999999964e-01
3.970000000000000195e-01
3.960000000000000187e-01
3.950000000000000178e-01
3.950000000000000178e-01
3.950000000000000178e-01
3.950000000000000178e-01
3.960000000000000187e-01
4.020000000000000240e-01
4.099999999999999756e-01
4.289999999999999925e-01
6.360000000000000098e-01
6.590000000000000302e-01
6.580000000000000293e-01
6.580000000000000293e-01
6.570000000000000284e-01
6.570000000000000284e-01
6.580000000000000293e-01
6.610000000000000320e-01
6.680000000000000382e-01
6.929999999999999494e-01
6.919999999999999485e-01
6.909999999999999476e-01
6.909999999999999476e-01
6.899999999999999467e-01
6.899999999999999467e-01
6.919999999999999485e-01
6.969999999999999529e-01
7.049999999999999600e-01
7.249999999999999778e-01
7.239999999999999769e-01
7.229999999999999760e-01
7.229999999999999760e-01
7.229999999999999760e-01
7.229999999999999760e-01
7.259999999999999787e-01
7.329999999999999849e-01
7.580000000000000071e-01
7.570000000000000062e-01
7.570000000000000062e-01
7.560000000000000053e-01
7.560000000000000053e-01
7.560000000000000053e-01
7.580000000000000071e-01
7.630000000000000115e-01
7.720000000000000195e-01
7.900000000000000355e-01
7.890000000000000346e-01
7.880000000000000338e-01
7.880000000000000338e-01
7.880000000000000338e-01
7.890000000000000346e-01
7.920000000000000373e-01
8.000000000000000444e-01
8.229999999999999538e-01
8.219999999999999529e-01
8.209999999999999520e-01
8.209999999999999520e-01
8.209999999999999520e-01
8.209999999999999520e-01
1.050000000000000044e+00
1.050000000000000044e+00
1.052000000000000046e+00
1.056999999999999940e+00
1.084999999999999964e+00
1.084000000000000075e+00
1.082999999999999963e+00
1.082999999999999963e+00
1.082999999999999963e+00
1.082000000000000073e+00
1.082999999999999963e+00
1.086999999999999966e+00
1.094999999999999973e+00
1.116000000000000103e+00
1.114999999999999991e+00
1.114999999999999991e+00
1.114999999999999991e+00
1.114999999999999991e+00
1.114999999999999991e+00
1.116999999999999993e+00
1.122999999999999998e+00
1.149999999999999911e+00
1.149000000000000021e+00
1.147999999999999909e+00
1.147999999999999909e+00
1.147999999999999909e+00
1.147999999999999909e+00
1.149999999999999911e+00
1.157000000000000028e+00
1.165999999999999925e+00
1.181999999999999940e+00
1.181000000000000050e+00
1.181000000000000050e+00
1.181000000000000050e+00
1.181000000000000050e+00
1.183000000000000052e+00
1.187999999999999945e+00
1.197000000000000064e+00
1.215999999999999970e+00
1.215000000000000080e+00
1.213999999999999968e+00
1.213999999999999968e+00
1.213999999999999968e+00
1.213999999999999968e+00
1.217000000000000082e+00
1.223999999999999977e+00
1.249000000000000110e+00
1.247999999999999998e+00
1.443999999999999950e+00
1.445999999999999952e+00
1.451999999999999957e+00
1.479999999999999982e+00
1.477999999999999980e+00
1.477000000000000091e+00
1.477000000000000091e+00
1.477000000000000091e+00
1.477000000000000091e+00
1.477000000000000091e+00
1.481000000000000094e+00
1.489000000000000101e+00
1.510999999999999899e+00
1.510999999999999899e+00
1.510000000000000009e+00
1.510000000000000009e+00
1.510000000000000009e+00
1.510000000000000009e+00
1.510999999999999899e+00
1.516000000000000014e+00
1.546000000000000041e+00
1.544000000000000039e+00
1.542999999999999927e+00
1.542999999999999927e+00
1.542999999999999927e+00
1.542999999999999927e+00
1.542999999999999927e+00
1.546000000000000041e+00
1.552999999999999936e+00
1.576999999999999957e+00
1.576999999999999957e+00
1.576000000000000068e+00
1.574999999999999956e+00
1.574999999999999956e+00
1.574999999999999956e+00
1.576000000000000068e+00
1.580999999999999961e+00
1.588999999999999968e+00
1.610000000000000098e+00
1.608999999999999986e+00
1.608000000000000096e+00
1.608000000000000096e+00
1.608000000000000096e+00
1.608000000000000096e+00
1.610000000000000098e+00
1.616000000000000103e+00
1.645000000000000018e+00
1.643000000000000016e+00
1.641999999999999904e+00
1.641999999999999904e+00
1.844999999999999973e+00
1.852999999999999980e+00
1.874000000000000110e+00
1.872999999999999998e+00
1.872000000000000108e+00
1.872000000000000108e+00
1.872000000000000108e+00
1.872000000000000108e+00
1.875000000000000000e+00
1.881000000000000005e+00
1.907000000000000028e+00
1.905999999999999917e+00
1.905000000000000027e+00
1.905000000000000027e+00
1.905000000000000027e+00
1.905000000000000027e+00
1.905000000000000027e+00
1.909999999999999920e+00
1.917000000000000037e+00
1.939000000000000057e+00
1.937999999999999945e+00
1.937999999999999945e+00
1.937999999999999945e+00
1.937999999999999945e+00
1.937000000000000055e+00
1.939000000000000057e+00
1.945000000000000062e+00
1.973999999999999977e+00
1.971999999999999975e+00
1.971999999999999975e+00
1.973000000000000087e+00
1.971999999999999975e+00
1.971000000000000085e+00
1.971000000000000085e+00
1.973999999999999977e+00
1.981000000000000094e+00
2.003000000000000114e+00
1.997999999999999998e+00
1.993000000000000105e+00
1.991999999999999993e+00
1.993000000000000105e+00
1.997000000000000108e+00
2.001999999999999780e+00
2.009999999999999787e+00
2.020000000000000018e+00
2.041999999999999815e+00
2.045999999999999819e+00
2.047000000000000153e+00
2.044999999999999929e+00
2.044999999999999929e+00
2.269000000000000128e+00
2.267999999999999794e+00
2.267999999999999794e+00
2.267999999999999794e+00
2.267999999999999794e+00
2.270000000000000018e+00
2.274999999999999911e+00
2.305000000000000160e+00
2.302999999999999936e+00
2.302000000000000046e+00
2.301000000000000156e+00
2.301000000000000156e+00
2.301000000000000156e+00
2.301000000000000156e+00
2.303999999999999826e+00
2.310999999999999943e+00
2.335999999999999854e+00
2.334999999999999964e+00
2.334000000000000075e+00
2.333000000000000185e+00
2.334000000000000075e+00
2.334000000000000075e+00
2.334999999999999964e+00
2.339999999999999858e+00
2.349000000000000199e+00
2.369000000000000217e+00
2.370999999999999996e+00
2.370999999999999996e+00
2.369000000000000217e+00
2.366999999999999993e+00
2.366000000000000103e+00
2.367999999999999883e+00
2.374000000000000110e+00
2.399999999999999911e+00
2.398000000000000131e+00
2.398000000000000131e+00
2.399000000000000021e+00
2.399000000000000021e+00
2.399000000000000021e+00
2.399000000000000021e+00
2.402000000000000135e+00
2.410000000000000142e+00
2.432999999999999829e+00
2.431999999999999940e+00
2.431999999999999940e+00
2.431000000000000050e+00
2.431000000000000050e+00
2.431000000000000050e+00
2.431999999999999940e+00
2.662999999999999812e+00
2.662999999999999812e+00
2.662999999999999812e+00
2.662999999999999812e+00
2.662999999999999812e+00
2.666999999999999815e+00
2.673999999999999932e+00
2.697000000000000064e+00
2.696000000000000174e+00
2.696000000000000174e+00
2.694999999999999840e+00
2.694999999999999840e+00
2.694999999999999840e+00
2.696000000000000174e+00
2.701000000000000068e+00
2.708000000000000185e+00
2.729999999999999982e+00
2.729000000000000092e+00
2.728000000000000203e+00
2.728000000000000203e+00
2.728000000000000203e+00
2.728000000000000203e+00
2.730999999999999872e+00
2.737000000000000099e+00
2.763999999999999790e+00
2.762999999999999901e+00
2.762000000000000011e+00
2.761000000000000121e+00
2.761000000000000121e+00
2.761000000000000121e+00
2.762000000000000011e+00
2.766999999999999904e+00
2.774000000000000021e+00
2.795999999999999819e+00
2.794999999999999929e+00
2.794000000000000039e+00
2.794000000000000039e+00
2.794000000000000039e+00
2.794000000000000039e+00
2.795999999999999819e+00
2.802999999999999936e+00
2.830000000000000071e+00
2.827999999999999847e+00
2.826999999999999957e+00
2.826999999999999957e+00
2.826999999999999957e+00
2.826999999999999957e+00
2.827999999999999847e+00
2.833000000000000185e+00
2.841000000000000192e+00
3.057999999999999829e+00
3.057999999999999829e+00
3.059000000000000163e+00
3.064000000000000057e+00
3.071000000000000174e+00
3.092000000000000082e+00
3.091000000000000192e+00
3.091000000000000192e+00
3.091000000000000192e+00
3.091000000000000192e+00
3.091000000000000192e+00
3.092999999999999972e+00
3.099000000000000199e+00
3.126999999999999780e+00
3.125000000000000000e+00
3.125000000000000000e+00
3.124000000000000110e+00
3.124000000000000110e+00
3.124000000000000110e+00
3.125000000000000000e+00
3.129000000000000004e+00
3.136000000000000121e+00
3.158999999999999808e+00
3.157999999999999918e+00
3.157000000000000028e+00
3.157000000000000028e+00
3.157000000000000028e+00
3.157000000000000028e+00
3.158999999999999808e+00
3.164000000000000146e+00
3.193999999999999950e+00
3.192000000000000171e+00
3.190999999999999837e+00
3.190999999999999837e+00
3.190999999999999837e+00
3.190999999999999837e+00
3.190999999999999837e+00
3.193999999999999950e+00
3.200000000000000178e+00
3.225000000000000089e+00
3.225000000000000089e+00
3.224000000000000199e+00
3.224000000000000199e+00
3.224000000000000199e+00
3.224000000000000199e+00
3.224000000000000199e+00
3.229000000000000092e+00
3.237000000000000099e+00
3.258000000000000007e+00
3.452999999999999847e+00
3.455000000000000071e+00
3.460999999999999854e+00
3.487999999999999989e+00
3.486000000000000210e+00
3.486000000000000210e+00
3.484999999999999876e+00
3.484999999999999876e+00
3.484999999999999876e+00
3.486000000000000210e+00
3.491000000000000103e+00
3.499000000000000110e+00
3.520000000000000018e+00
3.520000000000000018e+00
3.519000000000000128e+00
3.519000000000000128e+00
3.519000000000000128e+00
3.519000000000000128e+00
3.520000000000000018e+00
3.524999999999999911e+00
3.556000000000000050e+00
3.552999999999999936e+00
3.552000000000000046e+00
3.552000000000000046e+00
3.552000000000000046e+00
3.552000000000000046e+00
3.552000000000000046e+00
3.555000000000000160e+00
3.560999999999999943e+00
3.588000000000000078e+00
3.587000000000000188e+00
3.585999999999999854e+00
3.584999999999999964e+00
3.584999999999999964e+00
3.584999999999999964e+00
3.585999999999999854e+00
3.588999999999999968e+00
3.596000000000000085e+00
3.620000000000000107e+00
3.620000000000000107e+00
3.619000000000000217e+00
3.619000000000000217e+00
3.619000000000000217e+00
3.619000000000000217e+00
3.619000000000000217e+00
3.624000000000000110e+00
3.632000000000000117e+00
3.653000000000000025e+00
3.653000000000000025e+00
3.850000000000000089e+00
3.853000000000000203e+00
3.859999999999999876e+00
3.884999999999999787e+00
3.883999999999999897e+00
3.883000000000000007e+00
3.883000000000000007e+00
3.883000000000000007e+00
3.883000000000000007e+00
3.883000000000000007e+00
3.887000000000000011e+00
3.894000000000000128e+00
3.916999999999999815e+00
3.916999999999999815e+00
3.915999999999999925e+00
3.915999999999999925e+00
3.915999999999999925e+00
3.915999999999999925e+00
3.916999999999999815e+00
3.919999999999999929e+00
3.927000000000000046e+00
3.951000000000000068e+00
3.950000000000000178e+00
3.948999999999999844e+00
3.948999999999999844e+00
3.948999999999999844e+00
3.948999999999999844e+00
3.950000000000000178e+00
3.955000000000000071e+00
3.963000000000000078e+00
3.983000000000000096e+00
3.982000000000000206e+00
3.982000000000000206e+00
3.982000000000000206e+00
3.982000000000000206e+00
3.982000000000000206e+00
3.983999999999999986e+00
3.990000000000000213e+00
4.017999999999999794e+00
4.016000000000000014e+00
4.016000000000000014e+00
4.014999999999999680e+00
4.014999999999999680e+00
4.014999999999999680e+00
4.014999999999999680e+00
4.019000000000000128e+00
4.027000000000000135e+00
4.049999999999999822e+00
4.049000000000000377e+00
4.246999999999999886e+00
4.246999999999999886e+00
4.250000000000000000e+00
4.256999999999999673e+00
4.282000000000000028e+00
4.280999999999999694e+00
4.280000000000000249e+00
4.280000000000000249e+00
4.280000000000000249e+00
4.278999999999999915e+00
4.280000000000000249e+00
4.285000000000000142e+00
4.291999999999999815e+00
4.314000000000000057e+00
4.312999999999999723e+00
4.312999999999999723e+00
4.312000000000000277e+00
4.312000000000000277e+00
4.312000000000000277e+00
4.312999999999999723e+00
4.317999999999999616e+00
4.325000000000000178e+00
4.347000000000000419e+00
4.346000000000000085e+00
4.346000000000000085e+00
4.346000000000000085e+00
4.346000000000000085e+00
4.346000000000000085e+00
4.347000000000000419e+00
4.352999999999999758e+00
4.381999999999999673e+00
4.379999999999999893e+00
4.378999999999999559e+00
4.378999999999999559e+00
4.378999999999999559e+00
4.378999999999999559e+00
4.378999999999999559e+00
4.381999999999999673e+00
4.387999999999999901e+00
4.413999999999999702e+00
4.413000000000000256e+00
4.411999999999999922e+00
4.411999999999999922e+00
4.411999999999999922e+00
4.411999999999999922e+00
4.413000000000000256e+00
4.416999999999999815e+00
4.424000000000000377e+00
4.445999999999999730e+00
4.445999999999999730e+00
4.642000000000000348e+00
4.642000000000000348e+00
4.645999999999999908e+00
4.652999999999999581e+00
4.676000000000000156e+00
4.674999999999999822e+00
4.674000000000000377e+00
4.674000000000000377e+00
4.674000000000000377e+00
4.674000000000000377e+00
4.674999999999999822e+00
4.679000000000000270e+00
4.685999999999999943e+00
4.708000000000000185e+00
4.706999999999999851e+00
4.706999999999999851e+00
4.706999999999999851e+00
4.706999999999999851e+00
4.706999999999999851e+00
4.708000000000000185e+00
4.713000000000000078e+00
4.743000000000000327e+00
4.740999999999999659e+00
4.740000000000000213e+00
4.738999999999999879e+00
4.738999999999999879e+00
4.738999999999999879e+00
4.738999999999999879e+00
4.741999999999999993e+00
4.748000000000000220e+00
4.774000000000000021e+00
4.772999999999999687e+00
4.772000000000000242e+00
4.770999999999999908e+00
4.770999999999999908e+00
4.770999999999999908e+00
4.772000000000000242e+00
4.775999999999999801e+00
4.783000000000000362e+00
4.806000000000000050e+00
4.804999999999999716e+00
4.804000000000000270e+00
4.804000000000000270e+00
4.804000000000000270e+00
4.804000000000000270e+00
4.804999999999999716e+00
4.809000000000000163e+00
4.817000000000000171e+00
4.839000000000000412e+00
4.838000000000000078e+00
5.033000000000000362e+00
5.038999999999999702e+00
5.065999999999999837e+00
5.064000000000000057e+00
5.064000000000000057e+00
5.064000000000000057e+00
5.064000000000000057e+00
5.064000000000000057e+00
5.064000000000000057e+00
5.067999999999999616e+00
5.075000000000000178e+00
5.097000000000000419e+00
5.097000000000000419e+00
5.097000000000000419e+00
5.097000000000000419e+00
5.097000000000000419e+00
5.097000000000000419e+00
5.097999999999999865e+00
5.102000000000000313e+00
5.134000000000000341e+00
5.131000000000000227e+00
5.129999999999999893e+00
5.129999999999999893e+00
5.129999999999999893e+00
5.129999999999999893e+00
5.129999999999999893e+00
5.131999999999999673e+00
5.139000000000000234e+00
5.163999999999999702e+00
5.163999999999999702e+00
5.163000000000000256e+00
5.163000000000000256e+00
5.163000000000000256e+00
5.161999999999999922e+00
5.163000000000000256e+00
5.168000000000000149e+00
5.176000000000000156e+00
5.197000000000000064e+00
5.195999999999999730e+00
5.195000000000000284e+00
5.195000000000000284e+00
5.195000000000000284e+00
5.195000000000000284e+00
5.197000000000000064e+00
5.201999999999999957e+00
5.230999999999999872e+00
5.229000000000000092e+00
5.227999999999999758e+00
5.227999999999999758e+00
5.426000000000000156e+00
5.434000000000000163e+00
5.456000000000000405e+00
5.455000000000000071e+00
5.455000000000000071e+00
5.453999999999999737e+00
5.453999999999999737e+00
5.453999999999999737e+00
5.455000000000000071e+00
5.459999999999999964e+00
5.466999999999999638e+00
5.488000000000000433e+00
5.487000000000000099e+00
5.487000000000000099e+00
5.487000000000000099e+00
5.487000000000000099e+00
5.487000000000000099e+00
5.488999999999999879e+00
5.495000000000000107e+00
5.522000000000000242e+00
5.520999999999999908e+00
5.519999999999999574e+00
5.519000000000000128e+00
5.519000000000000128e+00
5.519000000000000128e+00
5.519999999999999574e+00
5.524000000000000021e+00
5.532000000000000028e+00
5.552999999999999936e+00
5.552999999999999936e+00
5.551999999999999602e+00
5.551999999999999602e+00
5.551999999999999602e+00
5.551999999999999602e+00
5.554000000000000270e+00
5.559000000000000163e+00
5.586999999999999744e+00
5.586000000000000298e+00
5.584999999999999964e+00
5.583999999999999631e+00
5.583999999999999631e+00
5.583999999999999631e+00
5.584999999999999964e+00
5.589000000000000412e+00
5.597000000000000419e+00
5.618999999999999773e+00
5.618000000000000327e+00
5.616999999999999993e+00
5.616999999999999993e+00
5.616999999999999993e+00
