1.591881282705478907e+09
1.591881282907753944e+09
1.591881283108369112e+09
1.591881283308898926e+09
1.591881283507996082e+09
1.591881283707592010e+09
1.591881283910366058e+09
1.591881284106538057e+09
1.591881284307257891e+09
1.591881284510001898e+09
1.591881284707103014e+09
1.591881284907701969e+09
1.591881285108814955e+09
1.591881285305963993e+09
1.591881285507213116e+09
1.591881285706646919e+09
1.591881285906227112e+09
1.591881286106676102e+09
1.591881286307975054e+09
1.591881286507735014e+09
1.591881286707355022e+09
1.591881286907896996e+09
1.591881287107934952e+09
1.591881287306767941e+09
1.591881287507746935e+09
1.591881287708683968e+09
1.591881287907241106e+09
1.591881288108330011e+09
1.591881288306988001e+09
1.591881288508011103e+09
1.591881288704814911e+09
1.591881288907073975e+09
1.591881289106442928e+09
1.591881289304809093e+09
1.591881289506655931e+09
1.591881289704755068e+09
1.591881289905308008e+09
1.591881290235496998e+09
1.591881290319411993e+09
1.591881290507095098e+09
1.591881290704700947e+09
1.591881290906420946e+09
1.591881291106009007e+09
1.591881291307231903e+09
1.591881291506993055e+09
1.591881291706363916e+09
1.591881291907154083e+09
1.591881292106057882e+09
1.591881292305397987e+09
1.591881303690947056e+09
1.591881303891587019e+09
1.591881304091448069e+09
1.591881304291126013e+09
1.591881304492909908e+09
1.591881304693286896e+09
1.591881304893039942e+09
1.591881305091341972e+09
1.591881305291507006e+09
1.591881305635433912e+09
1.591881305720240116e+09
1.591881305891946077e+09
1.591881306091675043e+09
1.591881306292012930e+09
1.591881306489567041e+09
1.591881306690164089e+09
1.591881306892117023e+09
1.591881307090085983e+09
1.591881307290034056e+09
1.591881307491794109e+09
1.591881307692390919e+09
1.591881307890783072e+09
1.591881308089858055e+09
1.591881308290411949e+09
1.591881308492193937e+09
1.591881308690789938e+09
1.591881308892343998e+09
1.591881309096673965e+09
1.591881309288347006e+09
1.591881309491590023e+09
1.591881309690093994e+09
1.591881309890594959e+09
1.591881310088126898e+09
1.591881310290877104e+09
1.591881310485632896e+09
1.591881310689675093e+09
1.591881310889564037e+09
1.591881311090902090e+09
1.591881311290978909e+09
1.591881311490771055e+09
1.591881311691119909e+09
1.591881311889028072e+09
1.591881312089432001e+09
1.591881312288978100e+09
1.591881312488872051e+09
1.591881312690213919e+09
1.591881312888325930e+09
1.591881313088788033e+09
1.591881313289504051e+09
1.591881324818170071e+09
1.591881325077344894e+09
1.591881325277493954e+09
1.591881325599040031e+09
1.591881325683834076e+09
1.591881325875201941e+09
1.591881326077151060e+09
1.591881326275367022e+09
1.591881326475023985e+09
1.591881326678980112e+09
1.591881326876919985e+09
1.591881327075532913e+09
1.591881327275413990e+09
1.591881327473562002e+09
1.591881327674999952e+09
1.591881327873689890e+09
1.591881328073402882e+09
1.591881328277220964e+09
1.591881328476068020e+09
1.591881328676054001e+09
1.591881328874629021e+09
1.591881329074512005e+09
1.591881329276320934e+09
1.591881329476142883e+09
1.591881329674216986e+09
1.591881329876188040e+09
1.591881330075835943e+09
1.591881330274117947e+09
1.591881330477464914e+09
1.591881330676273108e+09
1.591881330874672890e+09
1.591881331074407101e+09
1.591881331272594929e+09
1.591881331472474098e+09
1.591881331674750090e+09
1.591881331874480009e+09
1.591881332073064089e+09
1.591881332273209095e+09
1.591881332474886894e+09
1.591881332674454927e+09
1.591881332873194933e+09
1.591881333074862957e+09
1.591881333273561954e+09
1.591881333472846985e+09
1.591881333673147917e+09
1.591881333874392986e+09
1.591881334071576118e+09
1.591881334272594929e+09
1.591881345450367928e+09
1.591881345799282074e+09
1.591881345894656897e+09
1.591881346060841084e+09
1.591881346260615110e+09
1.591881346461141109e+09
1.591881346658761024e+09
1.591881346860327959e+09
1.591881347058856964e+09
1.591881347261282921e+09
1.591881347461142063e+09
1.591881347659271002e+09
1.591881347860214949e+09
1.591881348058701038e+09
1.591881348260294914e+09
1.591881348459547043e+09
1.591881348659157038e+09
1.591881348859941959e+09
1.591881349059186935e+09
1.591881349257555962e+09
1.591881349457647085e+09
1.591881349657252073e+09
1.591881349857379913e+09
1.591881350059962988e+09
1.591881350259634018e+09
1.591881350459908009e+09
1.591881350805012941e+09
1.591881350910829067e+09
1.591881351055425882e+09
1.591881351259690046e+09
1.591881351456027985e+09
1.591881351658493042e+09
1.591881351858155966e+09
1.591881352058502913e+09
1.591881352256917953e+09
1.591881352456373930e+09
1.591881352656965017e+09
1.591881352858650923e+09
1.591881353061713934e+09
1.591881353257332087e+09
1.591881353458293915e+09
1.591881353656307936e+09
1.591881353857290983e+09
1.591881354056786060e+09
1.591881354256618023e+09
1.591881354458622932e+09
1.591881354658737898e+09
1.591881354856372118e+09
1.591881355054634094e+09
1.591881355258877993e+09
1.591881366433885098e+09
1.591881366643738031e+09
1.591881366841485023e+09
1.591881367043519974e+09
1.591881367243530989e+09
1.591881367441992998e+09
1.591881367644058943e+09
1.591881367841944933e+09
1.591881368041908026e+09
1.591881368243558884e+09
1.591881368444572926e+09
1.591881368641990900e+09
1.591881368842022896e+09
1.591881369043459892e+09
1.591881369242233992e+09
1.591881369443711996e+09
1.591881369640480042e+09
1.591881369842694044e+09
1.591881370042248011e+09
1.591881370240252972e+09
1.591881370443187952e+09
1.591881370640464067e+09
1.591881370840828896e+09
1.591881371043178082e+09
1.591881371242948055e+09
1.591881371441629887e+09
1.591881371639842987e+09
1.591881371843477964e+09
1.591881372041075945e+09
1.591881372241257906e+09
1.591881372443032980e+09
1.591881372642632008e+09
1.591881372841198921e+09
1.591881373042458057e+09
1.591881373241244078e+09
1.591881373441235065e+09
1.591881373639302969e+09
1.591881373841439962e+09
1.591881374041487932e+09
1.591881374241385937e+09
1.591881374442950010e+09
1.591881374641621113e+09
1.591881374840842009e+09
1.591881375041773081e+09
1.591881375240446091e+09
1.591881375442128897e+09
1.591881375641087055e+09
1.591881375840603113e+09
1.591881376077579975e+09
1.591881376239753962e+09
1.591881387612340927e+09
1.591881387828368902e+09
1.591881388030129910e+09
1.591881388227524996e+09
1.591881388426569939e+09
1.591881388628094912e+09
1.591881388826477051e+09
1.591881389029154062e+09
1.591881389227134943e+09
1.591881389429467916e+09
1.591881389626718044e+09
1.591881389827305079e+09
1.591881390028098106e+09
1.591881390226710081e+09
1.591881390426413059e+09
1.591881390626950026e+09
1.591881390826906919e+09
1.591881391024924994e+09
1.591881391224023104e+09
1.591881391427099943e+09
1.591881391625722885e+09
1.591881391825040102e+09
1.591881392025218964e+09
1.591881392227277994e+09
1.591881392424978018e+09
1.591881392625127077e+09
1.591881392826792002e+09
1.591881393027839899e+09
1.591881393227231979e+09
1.591881393425342083e+09
1.591881393626698017e+09
1.591881393826632977e+09
1.591881394026194096e+09
1.591881394226222038e+09
1.591881394423079967e+09
1.591881394623974085e+09
1.591881394826344967e+09
1.591881395024627924e+09
1.591881395224466085e+09
1.591881395426142931e+09
1.591881395625344038e+09
1.591881395824522018e+09
1.591881396170707941e+09
1.591881396288243055e+09
1.591881396438236952e+09
1.591881396623831034e+09
1.591881396825728893e+09
1.591881397025990963e+09
1.591881397226125956e+09
1.591881408388832092e+09
1.591881408609157085e+09
1.591881408810540915e+09
1.591881409008599997e+09
1.591881409212215900e+09
1.591881409410680056e+09
1.591881409611884117e+09
1.591881409810542107e+09
1.591881410009603024e+09
1.591881410211841106e+09
1.591881410411753893e+09
1.591881410608680964e+09
1.591881410808901072e+09
1.591881411009998083e+09
1.591881411256105900e+09
1.591881411410203934e+09
1.591881411610521078e+09
1.591881411809961081e+09
1.591881412008610010e+09
1.591881412207896948e+09
1.591881412408396959e+09
1.591881412611160040e+09
1.591881412808121920e+09
1.591881413010723114e+09
1.591881413208096027e+09
1.591881413410147905e+09
1.591881413608732939e+09
1.591881413809842110e+09
1.591881414010503054e+09
1.591881414208138943e+09
1.591881414407500029e+09
1.591881414611864090e+09
1.591881414809187889e+09
1.591881415009407997e+09
1.591881415210360050e+09
1.591881415409029007e+09
1.591881415606663942e+09
1.591881415808578968e+09
1.591881416006834984e+09
1.591881416208535910e+09
1.591881416407285929e+09
1.591881416606745005e+09
1.591881416809566975e+09
1.591881417007440090e+09
1.591881417206717968e+09
1.591881417406796932e+09
1.591881417610415936e+09
1.591881417806556940e+09
1.591881418006170988e+09
1.591881418208509922e+09
1.591881429575048923e+09
1.591881429793838978e+09
1.591881429992954016e+09
1.591881430191924095e+09
1.591881430392745972e+09
1.591881430595102072e+09
1.591881430791829109e+09
1.591881430992891073e+09
1.591881431195545912e+09
1.591881431504951954e+09
1.591881431622261047e+09
1.591881431794797897e+09
1.591881431994126081e+09
1.591881432193794012e+09
1.591881432390820980e+09
1.591881432591692924e+09
1.591881432791749954e+09
1.591881432992769003e+09
1.591881433190857887e+09
1.591881433390431881e+09
1.591881433591454029e+09
1.591881433794631958e+09
1.591881433994501114e+09
1.591881434191947937e+09
1.591881434393266916e+09
1.591881434590508938e+09
1.591881434791312933e+09
1.591881434990531921e+09
1.591881435191030025e+09
1.591881435393019915e+09
1.591881435592761993e+09
1.591881435791698933e+09
1.591881435992481947e+09
1.591881436189265013e+09
1.591881436390522957e+09
1.591881436591659069e+09
1.591881436791409969e+09
1.591881436989830971e+09
1.591881437192543030e+09
1.591881437390122890e+09
1.591881437589067936e+09
1.591881437792128086e+09
1.591881437991946936e+09
1.591881438192019939e+09
1.591881438392086983e+09
1.591881438591957092e+09
1.591881438792017937e+09
1.591881438990031004e+09
1.591881439193382978e+09
1.591881450556653023e+09
1.591881450776290894e+09
1.591881450978533030e+09
1.591881451177067041e+09
1.591881451378627062e+09
1.591881451570862055e+09
1.591881451780589104e+09
1.591881451979804993e+09
1.591881452178946018e+09
1.591881452377579927e+09
1.591881452578274965e+09
1.591881452777101994e+09
1.591881452976804972e+09
1.591881453175299883e+09
1.591881453377068043e+09
1.591881453577397108e+09
1.591881453775154114e+09
1.591881453975312948e+09
1.591881454176009893e+09
1.591881454377085924e+09
1.591881454576982975e+09
1.591881454777426004e+09
1.591881454979487896e+09
1.591881455176587105e+09
1.591881455378592014e+09
1.591881455579627037e+09
1.591881455778872013e+09
1.591881455980453968e+09
1.591881456174725056e+09
1.591881456374490976e+09
1.591881456720273972e+09
1.591881456853885889e+09
1.591881457002490044e+09
1.591881457176033020e+09
1.591881457373959064e+09
1.591881457573780060e+09
1.591881457774269104e+09
1.591881457974690914e+09
1.591881458174418926e+09
1.591881458376048088e+09
1.591881458576292992e+09
1.591881458776472092e+09
1.591881458977180004e+09
1.591881459174906969e+09
1.591881459376878023e+09
1.591881459577291012e+09
1.591881459773613930e+09
1.591881459974833965e+09
1.591881460172478914e+09
1.591881471538281918e+09
1.591881471762634993e+09
1.591881471961033106e+09
1.591881472159645081e+09
1.591881472359338045e+09
1.591881472561655045e+09
1.591881472761574984e+09
1.591881472961869955e+09
1.591881473161803961e+09
1.591881473363888025e+09
1.591881473562597036e+09
1.591881473762765884e+09
1.591881473961893082e+09
1.591881474159303904e+09
1.591881474360156059e+09
1.591881474560992002e+09
1.591881474761447906e+09
1.591881474958833933e+09
1.591881475159564972e+09
1.591881475359695911e+09
1.591881475560245991e+09
1.591881475760521889e+09
1.591881475960897923e+09
1.591881476160464048e+09
1.591881476361042023e+09
1.591881476558298111e+09
1.591881476761637926e+09
1.591881477042032957e+09
1.591881477181040049e+09
1.591881477358232021e+09
1.591881477560463905e+09
1.591881477758903980e+09
1.591881477959619999e+09
1.591881478160482883e+09
1.591881478357204914e+09
1.591881478557954073e+09
1.591881478760143042e+09
1.591881478959769964e+09
1.591881479156984091e+09
1.591881479358757019e+09
1.591881479558948040e+09
1.591881479759727955e+09
1.591881479957593918e+09
1.591881480159869909e+09
1.591881480359941959e+09
1.591881480557687044e+09
1.591881480758167982e+09
1.591881480958069086e+09
1.591881481157529116e+09
1.591881492316555977e+09
1.591881492545205116e+09
1.591881492743247032e+09
1.591881492943284988e+09
1.591881493145313978e+09
1.591881493343544960e+09
1.591881493545908928e+09
1.591881493744064093e+09
1.591881493943331957e+09
1.591881494147957087e+09
1.591881494344959974e+09
1.591881494544164896e+09
1.591881494743618965e+09
1.591881494943977118e+09
1.591881495140949965e+09
1.591881495345560074e+09
1.591881495544086933e+09
1.591881495741286039e+09
1.591881495943130970e+09
1.591881496143425941e+09
1.591881496343719959e+09
1.591881496544440985e+09
1.591881496742738962e+09
1.591881496942327976e+09
1.591881497144032001e+09
1.591881497342842102e+09
1.591881497542629004e+09
1.591881497742136002e+09
1.591881497944380999e+09
1.591881498144022942e+09
1.591881498345056057e+09
1.591881498543014050e+09
1.591881498741276979e+09
1.591881498944577932e+09
1.591881499143002987e+09
1.591881499343241930e+09
1.591881499543437004e+09
1.591881499741616964e+09
1.591881499942049980e+09
1.591881500140645027e+09
1.591881500342052937e+09
1.591881500541868925e+09
1.591881500742825985e+09
1.591881500942194939e+09
1.591881501141725063e+09
1.591881501344647884e+09
1.591881501543237925e+09
1.591881501742114067e+09
1.591881501941648006e+09
1.591881502141215086e+09
1.591881513297118902e+09
1.591881513529041052e+09
1.591881513726916075e+09
1.591881513927557945e+09
1.591881514127661943e+09
1.591881514326903105e+09
1.591881514530680895e+09
1.591881514727734089e+09
1.591881514928841114e+09
1.591881515130153894e+09
1.591881515330485106e+09
1.591881515525424004e+09
1.591881515728476048e+09
1.591881515930576086e+09
1.591881516128371954e+09
1.591881516328877926e+09
1.591881516526120901e+09
1.591881516729017019e+09
1.591881516929780006e+09
1.591881517125480890e+09
1.591881517329085112e+09
1.591881517523736954e+09
1.591881517726141930e+09
1.591881517929883957e+09
1.591881518126547098e+09
1.591881518326991081e+09
1.591881518526684999e+09
1.591881518728013039e+09
1.591881518924590111e+09
1.591881519125403881e+09
1.591881519325548887e+09
1.591881519523297071e+09
1.591881519727461100e+09
1.591881519927349091e+09
1.591881520122603893e+09
1.591881520324421883e+09
1.591881520526710987e+09
1.591881520727108955e+09
1.591881520926382065e+09
1.591881521126255989e+09
1.591881521323677063e+09
1.591881521525861979e+09
1.591881521728245974e+09
1.591881521925848007e+09
1.591881522125149965e+09
1.591881522324121952e+09
1.591881522521116972e+09
1.591881522719134092e+09
1.591881522929922104e+09
1.591881523129434109e+09
1.591881534480961084e+09
1.591881534710352898e+09
1.591881534912852049e+09
1.591881535112179995e+09
1.591881535312530994e+09
1.591881535510333061e+09
1.591881535710627079e+09
1.591881535913856030e+09
1.591881536112585068e+09
1.591881536313524961e+09
1.591881536510792017e+09
1.591881536711301088e+09
1.591881536908570051e+09
1.591881537112474918e+09
1.591881537310868979e+09
1.591881537511864901e+09
1.591881537709331989e+09
1.591881538049294949e+09
1.591881538216813087e+09
1.591881538378006935e+09
1.591881538542926073e+09
1.591881538709465027e+09
1.591881538909786940e+09
1.591881539109725952e+09
1.591881539309346914e+09
1.591881539511704922e+09
1.591881539712179899e+09
1.591881539912002087e+09
1.591881540109405041e+09
1.591881540306715965e+09
1.591881540511249065e+09
1.591881540711930990e+09
1.591881540910360098e+09
1.591881541110956907e+09
1.591881541308300972e+09
1.591881541511499882e+09
1.591881541710243940e+09
1.591881541911144972e+09
1.591881542107950926e+09
1.591881542309132099e+09
1.591881542511697054e+09
1.591881542711353064e+09
1.591881543048237085e+09
1.591881543220864058e+09
1.591881543386354923e+09
1.591881543547905922e+09
1.591881543724464893e+09
1.591881543907613993e+09
1.591881544112306118e+09
1.591881555260967016e+09
1.591881555495687008e+09
1.591881555692907095e+09
1.591881555894274950e+09
1.591881556094703913e+09
1.591881556292912006e+09
1.591881556495121956e+09
1.591881556693766117e+09
1.591881556896370888e+09
1.591881557096728086e+09
1.591881557295146942e+09
1.591881557499270916e+09
1.591881557692816973e+09
1.591881557972647905e+09
1.591881558187417984e+09
1.591881558362096071e+09
1.591881558529725075e+09
1.591881558701704025e+09
1.591881558893675089e+09
1.591881559097232103e+09
1.591881559293416023e+09
1.591881559493235111e+09
1.591881559693094969e+09
1.591881559892734051e+09
1.591881560093682051e+09
1.591881560290539026e+09
1.591881560494359970e+09
1.591881560694979906e+09
1.591881560895853043e+09
1.591881561093574047e+09
1.591881561290112019e+09
1.591881561496130943e+09
1.591881561694159031e+09
1.591881561893217087e+09
1.591881562093375921e+09
1.591881562291924953e+09
1.591881562496639967e+09
1.591881562695473909e+09
1.591881562942573071e+09
1.591881563156120062e+09
1.591881563334753036e+09
1.591881563505110979e+09
1.591881563694592953e+09
1.591881563891870975e+09
1.591881564092840910e+09
1.591881564293118954e+09
1.591881564492347956e+09
1.591881564689713001e+09
1.591881564894402981e+09
1.591881565092849016e+09
