1.591692737235764027e+09
1.591692737636805058e+09
1.591692738035314083e+09
1.591692738432826996e+09
1.591692738834394932e+09
1.591692739232227087e+09
1.591692739631788015e+09
1.591692740033946991e+09
1.591692740433363914e+09
1.591692740835360050e+09
1.591692741230427980e+09
1.591692741630021095e+09
1.591692742031296968e+09
1.591692742430135965e+09
1.591692742829948902e+09
1.591692743229504108e+09
1.591692743631463051e+09
1.591692744029263020e+09
1.591692744429152012e+09
1.591692744830472946e+09
1.591692745227345943e+09
1.591692745626694918e+09
1.591692746028629065e+09
1.591692746570339918e+09
1.591692746826497078e+09
1.591692747226377010e+09
1.591692747626286983e+09
1.591692748026185989e+09
1.591692748424134016e+09
1.591692748826061010e+09
1.591692749225943089e+09
1.591692749624236107e+09
1.591692750025727034e+09
1.591692750423580885e+09
1.591692750824964046e+09
1.591692751223486900e+09
1.591692751762773991e+09
1.591692752021632910e+09
1.591692752421370029e+09
1.591692752822580099e+09
1.591692753222217083e+09
1.591692753622888088e+09
1.591692754022104025e+09
1.591692754421519041e+09
1.591692754819571018e+09
1.591692755219717026e+09
1.591692755621184111e+09
1.591692756021146059e+09
1.591692756421061039e+09
1.591692756917434931e+09
1.591692757220417976e+09
1.591692757618732929e+09
1.591692758016580105e+09
1.591692758416754007e+09
1.591692758819339037e+09
1.591692759216295958e+09
1.591692759615813971e+09
1.591692760018043041e+09
1.591692760415766954e+09
1.591692760816627026e+09
1.591692761215188026e+09
1.591692761615461111e+09
1.591692762045428038e+09
1.591692762413676977e+09
1.591692762815248966e+09
1.591692763215466976e+09
1.591692763613054991e+09
1.591692764012042999e+09
1.591692764412600994e+09
1.591692764810352087e+09
1.591692765210285902e+09
1.591692765610213041e+09
1.591692766012598991e+09
1.591692766412355900e+09
1.591692766810249090e+09
1.591692767209464073e+09
1.591692767609970093e+09
1.591692768008999109e+09
1.591692768409405947e+09
1.591692768809890985e+09
1.591692769207637072e+09
1.591692769609669924e+09
1.591692770007771015e+09
1.591692770409632921e+09
1.591692770805321932e+09
1.591692771205270052e+09
1.591692771605063915e+09
1.591692772007510900e+09
1.591692772407511950e+09
1.591692772804796934e+09
1.591692773204746962e+09
1.591692773606904030e+09
1.591692774004570007e+09
1.591692774402435064e+09
1.591692774802308083e+09
1.591692775204334021e+09
1.591692775604191065e+09
1.591692776004107952e+09
1.591692776403939009e+09
1.591692776801817894e+09
1.591692777340778112e+09
1.591692777601713896e+09
1.591692777999778986e+09
1.591692778401813030e+09
1.591692778801655054e+09
1.591692779201417923e+09
1.591692779599246979e+09
1.591692780001275063e+09
1.591692780401483059e+09
1.591692780798975945e+09
1.591692781199002981e+09
1.591692781599379063e+09
1.591692781996857882e+09
1.591692782538204908e+09
1.591692782796370983e+09
1.591692783196135998e+09
1.591692783593929052e+09
1.591692783995982885e+09
1.591692784395936012e+09
1.591692784793917894e+09
1.591692785193902016e+09
1.591692785592961073e+09
1.591692785994333029e+09
1.591692786395512104e+09
1.591692786793482065e+09
1.591692787191287994e+09
1.591692787687341928e+09
1.591692787991086960e+09
1.591692788391055107e+09
1.591692788793361902e+09
1.591692789193090916e+09
1.591692789593729973e+09
1.591692789992166996e+09
1.591692790390786886e+09
1.591692790790975094e+09
1.591692791190607071e+09
1.591692791591358900e+09
1.591692791988565922e+09
1.591692792388446093e+09
1.591692792818532944e+09
1.591692793188361883e+09
1.591692793588742971e+09
1.591692793987838030e+09
1.591692794387696028e+09
1.591692794785525084e+09
1.591692795185539961e+09
1.591692795585877895e+09
1.591692795987346888e+09
1.591692796386113882e+09
1.591692796784288883e+09
