3.919000000000000039e+00
3.919000000000000039e+00
3.919000000000000039e+00
3.919000000000000039e+00
3.919000000000000039e+00
3.919000000000000039e+00
3.919000000000000039e+00
3.919000000000000039e+00
3.919000000000000039e+00
3.919000000000000039e+00
3.919000000000000039e+00
3.919000000000000039e+00
3.919000000000000039e+00
3.919000000000000039e+00
3.919000000000000039e+00
3.919999999999999929e+00
3.919999999999999929e+00
3.919999999999999929e+00
3.919999999999999929e+00
3.919999999999999929e+00
3.919999999999999929e+00
3.919999999999999929e+00
3.919999999999999929e+00
3.919999999999999929e+00
3.919999999999999929e+00
3.919999999999999929e+00
3.919999999999999929e+00
3.919999999999999929e+00
3.919999999999999929e+00
3.919999999999999929e+00
3.919999999999999929e+00
3.919999999999999929e+00
3.919999999999999929e+00
3.919999999999999929e+00
3.919999999999999929e+00
3.919999999999999929e+00
3.919999999999999929e+00
3.919999999999999929e+00
3.919999999999999929e+00
3.919999999999999929e+00
3.919999999999999929e+00
3.919999999999999929e+00
3.919999999999999929e+00
3.919999999999999929e+00
3.919999999999999929e+00
3.920999999999999819e+00
3.920999999999999819e+00
3.947000000000000064e+00
3.947000000000000064e+00
3.947000000000000064e+00
3.947000000000000064e+00
3.947000000000000064e+00
3.947000000000000064e+00
3.947000000000000064e+00
3.947000000000000064e+00
3.947000000000000064e+00
3.947000000000000064e+00
3.947000000000000064e+00
3.947000000000000064e+00
3.947000000000000064e+00
3.947000000000000064e+00
3.947000000000000064e+00
3.947000000000000064e+00
3.947000000000000064e+00
3.947000000000000064e+00
3.947000000000000064e+00
3.947000000000000064e+00
3.947000000000000064e+00
3.947000000000000064e+00
3.947000000000000064e+00
3.947000000000000064e+00
3.947000000000000064e+00
3.947000000000000064e+00
3.947000000000000064e+00
3.947000000000000064e+00
3.947999999999999954e+00
3.948999999999999844e+00
3.950000000000000178e+00
3.951000000000000068e+00
3.951999999999999957e+00
3.954000000000000181e+00
3.955000000000000071e+00
3.955999999999999961e+00
3.956999999999999851e+00
3.958000000000000185e+00
3.959000000000000075e+00
3.959000000000000075e+00
3.959999999999999964e+00
3.959999999999999964e+00
3.960999999999999854e+00
3.960999999999999854e+00
3.962000000000000188e+00
3.962000000000000188e+00
3.963000000000000078e+00
3.963000000000000078e+00
3.963000000000000078e+00
3.963999999999999968e+00
3.963999999999999968e+00
3.964999999999999858e+00
3.964999999999999858e+00
3.964999999999999858e+00
3.964999999999999858e+00
3.964999999999999858e+00
3.964999999999999858e+00
3.964999999999999858e+00
3.964999999999999858e+00
3.964999999999999858e+00
3.964999999999999858e+00
3.964999999999999858e+00
3.964999999999999858e+00
3.964999999999999858e+00
3.964999999999999858e+00
3.964999999999999858e+00
3.964999999999999858e+00
3.964999999999999858e+00
3.964999999999999858e+00
3.964999999999999858e+00
3.964999999999999858e+00
3.964999999999999858e+00
3.964999999999999858e+00
3.964999999999999858e+00
3.964999999999999858e+00
3.964999999999999858e+00
3.964999999999999858e+00
3.966000000000000192e+00
3.966000000000000192e+00
3.966000000000000192e+00
3.992999999999999883e+00
3.992999999999999883e+00
3.992999999999999883e+00
3.992999999999999883e+00
3.992999999999999883e+00
3.992999999999999883e+00
3.992999999999999883e+00
3.992999999999999883e+00
3.992999999999999883e+00
3.992999999999999883e+00
3.992999999999999883e+00
3.992999999999999883e+00
3.992999999999999883e+00
3.992999999999999883e+00
3.992999999999999883e+00
3.992999999999999883e+00
3.992999999999999883e+00
3.992999999999999883e+00
3.992999999999999883e+00
3.992999999999999883e+00
3.992999999999999883e+00
3.992999999999999883e+00
3.992999999999999883e+00
3.992999999999999883e+00
3.992999999999999883e+00
3.992999999999999883e+00
3.992999999999999883e+00
3.992999999999999883e+00
3.994000000000000217e+00
3.994000000000000217e+00
3.994000000000000217e+00
3.994000000000000217e+00
3.994000000000000217e+00
3.994000000000000217e+00
3.994000000000000217e+00
3.994000000000000217e+00
3.994000000000000217e+00
3.994000000000000217e+00
3.994000000000000217e+00
3.994000000000000217e+00
3.994000000000000217e+00
3.994000000000000217e+00
3.994000000000000217e+00
3.994000000000000217e+00
3.994000000000000217e+00
3.994000000000000217e+00
3.994000000000000217e+00
3.994000000000000217e+00
3.994000000000000217e+00
3.994000000000000217e+00
3.994000000000000217e+00
3.994000000000000217e+00
3.994000000000000217e+00
3.994000000000000217e+00
3.994000000000000217e+00
3.994000000000000217e+00
3.994000000000000217e+00
3.994000000000000217e+00
3.994000000000000217e+00
3.994000000000000217e+00
3.994000000000000217e+00
3.994000000000000217e+00
3.994000000000000217e+00
3.994000000000000217e+00
3.994000000000000217e+00
3.994000000000000217e+00
3.994000000000000217e+00
3.994000000000000217e+00
3.994000000000000217e+00
3.994000000000000217e+00
3.994000000000000217e+00
3.994000000000000217e+00
3.994000000000000217e+00
3.994000000000000217e+00
3.994000000000000217e+00
3.994000000000000217e+00
3.994000000000000217e+00
3.994000000000000217e+00
3.994000000000000217e+00
4.022999999999999687e+00
4.022999999999999687e+00
4.024000000000000021e+00
4.025000000000000355e+00
4.024000000000000021e+00
4.022999999999999687e+00
4.022000000000000242e+00
4.020999999999999908e+00
4.022000000000000242e+00
4.022000000000000242e+00
4.022000000000000242e+00
4.022999999999999687e+00
4.022999999999999687e+00
4.022999999999999687e+00
4.022000000000000242e+00
4.022000000000000242e+00
4.020999999999999908e+00
4.020999999999999908e+00
4.020999999999999908e+00
4.019999999999999574e+00
4.019000000000000128e+00
4.019000000000000128e+00
4.017999999999999794e+00
4.017000000000000348e+00
4.016000000000000014e+00
4.016000000000000014e+00
4.014999999999999680e+00
4.016000000000000014e+00
4.014999999999999680e+00
4.016000000000000014e+00
4.016000000000000014e+00
4.016000000000000014e+00
4.016000000000000014e+00
4.016000000000000014e+00
4.016000000000000014e+00
4.016000000000000014e+00
4.016000000000000014e+00
4.016000000000000014e+00
4.016000000000000014e+00
4.014999999999999680e+00
4.014999999999999680e+00
4.014999999999999680e+00
4.014999999999999680e+00
4.016000000000000014e+00
4.016000000000000014e+00
4.016000000000000014e+00
4.016000000000000014e+00
4.016000000000000014e+00
4.016000000000000014e+00
4.049000000000000377e+00
4.049000000000000377e+00
4.049000000000000377e+00
4.049000000000000377e+00
4.049000000000000377e+00
4.049999999999999822e+00
4.049999999999999822e+00
4.051000000000000156e+00
4.051000000000000156e+00
4.051999999999999602e+00
4.051999999999999602e+00
4.051999999999999602e+00
4.051999999999999602e+00
4.051999999999999602e+00
4.051000000000000156e+00
4.051000000000000156e+00
4.051000000000000156e+00
4.051000000000000156e+00
4.049999999999999822e+00
4.049999999999999822e+00
4.049999999999999822e+00
4.049999999999999822e+00
4.049999999999999822e+00
4.049999999999999822e+00
4.049000000000000377e+00
4.049000000000000377e+00
4.049000000000000377e+00
4.049000000000000377e+00
4.049000000000000377e+00
4.049000000000000377e+00
4.049000000000000377e+00
4.049000000000000377e+00
4.048000000000000043e+00
4.048000000000000043e+00
4.048000000000000043e+00
4.048000000000000043e+00
4.048000000000000043e+00
4.048000000000000043e+00
4.048000000000000043e+00
4.048000000000000043e+00
4.048000000000000043e+00
4.048000000000000043e+00
4.048000000000000043e+00
4.048000000000000043e+00
4.048000000000000043e+00
4.048000000000000043e+00
